4 0.665838 0.299874 0.039062 0.059343
6 0.587713 0.505682 0.039062 0.059343
8 0.423651 0.628157 0.039062 0.059343
2 0.895241 0.730429 0.029119 0.051768
8 0.789418 0.291035 0.039062 0.059343
7 0.827060 0.640783 0.039062 0.059343
2 0.524503 0.076389 0.029119 0.051768
8 0.980469 0.315025 0.039062 0.059343
2 0.210582 0.510732 0.029119 0.051768
8 0.085582 0.294823 0.039062 0.059343
8 0.317827 0.369318 0.039062 0.059343
2 0.040128 0.628157 0.029119 0.051768
8 0.929332 0.879419 0.039062 0.059343
5 0.698509 0.053662 0.039062 0.059343
5 0.300071 0.845328 0.039062 0.059343
5 0.148793 0.753157 0.039062 0.059343
8 0.334872 0.561237 0.039062 0.059343
4 0.437145 0.827652 0.039062 0.059343
8 0.475497 0.524621 0.039062 0.059343
2 0.969105 0.157197 0.029119 0.051768
5 0.789418 0.049874 0.039062 0.059343
4 0.212713 0.313763 0.039062 0.059343
7 0.814986 0.967803 0.039062 0.059343
5 0.103338 0.866793 0.039062 0.059343
