4 0.158026 0.510732 0.039062 0.059343
4 0.174361 0.677399 0.039062 0.059343
6 0.579190 0.928662 0.039062 0.059343
4 0.465554 0.068813 0.039062 0.059343
5 0.592685 0.277146 0.039062 0.059343
3 0.851918 0.852904 0.039062 0.059343
5 0.053622 0.293561 0.039062 0.059343
4 0.306463 0.111742 0.039062 0.059343
1 0.305398 0.730429 0.068182 0.077020
7 0.704190 0.677399 0.039062 0.059343
8 0.572798 0.162247 0.039062 0.059343
7 0.477628 0.484217 0.039062 0.059343
8 0.975497 0.964015 0.039062 0.059343
7 0.941406 0.434975 0.039062 0.059343
3 0.351918 0.875631 0.039062 0.059343
6 0.177912 0.852904 0.039062 0.059343
7 0.087713 0.668561 0.039062 0.059343
0 0.553977 0.746843 0.068182 0.077020
5 0.089134 0.943813 0.039062 0.059343
3 0.571378 0.553662 0.039062 0.059343
4 0.296520 0.513258 0.039062 0.059343
8 0.452060 0.885732 0.039062 0.059343
4 0.174361 0.061237 0.039062 0.059343
3 0.927202 0.335227 0.039062 0.059343
4 0.822088 0.169823 0.039062 0.059343
6 0.855469 0.678662 0.039062 0.059343
7 0.432884 0.277146 0.039062 0.059343
1 0.661932 0.477904 0.068182 0.077020
7 0.442827 0.669823 0.039062 0.059343
1 0.708097 0.071338 0.068182 0.077020
5 0.829901 0.532197 0.039062 0.059343
5 0.071378 0.495581 0.039062 0.059343
