2 0.922230 0.245581 0.029119 0.051768
7 0.522372 0.263258 0.039062 0.059343
3 0.104048 0.105429 0.039062 0.059343
1 0.086648 0.748106 0.068182 0.077020
8 0.180043 0.039773 0.039062 0.059343
0 0.928977 0.875631 0.068182 0.077020
3 0.530895 0.658460 0.039062 0.059343
5 0.532315 0.493056 0.039062 0.059343
3 0.156605 0.678662 0.039062 0.059343
5 0.318537 0.767045 0.039062 0.059343
1 0.448864 0.510732 0.068182 0.077020
6 0.781605 0.113005 0.039062 0.059343
0 0.668324 0.258207 0.068182 0.077020
0 0.915483 0.744318 0.068182 0.077020
1 0.214489 0.863005 0.068182 0.077020
0 0.071733 0.482955 0.068182 0.077020
7 0.829190 0.748106 0.039062 0.059343
7 0.430043 0.124369 0.039062 0.059343
3 0.455611 0.948864 0.039062 0.059343
3 0.105469 0.844066 0.039062 0.059343
7 0.648793 0.674874 0.039062 0.059343
4 0.770241 0.508207 0.039062 0.059343
5 0.408026 0.686237 0.039062 0.059343
6 0.586293 0.038510 0.039062 0.059343
6 0.675781 0.870581 0.039062 0.059343
4 0.582741 0.879419 0.039062 0.059343
8 0.672230 0.120581 0.039062 0.059343
