8 0.704901 0.126894 0.039062 0.059343
8 0.792259 0.121843 0.039062 0.059343
3 0.719815 0.763258 0.039062 0.059343
3 0.273082 0.558712 0.039062 0.059343
6 0.675781 0.548611 0.039062 0.059343
7 0.545099 0.908460 0.039062 0.059343
5 0.323509 0.238005 0.039062 0.059343
2 0.843395 0.721591 0.029119 0.051768
6 0.578480 0.150884 0.039062 0.059343
1 0.043324 0.499369 0.068182 0.077020
8 0.173651 0.246843 0.039062 0.059343
1 0.316761 0.933712 0.068182 0.077020
6 0.782315 0.910985 0.039062 0.059343
2 0.942827 0.111742 0.029119 0.051768
6 0.455611 0.128157 0.039062 0.059343
3 0.962003 0.743056 0.039062 0.059343
3 0.337003 0.668561 0.039062 0.059343
0 0.051847 0.714015 0.068182 0.077020
3 0.700639 0.244318 0.039062 0.059343
6 0.038707 0.169823 0.039062 0.059343
3 0.070668 0.856692 0.039062 0.059343
1 0.918324 0.928662 0.068182 0.077020
4 0.910866 0.264520 0.039062 0.059343
2 0.208452 0.684975 0.029119 0.051768
3 0.594105 0.652146 0.039062 0.059343
7 0.938565 0.466540 0.039062 0.059343
3 0.530185 0.354167 0.039062 0.059343
4 0.415128 0.681187 0.039062 0.059343
3 0.845526 0.312500 0.039062 0.059343
8 0.216264 0.097854 0.039062 0.059343
1 0.448864 0.490530 0.068182 0.077020
8 0.179332 0.893308 0.039062 0.059343
7 0.552912 0.457702 0.039062 0.059343
8 0.663707 0.852904 0.039062 0.059343
