7 0.419389 0.532197 0.039062 0.059343
5 0.594105 0.715278 0.039062 0.059343
3 0.480469 0.278409 0.039062 0.059343
4 0.163707 0.688763 0.039062 0.059343
5 0.176491 0.458965 0.039062 0.059343
6 0.459872 0.076389 0.039062 0.059343
4 0.695668 0.447601 0.039062 0.059343
3 0.228338 0.245581 0.039062 0.059343
2 0.292969 0.659722 0.029119 0.051768
2 0.153054 0.066288 0.029119 0.051768
2 0.350497 0.546086 0.029119 0.051768
8 0.944957 0.544823 0.039062 0.059343
5 0.584162 0.115530 0.039062 0.059343
1 0.709517 0.250631 0.068182 0.077020
6 0.660866 0.033460 0.039062 0.059343
2 0.057884 0.830177 0.029119 0.051768
5 0.851918 0.710227 0.039062 0.059343
8 0.197088 0.866793 0.039062 0.059343
1 0.088068 0.349116 0.068182 0.077020
4 0.850497 0.299874 0.039062 0.059343
2 0.520952 0.909722 0.029119 0.051768
2 0.093395 0.518308 0.029119 0.051768
2 0.302912 0.845328 0.029119 0.051768
2 0.027344 0.644571 0.029119 0.051768
3 0.477628 0.880682 0.039062 0.059343
3 0.827770 0.874369 0.039062 0.059343
1 0.568182 0.339015 0.068182 0.077020
3 0.961293 0.908460 0.039062 0.059343
3 0.947798 0.325126 0.039062 0.059343
8 0.069957 0.078914 0.039062 0.059343
0 0.820312 0.508207 0.068182 0.077020
6 0.298651 0.272096 0.039062 0.059343
