0 0.421165 0.345328 0.068182 0.077020
1 0.164773 0.472854 0.068182 0.077020
8 0.823509 0.509470 0.039062 0.059343
2 0.455611 0.682449 0.029119 0.051768
5 0.549361 0.320076 0.039062 0.059343
2 0.790838 0.894571 0.029119 0.051768
1 0.551847 0.553662 0.068182 0.077020
0 0.590199 0.105429 0.068182 0.077020
7 0.529474 0.695076 0.039062 0.059343
6 0.828480 0.634470 0.039062 0.059343
7 0.824929 0.049874 0.039062 0.059343
6 0.084162 0.489268 0.039062 0.059343
5 0.197088 0.246843 0.039062 0.059343
8 0.355469 0.534722 0.039062 0.059343
0 0.184659 0.869318 0.068182 0.077020
6 0.157315 0.039773 0.039062 0.059343
6 0.603338 0.904672 0.039062 0.059343
3 0.904474 0.691288 0.039062 0.059343
3 0.325639 0.916035 0.039062 0.059343
0 0.044744 0.110480 0.068182 0.077020
3 0.151634 0.736742 0.039062 0.059343
7 0.408026 0.511995 0.039062 0.059343
7 0.050071 0.679924 0.039062 0.059343
8 0.922230 0.258207 0.039062 0.059343
4 0.661577 0.139520 0.039062 0.059343
5 0.714134 0.629419 0.039062 0.059343
0 0.920455 0.094066 0.068182 0.077020
5 0.091974 0.836490 0.039062 0.059343
1 0.044744 0.336490 0.068182 0.077020
5 0.344815 0.366793 0.039062 0.059343
8 0.932173 0.440025 0.039062 0.059343
0 0.661932 0.937500 0.068182 0.077020
2 0.294389 0.054924 0.029119 0.051768
1 0.714489 0.312500 0.068182 0.077020
7 0.398793 0.919823 0.039062 0.059343
3 0.427202 0.115530 0.039062 0.059343
7 0.810014 0.335227 0.039062 0.059343
8 0.324219 0.658460 0.039062 0.059343
5 0.705611 0.544823 0.039062 0.059343
