3 0.465554 0.442551 0.039062 0.059343
8 0.068537 0.926136 0.039062 0.059343
0 0.207386 0.299874 0.068182 0.077020
4 0.405895 0.119318 0.039062 0.059343
2 0.217685 0.735480 0.029119 0.051768
8 0.439986 0.731692 0.039062 0.059343
4 0.396662 0.333965 0.039062 0.059343
7 0.575639 0.298611 0.039062 0.059343
8 0.283736 0.532197 0.039062 0.059343
1 0.790483 0.514520 0.068182 0.077020
8 0.319957 0.633207 0.039062 0.059343
7 0.698509 0.958965 0.039062 0.059343
6 0.535866 0.724116 0.039062 0.059343
0 0.463778 0.836490 0.068182 0.077020
3 0.329190 0.885732 0.039062 0.059343
6 0.810724 0.634470 0.039062 0.059343
3 0.078480 0.034722 0.039062 0.059343
7 0.160156 0.094066 0.039062 0.059343
1 0.039062 0.292298 0.068182 0.077020
0 0.674006 0.542298 0.068182 0.077020
8 0.726918 0.056187 0.039062 0.059343
6 0.918679 0.467803 0.039062 0.059343
3 0.687855 0.306187 0.039062 0.059343
4 0.895241 0.846591 0.039062 0.059343
2 0.920810 0.261995 0.029119 0.051768
6 0.716974 0.701389 0.039062 0.059343
2 0.784446 0.308712 0.029119 0.051768
4 0.587003 0.563763 0.039062 0.059343
7 0.849077 0.964015 0.039062 0.059343
5 0.295810 0.357955 0.039062 0.059343
2 0.142401 0.556187 0.029119 0.051768
2 0.552202 0.936237 0.029119 0.051768
2 0.023082 0.479167 0.029119 0.051768
0 0.919744 0.686237 0.068182 0.077020
1 0.044744 0.696338 0.068182 0.077020
1 0.561790 0.089015 0.068182 0.077020
6 0.154474 0.890783 0.039062 0.059343
2 0.283736 0.058712 0.029119 0.051768
