1 0.800426 0.293561 0.068182 0.077020
2 0.854759 0.841540 0.029119 0.051768
1 0.686790 0.889520 0.068182 0.077020
5 0.230469 0.912247 0.039062 0.059343
8 0.812145 0.722854 0.039062 0.059343
6 0.558594 0.131944 0.039062 0.059343
1 0.814631 0.124369 0.068182 0.077020
5 0.520952 0.442551 0.039062 0.059343
7 0.547940 0.953914 0.039062 0.059343
4 0.405895 0.639520 0.039062 0.059343
5 0.669389 0.650884 0.039062 0.059343
7 0.398793 0.445076 0.039062 0.059343
8 0.913707 0.633207 0.039062 0.059343
8 0.160156 0.109217 0.039062 0.059343
7 0.956321 0.966540 0.039062 0.059343
3 0.349077 0.491793 0.039062 0.059343
1 0.553267 0.741793 0.068182 0.077020
1 0.547585 0.330177 0.068182 0.077020
3 0.272372 0.054924 0.039062 0.059343
2 0.414418 0.256944 0.029119 0.051768
6 0.045810 0.686237 0.039062 0.059343
3 0.715554 0.559975 0.039062 0.059343
1 0.284091 0.895833 0.068182 0.077020
