4 0.923651 0.750631 0.039062 0.059343
8 0.197088 0.265783 0.039062 0.059343
0 0.160511 0.647096 0.068182 0.077020
4 0.802912 0.659722 0.039062 0.059343
0 0.311790 0.260732 0.068182 0.077020
2 0.080611 0.681187 0.029119 0.051768
6 0.054332 0.159722 0.039062 0.059343
3 0.665128 0.839015 0.039062 0.059343
7 0.427912 0.254419 0.039062 0.059343
7 0.942116 0.912247 0.039062 0.059343
7 0.724077 0.639520 0.039062 0.059343
7 0.541548 0.369318 0.039062 0.059343
6 0.452770 0.094066 0.039062 0.059343
8 0.401634 0.442551 0.039062 0.059343
5 0.229048 0.038510 0.039062 0.059343
1 0.965199 0.489268 0.068182 0.077020
7 0.036577 0.534722 0.039062 0.059343
2 0.723366 0.073864 0.029119 0.051768
7 0.287997 0.642045 0.039062 0.059343
2 0.087713 0.369318 0.029119 0.051768
8 0.827060 0.160985 0.039062 0.059343
5 0.209872 0.504419 0.039062 0.059343
