1 0.814631 0.470328 0.068182 0.077020
3 0.435724 0.148359 0.039062 0.059343
7 0.903054 0.474116 0.039062 0.059343
7 0.195668 0.958965 0.039062 0.059343
8 0.307884 0.351641 0.039062 0.059343
7 0.144531 0.708965 0.039062 0.059343
0 0.536932 0.077652 0.068182 0.077020
5 0.579190 0.447601 0.039062 0.059343
2 0.024503 0.662247 0.029119 0.051768
8 0.442827 0.438763 0.039062 0.059343
6 0.164418 0.466540 0.039062 0.059343
2 0.175071 0.306187 0.029119 0.051768
2 0.216264 0.115530 0.029119 0.051768
7 0.060014 0.301136 0.039062 0.059343
7 0.039418 0.087753 0.039062 0.059343
4 0.683594 0.162247 0.039062 0.059343
5 0.416548 0.890783 0.039062 0.059343
7 0.310724 0.914773 0.039062 0.059343
6 0.926491 0.888258 0.039062 0.059343
4 0.847656 0.263258 0.039062 0.059343
8 0.024503 0.869318 0.039062 0.059343
1 0.803267 0.643308 0.068182 0.077020
