8 0.655895 0.889520 0.039062 0.059343
8 0.278764 0.688763 0.039062 0.059343
4 0.554332 0.527146 0.039062 0.059343
0 0.681818 0.155934 0.068182 0.077020
1 0.052557 0.136995 0.068182 0.077020
4 0.167259 0.958965 0.039062 0.059343
2 0.819247 0.037247 0.029119 0.051768
8 0.307884 0.486742 0.039062 0.059343
8 0.542259 0.720328 0.039062 0.059343
1 0.417614 0.246843 0.068182 0.077020
0 0.335938 0.307449 0.068182 0.077020
7 0.520952 0.135732 0.039062 0.059343
3 0.671520 0.475379 0.039062 0.059343
6 0.979048 0.109217 0.039062 0.059343
4 0.524503 0.349116 0.039062 0.059343
5 0.030895 0.634470 0.039062 0.059343
5 0.395952 0.130682 0.039062 0.059343
5 0.459872 0.725379 0.039062 0.059343
8 0.665128 0.628157 0.039062 0.059343
6 0.783736 0.493056 0.039062 0.059343
6 0.853338 0.857955 0.039062 0.059343
7 0.150213 0.659722 0.039062 0.059343
6 0.175071 0.277146 0.039062 0.059343
7 0.722656 0.307449 0.039062 0.059343
7 0.459872 0.484217 0.039062 0.059343
5 0.960582 0.285985 0.039062 0.059343
