0 0.925426 0.852904 0.068182 0.077020
2 0.209162 0.330177 0.029119 0.051768
4 0.414418 0.543561 0.039062 0.059343
6 0.183594 0.837753 0.039062 0.059343
5 0.560014 0.956439 0.039062 0.059343
0 0.676136 0.903409 0.068182 0.077020
6 0.159446 0.083965 0.039062 0.059343
5 0.331321 0.460227 0.039062 0.059343
4 0.601207 0.525884 0.039062 0.059343
4 0.569957 0.363005 0.039062 0.059343
4 0.793679 0.964015 0.039062 0.059343
5 0.091974 0.130682 0.039062 0.059343
5 0.333452 0.292298 0.039062 0.059343
1 0.696733 0.268308 0.068182 0.077020
0 0.305398 0.690025 0.068182 0.077020
8 0.431463 0.333965 0.039062 0.059343
0 0.291193 0.840278 0.068182 0.077020
3 0.939986 0.057449 0.039062 0.059343
4 0.519531 0.716540 0.039062 0.059343
1 0.427557 0.073864 0.068182 0.077020
4 0.827060 0.476641 0.039062 0.059343
6 0.067827 0.552399 0.039062 0.059343
8 0.932173 0.283460 0.039062 0.059343
1 0.309659 0.054924 0.068182 0.077020
2 0.045099 0.851641 0.029119 0.051768
0 0.167614 0.652146 0.068182 0.077020
5 0.814276 0.350379 0.039062 0.059343
6 0.098366 0.312500 0.039062 0.059343
5 0.665128 0.452652 0.039062 0.059343
