4 0.434304 0.946338 0.039062 0.059343
2 0.715554 0.736742 0.029119 0.051768
4 0.962713 0.096591 0.039062 0.059343
1 0.933949 0.288510 0.068182 0.077020
6 0.832031 0.864268 0.039062 0.059343
1 0.813210 0.239268 0.068182 0.077020
8 0.269531 0.105429 0.039062 0.059343
5 0.602628 0.562500 0.039062 0.059343
1 0.703125 0.869318 0.068182 0.077020
5 0.082031 0.106692 0.039062 0.059343
3 0.949219 0.828914 0.039062 0.059343
0 0.301136 0.711490 0.068182 0.077020
2 0.779474 0.436237 0.029119 0.051768
2 0.142401 0.537247 0.029119 0.051768
5 0.945668 0.668561 0.039062 0.059343
7 0.464134 0.677399 0.039062 0.059343
2 0.719105 0.308712 0.029119 0.051768
0 0.075284 0.916035 0.068182 0.077020
7 0.427912 0.508207 0.039062 0.059343
4 0.584872 0.710227 0.039062 0.059343
2 0.212003 0.111742 0.029119 0.051768
0 0.665483 0.451389 0.068182 0.077020
4 0.847656 0.756944 0.039062 0.059343
4 0.323509 0.457702 0.039062 0.059343
3 0.036577 0.644571 0.039062 0.059343
8 0.471946 0.230429 0.039062 0.059343
4 0.476207 0.042298 0.039062 0.059343
2 0.821378 0.056187 0.029119 0.051768
7 0.175781 0.673611 0.039062 0.059343
8 0.094815 0.264520 0.039062 0.059343
5 0.705611 0.048611 0.039062 0.059343
6 0.214844 0.856692 0.039062 0.059343
