5 0.717685 0.755682 0.039062 0.059343
8 0.321378 0.429924 0.039062 0.059343
2 0.788707 0.638258 0.029119 0.051768
3 0.194957 0.940025 0.039062 0.059343
3 0.815696 0.232955 0.039062 0.059343
1 0.300426 0.289773 0.068182 0.077020
0 0.673295 0.942551 0.068182 0.077020
8 0.522372 0.498106 0.039062 0.059343
7 0.912997 0.139520 0.039062 0.059343
8 0.910866 0.254419 0.039062 0.059343
1 0.911222 0.476641 0.068182 0.077020
7 0.854048 0.859217 0.039062 0.059343
3 0.444247 0.719066 0.039062 0.059343
7 0.020241 0.169823 0.039062 0.059343
6 0.840554 0.493056 0.039062 0.059343
4 0.412287 0.058712 0.039062 0.059343
8 0.550071 0.690025 0.039062 0.059343
8 0.278764 0.078914 0.039062 0.059343
5 0.697798 0.355429 0.039062 0.059343
1 0.568182 0.933712 0.068182 0.077020
5 0.894531 0.716540 0.039062 0.059343
7 0.198509 0.317551 0.039062 0.059343
5 0.022372 0.948864 0.039062 0.059343
0 0.075994 0.658460 0.068182 0.077020
1 0.309659 0.910985 0.068182 0.077020
0 0.674006 0.477904 0.068182 0.077020
4 0.589844 0.115530 0.039062 0.059343
4 0.457031 0.239268 0.039062 0.059343
2 0.194247 0.552399 0.029119 0.051768
1 0.056108 0.311237 0.068182 0.077020
8 0.331321 0.658460 0.039062 0.059343
