7 0.560014 0.078914 0.039062 0.059343
6 0.531605 0.568813 0.039062 0.059343
6 0.839844 0.336490 0.039062 0.059343
3 0.053622 0.514520 0.039062 0.059343
3 0.270952 0.150884 0.039062 0.059343
2 0.040128 0.253157 0.029119 0.051768
4 0.937855 0.711490 0.039062 0.059343
3 0.304332 0.841540 0.039062 0.059343
5 0.470526 0.336490 0.039062 0.059343
0 0.184659 0.315025 0.068182 0.077020
7 0.854048 0.529672 0.039062 0.059343
2 0.735440 0.514520 0.029119 0.051768
1 0.945312 0.876894 0.068182 0.077020
3 0.567827 0.936237 0.039062 0.059343
6 0.589844 0.335227 0.039062 0.059343
4 0.440696 0.523359 0.039062 0.059343
1 0.659091 0.698864 0.068182 0.077020
5 0.832031 0.860480 0.039062 0.059343
0 0.463068 0.937500 0.068182 0.077020
5 0.293679 0.355429 0.039062 0.059343
4 0.091264 0.888258 0.039062 0.059343
3 0.315696 0.715278 0.039062 0.059343
4 0.180753 0.863005 0.039062 0.059343
0 0.177557 0.147096 0.068182 0.077020
8 0.447088 0.120581 0.039062 0.059343
1 0.550426 0.717803 0.068182 0.077020
4 0.665838 0.083965 0.039062 0.059343
0 0.708807 0.287247 0.068182 0.077020
4 0.317116 0.538510 0.039062 0.059343
3 0.855469 0.049874 0.039062 0.059343
2 0.176491 0.706439 0.029119 0.051768
0 0.803267 0.636995 0.068182 0.077020
7 0.898082 0.494318 0.039062 0.059343
0 0.051136 0.065025 0.068182 0.077020
