6 0.454901 0.250631 0.039062 0.059343
7 0.925071 0.563763 0.039062 0.059343
0 0.917614 0.131944 0.068182 0.077020
3 0.325639 0.883207 0.039062 0.059343
2 0.197798 0.525884 0.029119 0.051768
6 0.951349 0.763258 0.039062 0.059343
0 0.333097 0.659722 0.068182 0.077020
4 0.791548 0.058712 0.039062 0.059343
3 0.680043 0.509470 0.039062 0.059343
5 0.709162 0.693813 0.039062 0.059343
5 0.033736 0.066288 0.039062 0.059343
5 0.470526 0.717803 0.039062 0.059343
7 0.060724 0.434975 0.039062 0.059343
6 0.530895 0.921086 0.039062 0.059343
3 0.042969 0.744318 0.039062 0.059343
3 0.344815 0.441288 0.039062 0.059343
4 0.585582 0.302399 0.039062 0.059343
0 0.964489 0.957702 0.068182 0.077020
2 0.851918 0.309975 0.029119 0.051768
3 0.319247 0.309975 0.039062 0.059343
3 0.298651 0.145833 0.039062 0.059343
3 0.803622 0.447601 0.039062 0.059343
1 0.410511 0.076389 0.068182 0.077020
1 0.686080 0.941288 0.068182 0.077020
1 0.678267 0.041035 0.068182 0.077020
0 0.168324 0.144571 0.068182 0.077020
2 0.106889 0.831439 0.029119 0.051768
8 0.159446 0.248106 0.039062 0.059343
4 0.854759 0.691288 0.039062 0.059343
7 0.472656 0.429924 0.039062 0.059343
5 0.585582 0.057449 0.039062 0.059343
6 0.730469 0.315025 0.039062 0.059343
1 0.085938 0.356692 0.068182 0.077020
8 0.431463 0.827652 0.039062 0.059343
5 0.205611 0.719066 0.039062 0.059343
5 0.226207 0.907197 0.039062 0.059343
3 0.530895 0.697601 0.039062 0.059343
1 0.578125 0.447601 0.068182 0.077020
