4 0.331321 0.109217 0.039062 0.059343
2 0.317116 0.717803 0.029119 0.051768
0 0.681818 0.878157 0.068182 0.077020
8 0.969815 0.943813 0.039062 0.059343
0 0.833807 0.331439 0.068182 0.077020
0 0.294744 0.942551 0.068182 0.077020
5 0.166548 0.533460 0.039062 0.059343
3 0.444957 0.760732 0.039062 0.059343
3 0.187855 0.317551 0.039062 0.059343
3 0.650923 0.730429 0.039062 0.059343
4 0.324219 0.336490 0.039062 0.059343
7 0.936435 0.488005 0.039062 0.059343
6 0.040838 0.131944 0.039062 0.059343
3 0.677912 0.058712 0.039062 0.059343
5 0.968395 0.063763 0.039062 0.059343
5 0.537997 0.083965 0.039062 0.059343
4 0.437855 0.125631 0.039062 0.059343
5 0.832741 0.129419 0.039062 0.059343
8 0.103338 0.476641 0.039062 0.059343
1 0.708807 0.527146 0.068182 0.077020
7 0.520952 0.931187 0.039062 0.059343
2 0.804332 0.950126 0.029119 0.051768
1 0.078835 0.678662 0.068182 0.077020
8 0.472656 0.340278 0.039062 0.059343
6 0.565696 0.273359 0.039062 0.059343
2 0.061435 0.871843 0.029119 0.051768
3 0.069957 0.313763 0.039062 0.059343
5 0.923651 0.750631 0.039062 0.059343
8 0.464134 0.966540 0.039062 0.059343
8 0.567116 0.695076 0.039062 0.059343
1 0.413352 0.467803 0.068182 0.077020
5 0.558594 0.469066 0.039062 0.059343
2 0.287997 0.489268 0.029119 0.051768
6 0.770952 0.710227 0.039062 0.059343
1 0.166193 0.719066 0.068182 0.077020
2 0.232599 0.825126 0.029119 0.051768
8 0.148082 0.029672 0.039062 0.059343
6 0.841974 0.517045 0.039062 0.059343
5 0.926491 0.356692 0.039062 0.059343
