5 0.672230 0.905934 0.039062 0.059343
5 0.844815 0.152146 0.039062 0.059343
7 0.042969 0.269571 0.039062 0.059343
3 0.224077 0.909722 0.039062 0.059343
3 0.092685 0.753157 0.039062 0.059343
4 0.599077 0.485480 0.039062 0.059343
6 0.919389 0.104167 0.039062 0.059343
8 0.289418 0.263258 0.039062 0.059343
8 0.787287 0.635732 0.039062 0.059343
5 0.155185 0.450126 0.039062 0.059343
3 0.921520 0.633207 0.039062 0.059343
1 0.079545 0.461490 0.068182 0.077020
7 0.468395 0.831439 0.039062 0.059343
3 0.338423 0.933712 0.039062 0.059343
3 0.333452 0.754419 0.039062 0.059343
2 0.078480 0.145833 0.029119 0.051768
6 0.559304 0.693813 0.039062 0.059343
4 0.727628 0.530934 0.039062 0.059343
3 0.717685 0.634470 0.039062 0.059343
8 0.650213 0.121843 0.039062 0.059343
7 0.313565 0.447601 0.039062 0.059343
3 0.895952 0.471591 0.039062 0.059343
7 0.902344 0.903409 0.039062 0.059343
5 0.917969 0.232955 0.039062 0.059343
1 0.411222 0.645833 0.068182 0.077020
5 0.159446 0.336490 0.039062 0.059343
4 0.702770 0.273359 0.039062 0.059343
4 0.182173 0.707702 0.039062 0.059343
3 0.283026 0.158460 0.039062 0.059343
0 0.206676 0.095328 0.068182 0.077020
3 0.530895 0.952652 0.039062 0.059343
3 0.841264 0.528409 0.039062 0.059343
8 0.851918 0.886995 0.039062 0.059343
