1 0.205256 0.936237 0.068182 0.077020
0 0.180398 0.272096 0.068182 0.077020
7 0.323509 0.832702 0.039062 0.059343
7 0.706321 0.136995 0.039062 0.059343
8 0.070668 0.363005 0.039062 0.059343
2 0.187145 0.696338 0.029119 0.051768
6 0.574219 0.283460 0.039062 0.059343
0 0.692472 0.326389 0.068182 0.077020
2 0.204190 0.105429 0.029119 0.051768
5 0.182173 0.558712 0.039062 0.059343
5 0.408026 0.347854 0.039062 0.059343
7 0.072798 0.677399 0.039062 0.059343
8 0.724787 0.710227 0.039062 0.059343
5 0.524503 0.057449 0.039062 0.059343
3 0.827770 0.534722 0.039062 0.059343
4 0.432173 0.041035 0.039062 0.059343
3 0.446378 0.700126 0.039062 0.059343
1 0.548295 0.756944 0.068182 0.077020
4 0.080611 0.892045 0.039062 0.059343
2 0.642401 0.546086 0.029119 0.051768
3 0.278764 0.715278 0.039062 0.059343
4 0.939986 0.086490 0.039062 0.059343
8 0.098366 0.520833 0.039062 0.059343
6 0.446378 0.547348 0.039062 0.059343
7 0.567116 0.462753 0.039062 0.059343
0 0.814631 0.333965 0.068182 0.077020
6 0.967685 0.258207 0.039062 0.059343
0 0.959517 0.927399 0.068182 0.077020
1 0.085227 0.113005 0.068182 0.077020
7 0.425781 0.898359 0.039062 0.059343
3 0.327770 0.062500 0.039062 0.059343
4 0.811435 0.091540 0.039062 0.059343
6 0.900923 0.553662 0.039062 0.059343
7 0.720526 0.924874 0.039062 0.059343
3 0.274503 0.482955 0.039062 0.059343
5 0.337003 0.341540 0.039062 0.059343
0 0.832386 0.941288 0.068182 0.077020
5 0.537997 0.966540 0.039062 0.059343
0 0.916193 0.647096 0.068182 0.077020
