0 0.083807 0.869318 0.068182 0.077020
0 0.289773 0.860480 0.068182 0.077020
5 0.410866 0.679924 0.039062 0.059343
2 0.733310 0.749369 0.029119 0.051768
0 0.192472 0.448864 0.068182 0.077020
8 0.321378 0.659722 0.039062 0.059343
6 0.423651 0.038510 0.039062 0.059343
2 0.959872 0.308712 0.029119 0.051768
6 0.453480 0.533460 0.039062 0.059343
8 0.569957 0.293561 0.039062 0.059343
3 0.583452 0.456439 0.039062 0.059343
1 0.925426 0.107955 0.068182 0.077020
5 0.337713 0.494318 0.039062 0.059343
7 0.926491 0.663510 0.039062 0.059343
4 0.430753 0.301136 0.039062 0.059343
8 0.653764 0.089015 0.039062 0.059343
8 0.927202 0.964015 0.039062 0.059343
4 0.178622 0.916035 0.039062 0.059343
3 0.685724 0.524621 0.039062 0.059343
6 0.220526 0.269571 0.039062 0.059343
8 0.084872 0.110480 0.039062 0.059343
3 0.828480 0.451389 0.039062 0.059343
4 0.649503 0.241793 0.039062 0.059343
4 0.145952 0.643308 0.039062 0.059343
7 0.819247 0.950126 0.039062 0.059343
0 0.446023 0.881944 0.068182 0.077020
8 0.062855 0.432449 0.039062 0.059343
7 0.104048 0.664773 0.039062 0.059343
8 0.228338 0.143308 0.039062 0.059343
6 0.537997 0.035985 0.039062 0.059343
4 0.029474 0.350379 0.039062 0.059343
6 0.280895 0.244318 0.039062 0.059343
