4 0.041548 0.899621 0.039062 0.059343
2 0.690696 0.900884 0.029119 0.051768
3 0.655185 0.335227 0.039062 0.059343
1 0.168324 0.936237 0.068182 0.077020
3 0.225497 0.634470 0.039062 0.059343
3 0.530895 0.828914 0.039062 0.059343
3 0.078480 0.750631 0.039062 0.059343
4 0.681463 0.480429 0.039062 0.059343
3 0.964844 0.677399 0.039062 0.059343
3 0.099077 0.323864 0.039062 0.059343
7 0.550781 0.313763 0.039062 0.059343
5 0.542969 0.644571 0.039062 0.059343
8 0.897372 0.054924 0.039062 0.059343
7 0.521662 0.568813 0.039062 0.059343
8 0.479759 0.870581 0.039062 0.059343
1 0.834517 0.259470 0.068182 0.077020
3 0.715554 0.716540 0.039062 0.059343
2 0.915838 0.264520 0.029119 0.051768
2 0.655895 0.087753 0.029119 0.051768
3 0.923651 0.491793 0.039062 0.059343
6 0.101918 0.105429 0.039062 0.059343
7 0.194957 0.333965 0.039062 0.059343
5 0.452060 0.251894 0.039062 0.059343
2 0.334872 0.321338 0.029119 0.051768
6 0.854759 0.681187 0.039062 0.059343
