3 0.566406 0.895833 0.039062 0.059343
6 0.950639 0.070076 0.039062 0.059343
1 0.579545 0.320076 0.068182 0.077020
3 0.813565 0.077652 0.039062 0.059343
4 0.156605 0.565025 0.039062 0.059343
5 0.702060 0.873106 0.039062 0.059343
6 0.933594 0.321338 0.039062 0.059343
4 0.954190 0.429924 0.039062 0.059343
3 0.703480 0.682449 0.039062 0.059343
0 0.340199 0.878157 0.068182 0.077020
6 0.465554 0.364268 0.039062 0.059343
1 0.331676 0.062500 0.068182 0.077020
0 0.960227 0.642045 0.068182 0.077020
3 0.038707 0.364268 0.039062 0.059343
4 0.417259 0.530934 0.039062 0.059343
2 0.231179 0.239268 0.029119 0.051768
4 0.475497 0.855429 0.039062 0.059343
5 0.593395 0.053662 0.039062 0.059343
2 0.318537 0.565025 0.029119 0.051768
5 0.546520 0.739268 0.039062 0.059343
4 0.707741 0.303662 0.039062 0.059343
7 0.181463 0.652146 0.039062 0.059343
6 0.914418 0.899621 0.039062 0.059343
3 0.320668 0.767045 0.039062 0.059343
