0 0.337358 0.306187 0.068182 0.077020
3 0.407315 0.354167 0.039062 0.059343
8 0.959872 0.163510 0.039062 0.059343
8 0.083452 0.636995 0.039062 0.059343
3 0.041548 0.437500 0.039062 0.059343
7 0.040128 0.265783 0.039062 0.059343
3 0.435014 0.121843 0.039062 0.059343
8 0.278764 0.950126 0.039062 0.059343
1 0.555398 0.272096 0.068182 0.077020
6 0.834872 0.106692 0.039062 0.059343
5 0.069247 0.945076 0.039062 0.059343
7 0.938565 0.875631 0.039062 0.059343
7 0.185724 0.351641 0.039062 0.059343
8 0.690696 0.721591 0.039062 0.059343
7 0.278054 0.671086 0.039062 0.059343
2 0.667259 0.331439 0.029119 0.051768
8 0.432884 0.743056 0.039062 0.059343
2 0.037287 0.075126 0.029119 0.051768
7 0.726207 0.043561 0.039062 0.059343
3 0.172230 0.063763 0.039062 0.059343
2 0.476918 0.447601 0.029119 0.051768
0 0.340909 0.486742 0.068182 0.077020
8 0.437145 0.955177 0.039062 0.059343
5 0.955611 0.734217 0.039062 0.059343
8 0.796520 0.765783 0.039062 0.059343
0 0.692472 0.556187 0.068182 0.077020
5 0.530895 0.523359 0.039062 0.059343
1 0.806818 0.899621 0.068182 0.077020
5 0.199929 0.932449 0.039062 0.059343
2 0.194957 0.753157 0.029119 0.051768
