5 0.551491 0.121843 0.039062 0.059343
2 0.348366 0.943813 0.029119 0.051768
1 0.164062 0.952652 0.068182 0.077020
4 0.964134 0.568813 0.039062 0.059343
3 0.679332 0.511995 0.039062 0.059343
6 0.184304 0.566288 0.039062 0.059343
0 0.412642 0.126894 0.068182 0.077020
7 0.969815 0.735480 0.039062 0.059343
6 0.444247 0.308712 0.039062 0.059343
2 0.527344 0.647096 0.029119 0.051768
2 0.414418 0.558712 0.029119 0.051768
0 0.325284 0.638258 0.068182 0.077020
0 0.189631 0.128157 0.068182 0.077020
7 0.712003 0.351641 0.039062 0.059343
2 0.312145 0.428662 0.029119 0.051768
0 0.541903 0.360480 0.068182 0.077020
6 0.084872 0.261995 0.039062 0.059343
1 0.828835 0.475379 0.068182 0.077020
0 0.935369 0.287247 0.068182 0.077020
7 0.726207 0.049874 0.039062 0.059343
3 0.801491 0.684975 0.039062 0.059343
3 0.921520 0.083965 0.039062 0.059343
1 0.703835 0.878157 0.068182 0.077020
5 0.652344 0.634470 0.039062 0.059343
4 0.531605 0.932449 0.039062 0.059343
2 0.334162 0.043561 0.029119 0.051768
7 0.457031 0.912247 0.039062 0.059343
1 0.203835 0.330177 0.068182 0.077020
0 0.064631 0.549874 0.068182 0.077020
7 0.035156 0.697601 0.039062 0.059343
4 0.071378 0.065025 0.039062 0.059343
8 0.807173 0.346591 0.039062 0.059343
2 0.047940 0.940025 0.029119 0.051768
7 0.402344 0.643308 0.039062 0.059343
8 0.849077 0.116793 0.039062 0.059343
2 0.229048 0.702652 0.029119 0.051768
1 0.558239 0.539773 0.068182 0.077020
8 0.823509 0.869318 0.039062 0.059343
1 0.286222 0.359217 0.068182 0.077020
3 0.932884 0.951389 0.039062 0.059343
