0 0.797585 0.331439 0.068182 0.077020
0 0.664062 0.274621 0.068182 0.077020
0 0.541903 0.063763 0.068182 0.077020
8 0.086293 0.057449 0.039062 0.059343
6 0.322798 0.840278 0.039062 0.059343
8 0.084162 0.568813 0.039062 0.059343
3 0.895952 0.736742 0.039062 0.059343
8 0.702770 0.044823 0.039062 0.059343
4 0.444957 0.456439 0.039062 0.059343
7 0.464134 0.159722 0.039062 0.059343
1 0.291193 0.455177 0.068182 0.077020
0 0.324574 0.345328 0.068182 0.077020
8 0.148082 0.320076 0.039062 0.059343
3 0.554332 0.852904 0.039062 0.059343
0 0.811790 0.481692 0.068182 0.077020
2 0.957741 0.109217 0.029119 0.051768
7 0.471946 0.735480 0.039062 0.059343
7 0.454190 0.316288 0.039062 0.059343
3 0.526634 0.686237 0.039062 0.059343
0 0.679688 0.919823 0.068182 0.077020
7 0.830611 0.908460 0.039062 0.059343
4 0.321378 0.649621 0.039062 0.059343
8 0.091264 0.681187 0.039062 0.059343
3 0.712713 0.688763 0.039062 0.059343
7 0.547940 0.327652 0.039062 0.059343
5 0.211293 0.841540 0.039062 0.059343
8 0.600497 0.482955 0.039062 0.059343
2 0.942827 0.897096 0.029119 0.051768
5 0.162287 0.128157 0.039062 0.059343
0 0.054688 0.932449 0.068182 0.077020
4 0.052912 0.298611 0.039062 0.059343
1 0.159801 0.678662 0.068182 0.077020
6 0.972656 0.485480 0.039062 0.059343
8 0.287997 0.057449 0.039062 0.059343
3 0.693537 0.534722 0.039062 0.059343
