4 0.854048 0.738005 0.039062 0.059343
5 0.395241 0.278409 0.039062 0.059343
2 0.458452 0.541035 0.029119 0.051768
3 0.229048 0.523359 0.039062 0.059343
2 0.859020 0.082702 0.029119 0.051768
7 0.103338 0.272096 0.039062 0.059343
8 0.907315 0.914773 0.039062 0.059343
4 0.599787 0.347854 0.039062 0.059343
3 0.567116 0.499369 0.039062 0.059343
2 0.979048 0.297348 0.029119 0.051768
1 0.705966 0.686237 0.068182 0.077020
3 0.922230 0.552399 0.039062 0.059343
0 0.051136 0.744318 0.068182 0.077020
0 0.426136 0.124369 0.068182 0.077020
2 0.823509 0.905934 0.029119 0.051768
8 0.692116 0.356692 0.039062 0.059343
1 0.559659 0.046086 0.068182 0.077020
4 0.103338 0.929924 0.039062 0.059343
1 0.541193 0.881944 0.068182 0.077020
7 0.158026 0.044823 0.039062 0.059343
5 0.310014 0.552399 0.039062 0.059343
5 0.210582 0.677399 0.039062 0.059343
7 0.712713 0.937500 0.039062 0.059343
2 0.308594 0.663510 0.029119 0.051768
0 0.678267 0.538510 0.068182 0.077020
1 0.286932 0.243056 0.068182 0.077020
0 0.332386 0.092803 0.068182 0.077020
4 0.573509 0.705177 0.039062 0.059343
2 0.356889 0.884470 0.029119 0.051768
3 0.187855 0.879419 0.039062 0.059343
1 0.807528 0.548611 0.068182 0.077020
4 0.101207 0.558712 0.039062 0.059343
3 0.449219 0.657197 0.039062 0.059343
4 0.084162 0.129419 0.039062 0.059343
3 0.216264 0.268308 0.039062 0.059343
