1 0.711648 0.102904 0.068182 0.077020
7 0.103338 0.479167 0.039062 0.059343
6 0.452060 0.828914 0.039062 0.059343
8 0.214844 0.460227 0.039062 0.059343
2 0.144531 0.846591 0.029119 0.051768
5 0.895241 0.855429 0.039062 0.059343
4 0.023082 0.869318 0.039062 0.059343
2 0.776634 0.769571 0.029119 0.051768
8 0.156605 0.711490 0.039062 0.059343
5 0.061435 0.256944 0.039062 0.059343
5 0.574219 0.542298 0.039062 0.059343
0 0.953835 0.096591 0.068182 0.077020
5 0.270241 0.645833 0.039062 0.059343
3 0.927202 0.364268 0.039062 0.059343
4 0.067116 0.735480 0.039062 0.059343
5 0.463423 0.267045 0.039062 0.059343
2 0.535866 0.638258 0.029119 0.051768
1 0.823153 0.505682 0.068182 0.077020
3 0.820668 0.136995 0.039062 0.059343
4 0.341264 0.038510 0.039062 0.059343
0 0.789062 0.885732 0.068182 0.077020
5 0.459872 0.104167 0.039062 0.059343
0 0.164773 0.089015 0.068182 0.077020
0 0.435369 0.678662 0.068182 0.077020
6 0.689276 0.517045 0.039062 0.059343
7 0.795099 0.235480 0.039062 0.059343
5 0.432884 0.480429 0.039062 0.059343
2 0.940696 0.715278 0.029119 0.051768
0 0.537642 0.054924 0.068182 0.077020
0 0.708097 0.950126 0.068182 0.077020
0 0.558239 0.854167 0.068182 0.077020
