2 0.650923 0.884470 0.029119 0.051768
5 0.571378 0.533460 0.039062 0.059343
4 0.432173 0.904672 0.039062 0.059343
3 0.650213 0.359217 0.039062 0.059343
2 0.190696 0.659722 0.029119 0.051768
4 0.563565 0.354167 0.039062 0.059343
7 0.531605 0.676136 0.039062 0.059343
5 0.072088 0.130682 0.039062 0.059343
1 0.317472 0.340278 0.068182 0.077020
8 0.192116 0.138258 0.039062 0.059343
0 0.561080 0.157197 0.068182 0.077020
6 0.334872 0.058712 0.039062 0.059343
5 0.962713 0.554924 0.039062 0.059343
6 0.276634 0.869318 0.039062 0.059343
7 0.047230 0.291035 0.039062 0.059343
0 0.298295 0.676136 0.068182 0.077020
5 0.096236 0.835227 0.039062 0.059343
7 0.437145 0.654672 0.039062 0.059343
8 0.948509 0.921086 0.039062 0.059343
3 0.402344 0.523359 0.039062 0.059343
2 0.390270 0.259470 0.029119 0.051768
2 0.807173 0.446338 0.029119 0.051768
1 0.674716 0.479167 0.068182 0.077020
1 0.798295 0.741793 0.068182 0.077020
3 0.213423 0.336490 0.039062 0.059343
1 0.684659 0.648359 0.068182 0.077020
4 0.772372 0.076389 0.039062 0.059343
3 0.285866 0.476641 0.039062 0.059343
6 0.895241 0.688763 0.039062 0.059343
