2 0.517401 0.635732 0.029119 0.051768
5 0.292259 0.503157 0.039062 0.059343
1 0.713778 0.240530 0.068182 0.077020
8 0.177912 0.726641 0.039062 0.059343
6 0.829901 0.852904 0.039062 0.059343
3 0.801491 0.042298 0.039062 0.059343
0 0.796165 0.486742 0.068182 0.077020
8 0.653054 0.529672 0.039062 0.059343
3 0.971236 0.868056 0.039062 0.059343
6 0.584162 0.049874 0.039062 0.059343
8 0.821378 0.267045 0.039062 0.059343
0 0.196733 0.038510 0.068182 0.077020
8 0.285156 0.684975 0.039062 0.059343
8 0.273793 0.914773 0.039062 0.059343
3 0.415128 0.871843 0.039062 0.059343
8 0.352628 0.299874 0.039062 0.059343
3 0.697088 0.878157 0.039062 0.059343
8 0.028764 0.106692 0.039062 0.059343
1 0.693182 0.042298 0.068182 0.077020
1 0.426136 0.725379 0.068182 0.077020
3 0.925781 0.751894 0.039062 0.059343
6 0.918679 0.086490 0.039062 0.059343
1 0.450994 0.517045 0.068182 0.077020
0 0.927557 0.465278 0.068182 0.077020
3 0.563565 0.477904 0.039062 0.059343
0 0.085938 0.308712 0.068182 0.077020
4 0.175071 0.548611 0.039062 0.059343
3 0.153764 0.965278 0.039062 0.059343
7 0.648793 0.629419 0.039062 0.059343
7 0.465554 0.102904 0.039062 0.059343
1 0.538352 0.245581 0.068182 0.077020
1 0.071023 0.490530 0.068182 0.077020
5 0.029474 0.672348 0.039062 0.059343
