7 0.412997 0.109217 0.039062 0.059343
7 0.310724 0.272096 0.039062 0.059343
2 0.229048 0.707702 0.029119 0.051768
5 0.194247 0.296086 0.039062 0.059343
4 0.694247 0.333965 0.039062 0.059343
3 0.048651 0.561237 0.039062 0.059343
0 0.672585 0.845328 0.068182 0.077020
2 0.234020 0.969066 0.029119 0.051768
6 0.432173 0.895833 0.039062 0.059343
6 0.326349 0.663510 0.039062 0.059343
8 0.553622 0.719066 0.039062 0.059343
0 0.951705 0.947601 0.068182 0.077020
2 0.770241 0.856692 0.029119 0.051768
3 0.476918 0.361742 0.039062 0.059343
6 0.600497 0.345328 0.039062 0.059343
8 0.839134 0.653409 0.039062 0.059343
0 0.789773 0.332702 0.068182 0.077020
8 0.302202 0.470328 0.039062 0.059343
5 0.962713 0.467803 0.039062 0.059343
8 0.790128 0.160985 0.039062 0.059343
7 0.969815 0.100379 0.039062 0.059343
5 0.104048 0.756944 0.039062 0.059343
3 0.024503 0.866793 0.039062 0.059343
2 0.516690 0.567551 0.029119 0.051768
8 0.227628 0.533460 0.039062 0.059343
