8 0.222656 0.256944 0.039062 0.059343
2 0.594815 0.638258 0.029119 0.051768
2 0.223366 0.765783 0.029119 0.051768
6 0.522372 0.357955 0.039062 0.059343
0 0.668324 0.690025 0.068182 0.077020
8 0.699219 0.547348 0.039062 0.059343
4 0.590554 0.445076 0.039062 0.059343
0 0.443182 0.495581 0.068182 0.077020
0 0.804688 0.666035 0.068182 0.077020
5 0.103338 0.919823 0.039062 0.059343
6 0.297230 0.966540 0.039062 0.059343
7 0.572798 0.128157 0.039062 0.059343
4 0.173651 0.842803 0.039062 0.059343
3 0.907315 0.673611 0.039062 0.059343
0 0.460938 0.669823 0.068182 0.077020
5 0.675071 0.883207 0.039062 0.059343
3 0.719105 0.099116 0.039062 0.059343
8 0.035866 0.562500 0.039062 0.059343
4 0.779474 0.544823 0.039062 0.059343
4 0.790838 0.070076 0.039062 0.059343
4 0.914418 0.508207 0.039062 0.059343
5 0.185724 0.039773 0.039062 0.059343
3 0.167259 0.510732 0.039062 0.059343
4 0.285156 0.712753 0.039062 0.059343
7 0.354759 0.033460 0.039062 0.059343
4 0.959872 0.916035 0.039062 0.059343
7 0.449219 0.273359 0.039062 0.059343
1 0.037642 0.351641 0.068182 0.077020
0 0.547585 0.937500 0.068182 0.077020
7 0.855469 0.311237 0.039062 0.059343
5 0.811435 0.937500 0.039062 0.059343
