5 0.845526 0.751894 0.039062 0.059343
4 0.920810 0.464015 0.039062 0.059343
0 0.786222 0.313763 0.068182 0.077020
7 0.793679 0.030934 0.039062 0.059343
1 0.659801 0.659722 0.068182 0.077020
4 0.199219 0.734217 0.039062 0.059343
2 0.160866 0.246843 0.029119 0.051768
4 0.448509 0.107955 0.039062 0.059343
5 0.042259 0.452652 0.039062 0.059343
1 0.188210 0.894571 0.068182 0.077020
0 0.588778 0.928662 0.068182 0.077020
6 0.663707 0.139520 0.039062 0.059343
6 0.939276 0.931187 0.039062 0.059343
8 0.344815 0.240530 0.039062 0.059343
0 0.089489 0.744318 0.068182 0.077020
4 0.477628 0.881944 0.039062 0.059343
4 0.098366 0.894571 0.039062 0.059343
5 0.340554 0.946338 0.039062 0.059343
7 0.353338 0.638258 0.039062 0.059343
8 0.644531 0.921086 0.039062 0.059343
0 0.950994 0.307449 0.068182 0.077020
7 0.779474 0.552399 0.039062 0.059343
2 0.187855 0.453914 0.029119 0.051768
5 0.476918 0.284722 0.039062 0.059343
4 0.816406 0.898359 0.039062 0.059343
3 0.024503 0.270833 0.039062 0.059343
5 0.349077 0.436237 0.039062 0.059343
5 0.408026 0.710227 0.039062 0.059343
8 0.967685 0.153409 0.039062 0.059343
8 0.580611 0.433712 0.039062 0.059343
0 0.053267 0.140783 0.068182 0.077020
4 0.683594 0.431187 0.039062 0.059343
5 0.298651 0.168561 0.039062 0.059343
2 0.596946 0.138258 0.029119 0.051768
1 0.923295 0.720328 0.068182 0.077020
3 0.649503 0.245581 0.039062 0.059343
7 0.152344 0.091540 0.039062 0.059343
8 0.587003 0.344066 0.039062 0.059343
7 0.530895 0.744318 0.039062 0.059343
6 0.445668 0.436237 0.039062 0.059343
