5 0.966974 0.840278 0.039062 0.059343
1 0.453125 0.654672 0.068182 0.077020
2 0.316406 0.273359 0.029119 0.051768
5 0.090554 0.082702 0.039062 0.059343
5 0.324219 0.482955 0.039062 0.059343
2 0.806463 0.058712 0.029119 0.051768
1 0.710227 0.446338 0.068182 0.077020
5 0.536577 0.095328 0.039062 0.059343
4 0.189276 0.241793 0.039062 0.059343
0 0.835227 0.921086 0.068182 0.077020
0 0.289062 0.725379 0.068182 0.077020
5 0.197798 0.510732 0.039062 0.059343
1 0.066051 0.451389 0.068182 0.077020
5 0.775923 0.249369 0.039062 0.059343
4 0.726207 0.349116 0.039062 0.059343
4 0.925071 0.277146 0.039062 0.059343
1 0.304688 0.942551 0.068182 0.077020
2 0.216974 0.721591 0.029119 0.051768
0 0.429688 0.317551 0.068182 0.077020
5 0.576349 0.461490 0.039062 0.059343
5 0.431463 0.451389 0.039062 0.059343
3 0.550071 0.909722 0.039062 0.059343
8 0.966264 0.648359 0.039062 0.059343
