7 0.962003 0.644571 0.039062 0.059343
1 0.170455 0.499369 0.068182 0.077020
6 0.205611 0.363005 0.039062 0.059343
6 0.707031 0.143308 0.039062 0.059343
4 0.823509 0.844066 0.039062 0.059343
6 0.979759 0.471591 0.039062 0.059343
6 0.448509 0.434975 0.039062 0.059343
3 0.091264 0.357955 0.039062 0.059343
5 0.569957 0.652146 0.039062 0.059343
0 0.686790 0.289773 0.068182 0.077020
0 0.965909 0.092803 0.068182 0.077020
5 0.822088 0.293561 0.039062 0.059343
8 0.272372 0.914773 0.039062 0.059343
0 0.562500 0.905934 0.068182 0.077020
8 0.959162 0.368056 0.039062 0.059343
8 0.449219 0.918561 0.039062 0.059343
8 0.034446 0.038510 0.039062 0.059343
8 0.170099 0.895833 0.039062 0.059343
4 0.214844 0.664773 0.039062 0.059343
0 0.925426 0.881944 0.068182 0.077020
2 0.026634 0.721591 0.029119 0.051768
7 0.577770 0.363005 0.039062 0.059343
1 0.803977 0.066288 0.068182 0.077020
8 0.345526 0.135732 0.039062 0.059343
3 0.786577 0.436237 0.039062 0.059343
0 0.451705 0.297348 0.068182 0.077020
2 0.033736 0.566288 0.029119 0.051768
0 0.314631 0.744318 0.068182 0.077020
6 0.278764 0.335227 0.039062 0.059343
4 0.056463 0.931187 0.039062 0.059343
