3 0.712713 0.486742 0.039062 0.059343
5 0.580611 0.690025 0.039062 0.059343
4 0.324929 0.086490 0.039062 0.059343
1 0.963778 0.285985 0.068182 0.077020
1 0.947443 0.717803 0.068182 0.077020
6 0.928622 0.035985 0.039062 0.059343
6 0.077060 0.320076 0.039062 0.059343
5 0.425071 0.840278 0.039062 0.059343
7 0.816406 0.150884 0.039062 0.059343
3 0.596946 0.325126 0.039062 0.059343
4 0.557884 0.086490 0.039062 0.059343
8 0.934304 0.835227 0.039062 0.059343
4 0.218395 0.285985 0.039062 0.059343
4 0.162287 0.097854 0.039062 0.059343
6 0.195668 0.765783 0.039062 0.059343
4 0.067116 0.429924 0.039062 0.059343
7 0.459872 0.658460 0.039062 0.059343
6 0.813565 0.917298 0.039062 0.059343
3 0.665838 0.350379 0.039062 0.059343
1 0.794744 0.437500 0.068182 0.077020
4 0.672230 0.856692 0.039062 0.059343
7 0.826349 0.304924 0.039062 0.059343
2 0.331321 0.434975 0.029119 0.051768
3 0.563565 0.948864 0.039062 0.059343
8 0.182884 0.831439 0.039062 0.059343
3 0.403764 0.325126 0.039062 0.059343
3 0.972656 0.475379 0.039062 0.059343
8 0.101207 0.738005 0.039062 0.059343
3 0.657315 0.730429 0.039062 0.059343
6 0.819957 0.720328 0.039062 0.059343
7 0.077770 0.863005 0.039062 0.059343
1 0.534801 0.448864 0.068182 0.077020
1 0.311790 0.258207 0.068182 0.077020
1 0.676136 0.147096 0.068182 0.077020
0 0.297585 0.840278 0.068182 0.077020
6 0.205611 0.510732 0.039062 0.059343
0 0.327415 0.735480 0.068182 0.077020
1 0.415483 0.457702 0.068182 0.077020
