0 0.338068 0.864268 0.068182 0.077020
4 0.815696 0.878157 0.039062 0.059343
1 0.063920 0.134470 0.068182 0.077020
0 0.201705 0.339015 0.068182 0.077020
5 0.962713 0.714015 0.039062 0.059343
0 0.705966 0.142045 0.068182 0.077020
3 0.975497 0.563763 0.039062 0.059343
8 0.074219 0.245581 0.039062 0.059343
8 0.834872 0.472854 0.039062 0.059343
4 0.594105 0.230429 0.039062 0.059343
3 0.594815 0.493056 0.039062 0.059343
0 0.567472 0.735480 0.068182 0.077020
0 0.804688 0.732955 0.068182 0.077020
1 0.960938 0.948864 0.068182 0.077020
8 0.193537 0.839015 0.039062 0.059343
6 0.176491 0.746843 0.039062 0.059343
6 0.463423 0.876894 0.039062 0.059343
3 0.900213 0.030934 0.039062 0.059343
7 0.204190 0.452652 0.039062 0.059343
1 0.674716 0.927399 0.068182 0.077020
2 0.317827 0.700126 0.029119 0.051768
6 0.348366 0.130682 0.039062 0.059343
8 0.577060 0.106692 0.039062 0.059343
7 0.843395 0.326389 0.039062 0.059343
7 0.411577 0.755682 0.039062 0.059343
4 0.079901 0.498106 0.039062 0.059343
7 0.656605 0.297348 0.039062 0.059343
8 0.773793 0.118056 0.039062 0.059343
0 0.285511 0.442551 0.068182 0.077020
3 0.305753 0.297348 0.039062 0.059343
6 0.094815 0.697601 0.039062 0.059343
8 0.958452 0.332702 0.039062 0.059343
3 0.154474 0.085227 0.039062 0.059343
