5 0.287287 0.640783 0.039062 0.059343
6 0.841264 0.365530 0.039062 0.059343
0 0.293324 0.438763 0.068182 0.077020
3 0.331321 0.142045 0.039062 0.059343
6 0.650213 0.245581 0.039062 0.059343
8 0.821378 0.703914 0.039062 0.059343
7 0.174361 0.350379 0.039062 0.059343
5 0.537287 0.908460 0.039062 0.059343
8 0.672940 0.520833 0.039062 0.059343
4 0.594105 0.671086 0.039062 0.059343
2 0.972656 0.462753 0.029119 0.051768
7 0.843395 0.893308 0.039062 0.059343
6 0.932173 0.643308 0.039062 0.059343
0 0.078835 0.445076 0.068182 0.077020
4 0.835582 0.543561 0.039062 0.059343
1 0.924716 0.359217 0.068182 0.077020
4 0.028764 0.042298 0.039062 0.059343
1 0.198864 0.693813 0.068182 0.077020
6 0.343395 0.299874 0.039062 0.059343
7 0.820668 0.145833 0.039062 0.059343
1 0.186790 0.063763 0.068182 0.077020
4 0.928622 0.124369 0.039062 0.059343
2 0.589134 0.345328 0.029119 0.051768
3 0.414418 0.744318 0.039062 0.059343
8 0.091264 0.261995 0.039062 0.059343
8 0.334162 0.859217 0.039062 0.059343
4 0.586293 0.066288 0.039062 0.059343
1 0.666193 0.951389 0.068182 0.077020
8 0.667259 0.041035 0.039062 0.059343
2 0.726918 0.636995 0.029119 0.051768
