5 0.821378 0.321338 0.039062 0.059343
7 0.947088 0.513258 0.039062 0.059343
6 0.653764 0.765783 0.039062 0.059343
4 0.084872 0.535985 0.039062 0.059343
0 0.671875 0.948864 0.068182 0.077020
4 0.946378 0.352904 0.039062 0.059343
4 0.055043 0.745581 0.039062 0.059343
0 0.207386 0.443813 0.068182 0.077020
0 0.081676 0.057449 0.068182 0.077020
1 0.943182 0.929924 0.068182 0.077020
7 0.437855 0.335227 0.039062 0.059343
7 0.223366 0.634470 0.039062 0.059343
6 0.084162 0.964015 0.039062 0.059343
6 0.711293 0.234217 0.039062 0.059343
8 0.282315 0.116793 0.039062 0.059343
8 0.537997 0.082702 0.039062 0.059343
4 0.174361 0.086490 0.039062 0.059343
5 0.677912 0.465278 0.039062 0.059343
3 0.580611 0.767045 0.039062 0.059343
8 0.447088 0.864268 0.039062 0.059343
5 0.849787 0.068813 0.039062 0.059343
3 0.327060 0.554924 0.039062 0.059343
