8 0.854048 0.553662 0.039062 0.059343
1 0.178977 0.447601 0.068182 0.077020
5 0.351918 0.159722 0.039062 0.059343
8 0.563565 0.359217 0.039062 0.059343
2 0.478338 0.351641 0.029119 0.051768
2 0.906605 0.556187 0.029119 0.051768
5 0.691406 0.351641 0.039062 0.059343
7 0.202770 0.962753 0.039062 0.059343
6 0.450639 0.562500 0.039062 0.059343
5 0.708452 0.508207 0.039062 0.059343
2 0.393111 0.875631 0.029119 0.051768
8 0.281605 0.255682 0.039062 0.059343
2 0.452060 0.624369 0.029119 0.051768
0 0.587358 0.881944 0.068182 0.077020
6 0.707741 0.164773 0.039062 0.059343
6 0.571378 0.686237 0.039062 0.059343
4 0.184304 0.767045 0.039062 0.059343
0 0.938210 0.285985 0.068182 0.077020
4 0.558594 0.486742 0.039062 0.059343
5 0.937145 0.643308 0.039062 0.059343
0 0.042614 0.354167 0.068182 0.077020
2 0.108310 0.712753 0.029119 0.051768
2 0.823509 0.168561 0.029119 0.051768
5 0.194247 0.235480 0.039062 0.059343
1 0.193892 0.058712 0.068182 0.077020
7 0.067116 0.535985 0.039062 0.059343
