3 0.583452 0.131944 0.039062 0.059343
8 0.724787 0.827652 0.039062 0.059343
4 0.329901 0.164773 0.039062 0.059343
2 0.400213 0.265783 0.029119 0.051768
7 0.451349 0.519571 0.039062 0.059343
2 0.299361 0.563763 0.029119 0.051768
7 0.973366 0.844066 0.039062 0.059343
5 0.060014 0.287247 0.039062 0.059343
6 0.730469 0.339015 0.039062 0.059343
1 0.165483 0.249369 0.068182 0.077020
8 0.229048 0.864268 0.039062 0.059343
5 0.463423 0.727904 0.039062 0.059343
2 0.710582 0.062500 0.029119 0.051768
4 0.156605 0.480429 0.039062 0.059343
5 0.064986 0.668561 0.039062 0.059343
5 0.898793 0.081439 0.039062 0.059343
7 0.394531 0.890783 0.039062 0.059343
0 0.169744 0.645833 0.068182 0.077020
7 0.551491 0.495581 0.039062 0.059343
8 0.920810 0.767045 0.039062 0.059343
1 0.552557 0.258207 0.068182 0.077020
3 0.971236 0.240530 0.039062 0.059343
1 0.799716 0.239268 0.068182 0.077020
6 0.836293 0.921086 0.039062 0.059343
6 0.555753 0.677399 0.039062 0.059343
1 0.794744 0.638258 0.068182 0.077020
3 0.674361 0.470328 0.039062 0.059343
7 0.087003 0.438763 0.039062 0.059343
6 0.297940 0.850379 0.039062 0.059343
2 0.804332 0.500631 0.029119 0.051768
2 0.337003 0.736742 0.029119 0.051768
4 0.148082 0.075126 0.039062 0.059343
