4 0.152344 0.464015 0.039062 0.059343
8 0.197088 0.940025 0.039062 0.059343
1 0.424716 0.048611 0.068182 0.077020
3 0.816406 0.455177 0.039062 0.059343
6 0.405185 0.446338 0.039062 0.059343
3 0.077770 0.321338 0.039062 0.059343
8 0.682173 0.921086 0.039062 0.059343
7 0.184304 0.347854 0.039062 0.059343
2 0.418679 0.683712 0.029119 0.051768
8 0.560724 0.498106 0.039062 0.059343
2 0.180753 0.686237 0.029119 0.051768
1 0.828835 0.311237 0.068182 0.077020
1 0.209517 0.128157 0.068182 0.077020
8 0.689986 0.676136 0.039062 0.059343
4 0.699929 0.326389 0.039062 0.059343
3 0.570668 0.169823 0.039062 0.059343
0 0.559659 0.883207 0.068182 0.077020
7 0.354048 0.658460 0.039062 0.059343
0 0.546165 0.660985 0.068182 0.077020
5 0.047230 0.923611 0.039062 0.059343
6 0.065696 0.707702 0.039062 0.059343
8 0.927912 0.503157 0.039062 0.059343
4 0.287997 0.506944 0.039062 0.059343
4 0.022372 0.068813 0.039062 0.059343
4 0.829901 0.729167 0.039062 0.059343
5 0.680753 0.092803 0.039062 0.059343
0 0.323864 0.297348 0.068182 0.077020
4 0.775923 0.946338 0.039062 0.059343
6 0.546520 0.250631 0.039062 0.059343
6 0.317827 0.934975 0.039062 0.059343
8 0.912997 0.638258 0.039062 0.059343
0 0.915483 0.090278 0.068182 0.077020
3 0.926491 0.293561 0.039062 0.059343
2 0.731889 0.522096 0.029119 0.051768
3 0.054332 0.500631 0.039062 0.059343
2 0.824929 0.062500 0.029119 0.051768
3 0.429332 0.274621 0.039062 0.059343
