1 0.416193 0.298611 0.068182 0.077020
0 0.950284 0.520833 0.068182 0.077020
7 0.088423 0.097854 0.039062 0.059343
0 0.830966 0.477904 0.068182 0.077020
7 0.308594 0.923611 0.039062 0.059343
3 0.077770 0.509470 0.039062 0.059343
6 0.669389 0.307449 0.039062 0.059343
4 0.822798 0.894571 0.039062 0.059343
7 0.927202 0.710227 0.039062 0.059343
3 0.091264 0.312500 0.039062 0.059343
3 0.469815 0.714015 0.039062 0.059343
4 0.952770 0.279672 0.039062 0.059343
1 0.583807 0.751894 0.068182 0.077020
0 0.787642 0.054924 0.068182 0.077020
3 0.277344 0.255682 0.039062 0.059343
6 0.213423 0.879419 0.039062 0.059343
8 0.650213 0.649621 0.039062 0.059343
0 0.538352 0.494318 0.068182 0.077020
8 0.041548 0.698864 0.039062 0.059343
2 0.585582 0.956439 0.029119 0.051768
6 0.680043 0.496843 0.039062 0.059343
6 0.645952 0.163510 0.039062 0.059343
