0 0.797585 0.706439 0.068182 0.077020
6 0.466264 0.547348 0.039062 0.059343
5 0.586293 0.495581 0.039062 0.059343
8 0.150213 0.687500 0.039062 0.059343
5 0.079190 0.317551 0.039062 0.059343
5 0.442827 0.082702 0.039062 0.059343
2 0.104759 0.073864 0.029119 0.051768
5 0.309304 0.889520 0.039062 0.059343
5 0.702060 0.466540 0.039062 0.059343
6 0.951349 0.471591 0.039062 0.059343
1 0.696733 0.695076 0.068182 0.077020
8 0.564986 0.653409 0.039062 0.059343
4 0.345526 0.134470 0.039062 0.059343
1 0.911222 0.065025 0.068182 0.077020
2 0.067116 0.965278 0.029119 0.051768
5 0.663707 0.904672 0.039062 0.059343
0 0.552557 0.344066 0.068182 0.077020
7 0.151634 0.296086 0.039062 0.059343
3 0.222656 0.105429 0.039062 0.059343
5 0.297230 0.748106 0.039062 0.059343
