1 0.673295 0.917298 0.068182 0.077020
7 0.531605 0.534722 0.039062 0.059343
3 0.660156 0.732955 0.039062 0.059343
7 0.526634 0.929924 0.039062 0.059343
1 0.963068 0.057449 0.068182 0.077020
7 0.666548 0.094066 0.039062 0.059343
3 0.464134 0.162247 0.039062 0.059343
4 0.270241 0.441288 0.039062 0.059343
5 0.202060 0.130682 0.039062 0.059343
0 0.337358 0.642045 0.068182 0.077020
0 0.464489 0.705177 0.068182 0.077020
1 0.929688 0.525884 0.068182 0.077020
5 0.159446 0.312500 0.039062 0.059343
5 0.932884 0.945076 0.039062 0.059343
4 0.449219 0.447601 0.039062 0.059343
5 0.316406 0.881944 0.039062 0.059343
8 0.556463 0.359217 0.039062 0.059343
5 0.950639 0.352904 0.039062 0.059343
7 0.650213 0.546086 0.039062 0.059343
1 0.199574 0.533460 0.068182 0.077020
4 0.822088 0.537247 0.039062 0.059343
3 0.900213 0.695076 0.039062 0.059343
4 0.087713 0.903409 0.039062 0.059343
0 0.064631 0.119318 0.068182 0.077020
7 0.780895 0.256944 0.039062 0.059343
3 0.326349 0.315025 0.039062 0.059343
1 0.461648 0.846591 0.068182 0.077020
8 0.035866 0.428662 0.039062 0.059343
7 0.223366 0.964015 0.039062 0.059343
2 0.841264 0.066288 0.029119 0.051768
3 0.399503 0.258207 0.039062 0.059343
7 0.185014 0.720328 0.039062 0.059343
4 0.065696 0.650884 0.039062 0.059343
4 0.320668 0.081439 0.039062 0.059343
4 0.096236 0.285985 0.039062 0.059343
0 0.808239 0.735480 0.068182 0.077020
