4 0.283026 0.342803 0.039062 0.059343
4 0.660156 0.279672 0.039062 0.059343
6 0.837003 0.327652 0.039062 0.059343
1 0.339489 0.118056 0.068182 0.077020
0 0.214489 0.330177 0.068182 0.077020
1 0.666193 0.104167 0.068182 0.077020
2 0.690696 0.924874 0.029119 0.051768
4 0.087003 0.101641 0.039062 0.059343
5 0.558594 0.721591 0.039062 0.059343
3 0.841264 0.529672 0.039062 0.059343
8 0.935724 0.558712 0.039062 0.059343
8 0.676491 0.736742 0.039062 0.059343
7 0.353338 0.868056 0.039062 0.059343
6 0.800071 0.962753 0.039062 0.059343
5 0.216974 0.961490 0.039062 0.059343
8 0.930753 0.249369 0.039062 0.059343
5 0.591974 0.966540 0.039062 0.059343
7 0.314276 0.489268 0.039062 0.059343
2 0.015980 0.475379 0.029119 0.051768
2 0.062855 0.874369 0.029119 0.051768
5 0.778054 0.725379 0.039062 0.059343
6 0.920810 0.052399 0.039062 0.059343
6 0.062145 0.712753 0.039062 0.059343
5 0.682173 0.465278 0.039062 0.059343
3 0.400923 0.105429 0.039062 0.059343
1 0.041193 0.292298 0.068182 0.077020
4 0.772372 0.038510 0.039062 0.059343
1 0.321733 0.714015 0.068182 0.077020
1 0.195312 0.130682 0.068182 0.077020
0 0.435369 0.243056 0.068182 0.077020
4 0.443537 0.683712 0.039062 0.059343
4 0.537287 0.072601 0.039062 0.059343
4 0.976207 0.636995 0.039062 0.059343
