8 0.904474 0.635732 0.039062 0.059343
5 0.309304 0.879419 0.039062 0.059343
1 0.698153 0.135732 0.068182 0.077020
0 0.550426 0.048611 0.068182 0.077020
3 0.339134 0.118056 0.039062 0.059343
2 0.442116 0.437500 0.029119 0.051768
0 0.436080 0.323864 0.068182 0.077020
5 0.778054 0.077652 0.039062 0.059343
6 0.932884 0.361742 0.039062 0.059343
1 0.203835 0.870581 0.068182 0.077020
7 0.170099 0.077652 0.039062 0.059343
0 0.586648 0.243056 0.068182 0.077020
5 0.850497 0.647096 0.039062 0.059343
4 0.471946 0.082702 0.039062 0.059343
3 0.476918 0.966540 0.039062 0.059343
5 0.281605 0.688763 0.039062 0.059343
0 0.563210 0.950126 0.068182 0.077020
4 0.657315 0.712753 0.039062 0.059343
2 0.185724 0.517045 0.029119 0.051768
5 0.199219 0.659722 0.039062 0.059343
3 0.090554 0.532197 0.039062 0.059343
0 0.340199 0.518308 0.068182 0.077020
3 0.593395 0.431187 0.039062 0.059343
5 0.540128 0.767045 0.039062 0.059343
3 0.045810 0.904672 0.039062 0.059343
8 0.158026 0.272096 0.039062 0.059343
1 0.931108 0.945076 0.068182 0.077020
1 0.284801 0.261995 0.068182 0.077020
7 0.771662 0.943813 0.039062 0.059343
7 0.816406 0.231692 0.039062 0.059343
5 0.465554 0.638258 0.039062 0.059343
7 0.714134 0.509470 0.039062 0.059343
8 0.962713 0.466540 0.039062 0.059343
3 0.914418 0.070076 0.039062 0.059343
3 0.704901 0.289773 0.039062 0.059343
5 0.096946 0.753157 0.039062 0.059343
