4 0.903054 0.236742 0.039062 0.059343
4 0.785156 0.724116 0.039062 0.059343
8 0.225497 0.936237 0.039062 0.059343
0 0.567472 0.357955 0.068182 0.077020
8 0.836293 0.326389 0.039062 0.059343
7 0.339134 0.846591 0.039062 0.059343
6 0.178622 0.044823 0.039062 0.059343
4 0.102628 0.967803 0.039062 0.059343
4 0.476918 0.461490 0.039062 0.059343
8 0.337003 0.751894 0.039062 0.059343
2 0.590554 0.547348 0.029119 0.051768
0 0.308239 0.091540 0.068182 0.077020
5 0.675781 0.913510 0.039062 0.059343
7 0.054332 0.443813 0.039062 0.059343
3 0.693537 0.559975 0.039062 0.059343
7 0.809304 0.855429 0.039062 0.059343
6 0.596236 0.168561 0.039062 0.059343
5 0.648793 0.073864 0.039062 0.059343
8 0.046520 0.323864 0.039062 0.059343
3 0.534446 0.894571 0.039062 0.059343
0 0.208097 0.716540 0.068182 0.077020
0 0.808239 0.043561 0.068182 0.077020
6 0.397372 0.306187 0.039062 0.059343
2 0.979759 0.110480 0.029119 0.051768
6 0.101207 0.072601 0.039062 0.059343
5 0.162287 0.253157 0.039062 0.059343
7 0.915128 0.871843 0.039062 0.059343
3 0.787287 0.541035 0.039062 0.059343
8 0.307884 0.456439 0.039062 0.059343
6 0.570668 0.726641 0.039062 0.059343
3 0.941406 0.736742 0.039062 0.059343
3 0.423651 0.748106 0.039062 0.059343
1 0.424006 0.857955 0.068182 0.077020
1 0.178267 0.524621 0.068182 0.077020
