1 0.787642 0.303662 0.068182 0.077020
1 0.429688 0.523359 0.068182 0.077020
5 0.417259 0.923611 0.039062 0.059343
8 0.814986 0.653409 0.039062 0.059343
3 0.052202 0.083965 0.039062 0.059343
1 0.551136 0.346591 0.068182 0.077020
6 0.479759 0.344066 0.039062 0.059343
8 0.160156 0.296086 0.039062 0.059343
3 0.820668 0.509470 0.039062 0.059343
7 0.780185 0.130682 0.039062 0.059343
4 0.959162 0.720328 0.039062 0.059343
7 0.922230 0.048611 0.039062 0.059343
8 0.683594 0.517045 0.039062 0.059343
1 0.286932 0.698864 0.068182 0.077020
0 0.578125 0.115530 0.068182 0.077020
1 0.710227 0.647096 0.068182 0.077020
3 0.467685 0.756944 0.039062 0.059343
8 0.161577 0.528409 0.039062 0.059343
0 0.048295 0.668561 0.068182 0.077020
6 0.952770 0.476641 0.039062 0.059343
3 0.941406 0.955177 0.039062 0.059343
3 0.027344 0.908460 0.039062 0.059343
2 0.528054 0.918561 0.029119 0.051768
4 0.589134 0.496843 0.039062 0.059343
0 0.429688 0.041035 0.068182 0.077020
5 0.330611 0.317551 0.039062 0.059343
0 0.664773 0.900884 0.068182 0.077020
6 0.527344 0.647096 0.039062 0.059343
