5 0.711293 0.493056 0.039062 0.059343
0 0.329545 0.727904 0.068182 0.077020
1 0.915483 0.883207 0.068182 0.077020
5 0.025213 0.695076 0.039062 0.059343
5 0.569247 0.057449 0.039062 0.059343
0 0.172585 0.841540 0.068182 0.077020
4 0.683594 0.868056 0.039062 0.059343
5 0.067116 0.955177 0.039062 0.059343
5 0.837713 0.347854 0.039062 0.059343
0 0.047585 0.347854 0.068182 0.077020
6 0.416548 0.732955 0.039062 0.059343
6 0.160156 0.485480 0.039062 0.059343
7 0.309304 0.246843 0.039062 0.059343
3 0.825639 0.724116 0.039062 0.059343
6 0.449929 0.038510 0.039062 0.059343
5 0.841974 0.897096 0.039062 0.059343
2 0.293679 0.571338 0.029119 0.051768
8 0.052912 0.052399 0.039062 0.059343
5 0.201349 0.344066 0.039062 0.059343
1 0.441051 0.292298 0.068182 0.077020
8 0.651634 0.260732 0.039062 0.059343
5 0.289418 0.056187 0.039062 0.059343
1 0.946023 0.095328 0.068182 0.077020
2 0.843395 0.488005 0.029119 0.051768
5 0.952060 0.635732 0.039062 0.059343
8 0.426491 0.464015 0.039062 0.059343
0 0.541903 0.946338 0.068182 0.077020
2 0.165838 0.640783 0.029119 0.051768
6 0.596236 0.558712 0.039062 0.059343
1 0.198153 0.089015 0.068182 0.077020
3 0.067116 0.474116 0.039062 0.059343
7 0.918679 0.537247 0.039062 0.059343
7 0.698509 0.703914 0.039062 0.059343
0 0.696733 0.053662 0.068182 0.077020
