1 0.210227 0.936237 0.068182 0.077020
5 0.653054 0.947601 0.039062 0.059343
3 0.068537 0.129419 0.039062 0.059343
3 0.417259 0.898359 0.039062 0.059343
7 0.170099 0.563763 0.039062 0.059343
1 0.820312 0.643308 0.068182 0.077020
6 0.771662 0.359217 0.039062 0.059343
2 0.640270 0.288510 0.029119 0.051768
5 0.818537 0.961490 0.039062 0.059343
4 0.904474 0.515783 0.039062 0.059343
1 0.073153 0.715278 0.068182 0.077020
0 0.960227 0.283460 0.068182 0.077020
7 0.585582 0.866793 0.039062 0.059343
1 0.296165 0.114268 0.068182 0.077020
6 0.315696 0.369318 0.039062 0.059343
5 0.950639 0.732955 0.039062 0.059343
5 0.941406 0.090278 0.039062 0.059343
1 0.580966 0.094066 0.068182 0.077020
0 0.578835 0.294823 0.068182 0.077020
4 0.456321 0.445076 0.039062 0.059343
7 0.297940 0.934975 0.039062 0.059343
1 0.818182 0.518308 0.068182 0.077020
2 0.655895 0.690025 0.029119 0.051768
3 0.213423 0.695076 0.039062 0.059343
