0 0.588068 0.647096 0.068182 0.077020
6 0.153054 0.888258 0.039062 0.059343
4 0.080611 0.062500 0.039062 0.059343
7 0.437145 0.546086 0.039062 0.059343
1 0.928267 0.332702 0.068182 0.077020
3 0.343395 0.480429 0.039062 0.059343
2 0.734020 0.322601 0.029119 0.051768
4 0.905185 0.839015 0.039062 0.059343
0 0.534801 0.105429 0.068182 0.077020
0 0.539773 0.951389 0.068182 0.077020
3 0.654474 0.669823 0.039062 0.059343
6 0.478338 0.903409 0.039062 0.059343
6 0.836293 0.566288 0.039062 0.059343
1 0.164062 0.354167 0.068182 0.077020
1 0.950994 0.114268 0.068182 0.077020
8 0.347656 0.073864 0.039062 0.059343
0 0.034801 0.510732 0.068182 0.077020
8 0.845526 0.942551 0.039062 0.059343
0 0.053977 0.711490 0.068182 0.077020
2 0.045810 0.359217 0.029119 0.051768
6 0.842685 0.344066 0.039062 0.059343
