1 0.038352 0.326389 0.068182 0.077020
6 0.104759 0.496843 0.039062 0.059343
5 0.022372 0.116793 0.039062 0.059343
1 0.568182 0.129419 0.068182 0.077020
3 0.965554 0.515783 0.039062 0.059343
5 0.052912 0.673611 0.039062 0.059343
1 0.438920 0.734217 0.068182 0.077020
8 0.716264 0.533460 0.039062 0.059343
5 0.976918 0.947601 0.039062 0.059343
2 0.548651 0.437500 0.029119 0.051768
2 0.164418 0.823864 0.029119 0.051768
5 0.307884 0.317551 0.039062 0.059343
7 0.556463 0.900884 0.039062 0.059343
8 0.702060 0.113005 0.039062 0.059343
6 0.334872 0.539773 0.039062 0.059343
5 0.662287 0.279672 0.039062 0.059343
3 0.849787 0.110480 0.039062 0.059343
1 0.683239 0.879419 0.068182 0.077020
3 0.303622 0.743056 0.039062 0.059343
4 0.177202 0.041035 0.039062 0.059343
4 0.403764 0.051136 0.039062 0.059343
0 0.193892 0.460227 0.068182 0.077020
5 0.797230 0.635732 0.039062 0.059343
8 0.712713 0.659722 0.039062 0.059343
5 0.564986 0.647096 0.039062 0.059343
2 0.437855 0.964015 0.029119 0.051768
0 0.924716 0.261995 0.068182 0.077020
5 0.897372 0.677399 0.039062 0.059343
8 0.193537 0.738005 0.039062 0.059343
0 0.814631 0.942551 0.068182 0.077020
8 0.327770 0.886995 0.039062 0.059343
5 0.783026 0.455177 0.039062 0.059343
3 0.299361 0.096591 0.039062 0.059343
5 0.599077 0.341540 0.039062 0.059343
2 0.034446 0.878157 0.029119 0.051768
