4 0.066406 0.537247 0.039062 0.059343
5 0.838423 0.130682 0.039062 0.059343
3 0.437855 0.346591 0.039062 0.059343
1 0.666903 0.139520 0.068182 0.077020
2 0.470526 0.897096 0.029119 0.051768
5 0.562855 0.158460 0.039062 0.059343
2 0.219815 0.496843 0.029119 0.051768
6 0.075639 0.924874 0.039062 0.059343
0 0.055398 0.719066 0.068182 0.077020
1 0.284801 0.342803 0.068182 0.077020
4 0.978338 0.666035 0.039062 0.059343
8 0.923651 0.566288 0.039062 0.059343
8 0.278054 0.073864 0.039062 0.059343
8 0.569247 0.458965 0.039062 0.059343
7 0.344815 0.895833 0.039062 0.059343
2 0.597656 0.744318 0.029119 0.051768
8 0.472656 0.681187 0.039062 0.059343
5 0.840554 0.964015 0.039062 0.059343
6 0.336293 0.533460 0.039062 0.059343
8 0.707741 0.350379 0.039062 0.059343
3 0.911577 0.230429 0.039062 0.059343
6 0.057173 0.356692 0.039062 0.059343
8 0.105469 0.071338 0.039062 0.059343
8 0.447798 0.469066 0.039062 0.059343
5 0.197088 0.630682 0.039062 0.059343
3 0.693537 0.948864 0.039062 0.059343
7 0.467685 0.059975 0.039062 0.059343
3 0.723366 0.761995 0.039062 0.059343
5 0.589844 0.917298 0.039062 0.059343
0 0.182528 0.886995 0.068182 0.077020
8 0.780185 0.538510 0.039062 0.059343
3 0.808594 0.721591 0.039062 0.059343
4 0.150923 0.316288 0.039062 0.059343
1 0.947443 0.955177 0.068182 0.077020
5 0.918679 0.033460 0.039062 0.059343
8 0.276634 0.720328 0.039062 0.059343
3 0.212713 0.139520 0.039062 0.059343
3 0.829190 0.230429 0.039062 0.059343
