2 0.609020 0.077652 0.029119 0.051768
5 0.773082 0.755682 0.039062 0.059343
4 0.308594 0.333965 0.039062 0.059343
2 0.670810 0.166035 0.029119 0.051768
0 0.676136 0.839015 0.068182 0.077020
4 0.854759 0.499369 0.039062 0.059343
3 0.783026 0.056187 0.039062 0.059343
4 0.968395 0.446338 0.039062 0.059343
1 0.194602 0.864268 0.068182 0.077020
3 0.776634 0.910985 0.039062 0.059343
5 0.397372 0.537247 0.039062 0.059343
4 0.218395 0.493056 0.039062 0.059343
4 0.470526 0.349116 0.039062 0.059343
3 0.397372 0.109217 0.039062 0.059343
6 0.523793 0.561237 0.039062 0.059343
2 0.652344 0.284722 0.029119 0.051768
1 0.176136 0.323864 0.068182 0.077020
4 0.453480 0.942551 0.039062 0.059343
3 0.969815 0.756944 0.039062 0.059343
4 0.273793 0.628157 0.039062 0.059343
4 0.042259 0.753157 0.039062 0.059343
4 0.027344 0.038510 0.039062 0.059343
5 0.183594 0.686237 0.039062 0.059343
7 0.283026 0.065025 0.039062 0.059343
4 0.852628 0.342803 0.039062 0.059343
4 0.689276 0.445076 0.039062 0.059343
8 0.350497 0.535985 0.039062 0.059343
3 0.977628 0.159722 0.039062 0.059343
