6 0.911577 0.274621 0.039062 0.059343
0 0.059659 0.532197 0.068182 0.077020
3 0.908026 0.072601 0.039062 0.059343
7 0.416548 0.162247 0.039062 0.059343
8 0.163707 0.701389 0.039062 0.059343
1 0.186080 0.145833 0.068182 0.077020
4 0.214134 0.534722 0.039062 0.059343
4 0.042969 0.364268 0.039062 0.059343
2 0.518111 0.831439 0.029119 0.051768
6 0.321378 0.501894 0.039062 0.059343
7 0.694247 0.636995 0.039062 0.059343
8 0.963423 0.456439 0.039062 0.059343
1 0.798295 0.849116 0.068182 0.077020
5 0.101207 0.119318 0.039062 0.059343
6 0.686435 0.298611 0.039062 0.059343
2 0.765980 0.513258 0.029119 0.051768
3 0.644531 0.123106 0.039062 0.059343
3 0.925781 0.731692 0.039062 0.059343
6 0.207031 0.833965 0.039062 0.059343
1 0.288352 0.714015 0.068182 0.077020
7 0.540838 0.119318 0.039062 0.059343
0 0.463068 0.741793 0.068182 0.077020
0 0.797585 0.100379 0.068182 0.077020
2 0.983310 0.897096 0.029119 0.051768
0 0.335227 0.075126 0.068182 0.077020
7 0.430753 0.325126 0.039062 0.059343
1 0.088068 0.836490 0.068182 0.077020
6 0.333452 0.270833 0.039062 0.059343
2 0.686435 0.457702 0.029119 0.051768
