8 0.644531 0.340278 0.039062 0.059343
8 0.427202 0.341540 0.039062 0.059343
1 0.698153 0.751894 0.068182 0.077020
1 0.058949 0.513258 0.068182 0.077020
3 0.050071 0.320076 0.039062 0.059343
5 0.557173 0.554924 0.039062 0.059343
5 0.601207 0.861742 0.039062 0.059343
5 0.074929 0.965278 0.039062 0.059343
3 0.320668 0.732955 0.039062 0.059343
5 0.338423 0.927399 0.039062 0.059343
8 0.049361 0.735480 0.039062 0.059343
2 0.159446 0.529672 0.029119 0.051768
4 0.813565 0.716540 0.039062 0.059343
3 0.832031 0.354167 0.039062 0.059343
3 0.971236 0.052399 0.039062 0.059343
0 0.563920 0.336490 0.068182 0.077020
8 0.656605 0.873106 0.039062 0.059343
3 0.802202 0.491793 0.039062 0.059343
2 0.281605 0.337753 0.029119 0.051768
4 0.209162 0.707702 0.039062 0.059343
1 0.441051 0.681187 0.068182 0.077020
6 0.552202 0.630682 0.039062 0.059343
5 0.928622 0.240530 0.039062 0.059343
4 0.077770 0.106692 0.039062 0.059343
1 0.543324 0.136995 0.068182 0.077020
3 0.969105 0.936237 0.039062 0.059343
4 0.426491 0.890783 0.039062 0.059343
6 0.840554 0.875631 0.039062 0.059343
