4 0.920099 0.123106 0.039062 0.059343
5 0.272372 0.767045 0.039062 0.059343
4 0.706321 0.429924 0.039062 0.059343
4 0.562855 0.527146 0.039062 0.059343
7 0.050781 0.033460 0.039062 0.059343
8 0.405185 0.240530 0.039062 0.059343
2 0.787287 0.745581 0.029119 0.051768
5 0.824219 0.154672 0.039062 0.059343
8 0.911577 0.504419 0.039062 0.059343
6 0.844105 0.360480 0.039062 0.059343
5 0.322088 0.489268 0.039062 0.059343
0 0.834517 0.496843 0.068182 0.077020
8 0.153054 0.092803 0.039062 0.059343
5 0.022372 0.517045 0.039062 0.059343
1 0.449574 0.078914 0.068182 0.077020
2 0.066406 0.690025 0.029119 0.051768
6 0.523082 0.633207 0.039062 0.059343
4 0.398793 0.846591 0.039062 0.059343
0 0.200994 0.897096 0.068182 0.077020
7 0.977628 0.756944 0.039062 0.059343
3 0.645952 0.118056 0.039062 0.059343
3 0.400213 0.682449 0.039062 0.059343
4 0.046520 0.847854 0.039062 0.059343
3 0.207031 0.748106 0.039062 0.059343
0 0.065341 0.308712 0.068182 0.077020
5 0.588423 0.095328 0.039062 0.059343
0 0.329545 0.268308 0.068182 0.077020
6 0.703480 0.933712 0.039062 0.059343
0 0.700994 0.296086 0.068182 0.077020
6 0.783736 0.857955 0.039062 0.059343
0 0.926847 0.263258 0.068182 0.077020
3 0.716974 0.672348 0.039062 0.059343
5 0.582031 0.251894 0.039062 0.059343
0 0.912642 0.839015 0.068182 0.077020
0 0.325994 0.857955 0.068182 0.077020
