3 0.282315 0.638258 0.039062 0.059343
6 0.474077 0.647096 0.039062 0.059343
0 0.828835 0.724116 0.068182 0.077020
6 0.092685 0.900884 0.039062 0.059343
5 0.160156 0.504419 0.039062 0.059343
5 0.895952 0.873106 0.039062 0.059343
7 0.072088 0.687500 0.039062 0.059343
6 0.936435 0.482955 0.039062 0.059343
1 0.839489 0.493056 0.068182 0.077020
5 0.705611 0.542298 0.039062 0.059343
5 0.071378 0.434975 0.039062 0.059343
0 0.552557 0.669823 0.068182 0.077020
7 0.441406 0.457702 0.039062 0.059343
0 0.816051 0.892045 0.068182 0.077020
5 0.694247 0.339015 0.039062 0.059343
1 0.586648 0.461490 0.068182 0.077020
4 0.692116 0.905934 0.039062 0.059343
6 0.920810 0.320076 0.039062 0.059343
4 0.165838 0.135732 0.039062 0.059343
6 0.160866 0.340278 0.039062 0.059343
0 0.565341 0.317551 0.068182 0.077020
7 0.852628 0.111742 0.039062 0.059343
4 0.824929 0.345328 0.039062 0.059343
6 0.420099 0.909722 0.039062 0.059343
2 0.715554 0.097854 0.029119 0.051768
1 0.450994 0.350379 0.068182 0.077020
0 0.049716 0.105429 0.068182 0.077020
8 0.288707 0.331439 0.039062 0.059343
