6 0.329190 0.078914 0.039062 0.059343
0 0.420455 0.042298 0.068182 0.077020
2 0.210582 0.038510 0.029119 0.051768
1 0.921875 0.663510 0.068182 0.077020
3 0.582031 0.904672 0.039062 0.059343
0 0.069602 0.914773 0.068182 0.077020
6 0.525923 0.333965 0.039062 0.059343
5 0.410156 0.275884 0.039062 0.059343
0 0.090909 0.534722 0.068182 0.077020
3 0.923651 0.842803 0.039062 0.059343
4 0.417259 0.464015 0.039062 0.059343
0 0.708097 0.083965 0.068182 0.077020
2 0.785156 0.304924 0.029119 0.051768
8 0.028054 0.350379 0.039062 0.059343
7 0.581321 0.701389 0.039062 0.059343
6 0.161577 0.851641 0.039062 0.059343
3 0.721236 0.482955 0.039062 0.059343
3 0.089844 0.644571 0.039062 0.059343
4 0.300071 0.960227 0.039062 0.059343
4 0.957031 0.232955 0.039062 0.059343
2 0.603338 0.032197 0.029119 0.051768
6 0.425781 0.849116 0.039062 0.059343
0 0.677557 0.288510 0.068182 0.077020
4 0.187145 0.340278 0.039062 0.059343
8 0.935724 0.109217 0.039062 0.059343
