3 0.433594 0.711490 0.039062 0.059343
3 0.791548 0.940025 0.039062 0.059343
6 0.932884 0.345328 0.039062 0.059343
0 0.213068 0.672348 0.068182 0.077020
3 0.576349 0.320076 0.039062 0.059343
1 0.072443 0.313763 0.068182 0.077020
3 0.412287 0.875631 0.039062 0.059343
4 0.829190 0.682449 0.039062 0.059343
5 0.085582 0.039773 0.039062 0.059343
7 0.325639 0.505682 0.039062 0.059343
3 0.035866 0.673611 0.039062 0.059343
7 0.172940 0.926136 0.039062 0.059343
5 0.539418 0.729167 0.039062 0.059343
8 0.555043 0.493056 0.039062 0.059343
1 0.695312 0.140783 0.068182 0.077020
6 0.322088 0.312500 0.039062 0.059343
3 0.800071 0.330177 0.039062 0.059343
8 0.557884 0.147096 0.039062 0.059343
5 0.934304 0.467803 0.039062 0.059343
5 0.544389 0.873106 0.039062 0.059343
7 0.185724 0.159722 0.039062 0.059343
6 0.050781 0.443813 0.039062 0.059343
2 0.435724 0.089015 0.029119 0.051768
8 0.324219 0.046086 0.039062 0.059343
0 0.687500 0.479167 0.068182 0.077020
3 0.974077 0.964015 0.039062 0.059343
4 0.784446 0.029672 0.039062 0.059343
