7 0.173651 0.504419 0.039062 0.059343
3 0.411577 0.942551 0.039062 0.059343
7 0.274503 0.859217 0.039062 0.059343
6 0.699929 0.852904 0.039062 0.059343
5 0.316406 0.440025 0.039062 0.059343
7 0.918679 0.649621 0.039062 0.059343
8 0.454190 0.645833 0.039062 0.059343
4 0.099787 0.467803 0.039062 0.059343
8 0.539418 0.482955 0.039062 0.059343
2 0.024503 0.291035 0.029119 0.051768
6 0.079901 0.653409 0.039062 0.059343
4 0.401634 0.496843 0.039062 0.059343
2 0.641690 0.042298 0.029119 0.051768
3 0.953480 0.918561 0.039062 0.059343
2 0.472656 0.044823 0.029119 0.051768
3 0.307884 0.360480 0.039062 0.059343
3 0.212713 0.965278 0.039062 0.059343
6 0.801491 0.907197 0.039062 0.059343
0 0.203125 0.697601 0.068182 0.077020
7 0.197088 0.244318 0.039062 0.059343
0 0.073153 0.090278 0.068182 0.077020
6 0.837713 0.528409 0.039062 0.059343
6 0.926491 0.308712 0.039062 0.059343
0 0.683239 0.325126 0.068182 0.077020
