2 0.231889 0.302399 0.029119 0.051768
2 0.079901 0.969066 0.029119 0.051768
1 0.796875 0.159722 0.068182 0.077020
6 0.601918 0.244318 0.039062 0.059343
8 0.592685 0.054924 0.039062 0.059343
5 0.160156 0.139520 0.039062 0.059343
5 0.039418 0.505682 0.039062 0.059343
1 0.933949 0.869318 0.068182 0.077020
0 0.953835 0.746843 0.068182 0.077020
0 0.827415 0.711490 0.068182 0.077020
1 0.083097 0.083965 0.068182 0.077020
5 0.662287 0.466540 0.039062 0.059343
5 0.304332 0.126894 0.039062 0.059343
4 0.194247 0.903409 0.039062 0.059343
5 0.476207 0.736742 0.039062 0.059343
8 0.216974 0.683712 0.039062 0.059343
3 0.664418 0.158460 0.039062 0.059343
6 0.351918 0.455177 0.039062 0.059343
8 0.347656 0.734217 0.039062 0.059343
8 0.945668 0.048611 0.039062 0.059343
4 0.049361 0.303662 0.039062 0.059343
0 0.437500 0.533460 0.068182 0.077020
1 0.333097 0.929924 0.068182 0.077020
7 0.413707 0.958965 0.039062 0.059343
4 0.400213 0.275884 0.039062 0.059343
2 0.832031 0.485480 0.029119 0.051768
7 0.074929 0.669823 0.039062 0.059343
4 0.543679 0.662247 0.039062 0.059343
0 0.550426 0.554924 0.068182 0.077020
2 0.807173 0.878157 0.029119 0.051768
8 0.790128 0.231692 0.039062 0.059343
2 0.980469 0.231692 0.029119 0.051768
7 0.572798 0.893308 0.039062 0.059343
6 0.394531 0.131944 0.039062 0.059343
0 0.691761 0.331439 0.068182 0.077020
5 0.678622 0.964015 0.039062 0.059343
8 0.225497 0.529672 0.039062 0.059343
