2 0.600497 0.292298 0.029119 0.051768
1 0.661932 0.440025 0.068182 0.077020
3 0.602628 0.892045 0.039062 0.059343
4 0.725497 0.748106 0.039062 0.059343
7 0.703480 0.330177 0.039062 0.059343
1 0.063920 0.445076 0.068182 0.077020
7 0.397372 0.134470 0.039062 0.059343
4 0.847656 0.351641 0.039062 0.059343
2 0.597656 0.025884 0.029119 0.051768
1 0.049006 0.894571 0.068182 0.077020
4 0.670810 0.956439 0.039062 0.059343
4 0.575639 0.672348 0.039062 0.059343
4 0.437855 0.738005 0.039062 0.059343
7 0.327060 0.164773 0.039062 0.059343
7 0.104759 0.344066 0.039062 0.059343
2 0.824929 0.693813 0.029119 0.051768
6 0.332031 0.458965 0.039062 0.059343
8 0.046520 0.696338 0.039062 0.059343
3 0.778764 0.047348 0.039062 0.059343
6 0.850497 0.445076 0.039062 0.059343
5 0.177912 0.666035 0.039062 0.059343
7 0.406605 0.857955 0.039062 0.059343
8 0.905185 0.365530 0.039062 0.059343
0 0.174006 0.342803 0.068182 0.077020
1 0.548295 0.510732 0.068182 0.077020
1 0.931818 0.470328 0.068182 0.077020
2 0.906605 0.046086 0.029119 0.051768
2 0.659446 0.076389 0.029119 0.051768
5 0.350497 0.629419 0.039062 0.059343
2 0.312145 0.936237 0.029119 0.051768
