7 0.680753 0.957702 0.039062 0.059343
6 0.082031 0.360480 0.039062 0.059343
1 0.816051 0.955177 0.068182 0.077020
2 0.185014 0.139520 0.029119 0.051768
0 0.694602 0.285985 0.068182 0.077020
3 0.417259 0.855429 0.039062 0.059343
4 0.826349 0.130682 0.039062 0.059343
3 0.702770 0.631944 0.039062 0.059343
0 0.813210 0.335227 0.068182 0.077020
5 0.202770 0.554924 0.039062 0.059343
1 0.044744 0.707702 0.068182 0.077020
2 0.454901 0.350379 0.029119 0.051768
0 0.078125 0.071338 0.068182 0.077020
1 0.544034 0.265783 0.068182 0.077020
3 0.700639 0.470328 0.039062 0.059343
4 0.957741 0.648359 0.039062 0.059343
0 0.304688 0.845328 0.068182 0.077020
1 0.927557 0.442551 0.068182 0.077020
3 0.587713 0.724116 0.039062 0.059343
8 0.417969 0.732955 0.039062 0.059343
3 0.207031 0.301136 0.039062 0.059343
4 0.281605 0.102904 0.039062 0.059343
1 0.681818 0.085227 0.068182 0.077020
6 0.324219 0.315025 0.039062 0.059343
2 0.531605 0.090278 0.029119 0.051768
0 0.436080 0.071338 0.068182 0.077020
5 0.525213 0.936237 0.039062 0.059343
1 0.065341 0.860480 0.068182 0.077020
8 0.827060 0.520833 0.039062 0.059343
1 0.309659 0.518308 0.068182 0.077020
8 0.032315 0.553662 0.039062 0.059343
7 0.954901 0.894571 0.039062 0.059343
7 0.185014 0.753157 0.039062 0.059343
3 0.208452 0.879419 0.039062 0.059343
7 0.452770 0.431187 0.039062 0.059343
2 0.341264 0.722854 0.029119 0.051768
5 0.949219 0.230429 0.039062 0.059343
0 0.965909 0.078914 0.068182 0.077020
5 0.534446 0.524621 0.039062 0.059343
8 0.793679 0.734217 0.039062 0.059343
