5 0.469815 0.712753 0.039062 0.059343
0 0.669744 0.884470 0.068182 0.077020
5 0.666548 0.517045 0.039062 0.059343
6 0.355469 0.667298 0.039062 0.059343
8 0.029474 0.725379 0.039062 0.059343
4 0.837713 0.671086 0.039062 0.059343
2 0.833452 0.047348 0.029119 0.051768
4 0.162287 0.830177 0.039062 0.059343
0 0.796875 0.519571 0.068182 0.077020
7 0.822088 0.966540 0.039062 0.059343
4 0.978338 0.163510 0.039062 0.059343
6 0.902344 0.351641 0.039062 0.059343
1 0.215909 0.707702 0.068182 0.077020
7 0.722656 0.061237 0.039062 0.059343
7 0.551491 0.160985 0.039062 0.059343
2 0.411577 0.086490 0.029119 0.051768
1 0.434659 0.340278 0.068182 0.077020
2 0.552202 0.336490 0.029119 0.051768
1 0.060369 0.158460 0.068182 0.077020
3 0.212003 0.091540 0.039062 0.059343
0 0.679688 0.755682 0.068182 0.077020
2 0.302202 0.255682 0.029119 0.051768
8 0.579190 0.841540 0.039062 0.059343
2 0.821378 0.342803 0.029119 0.051768
2 0.960582 0.482955 0.029119 0.051768
6 0.085582 0.951389 0.039062 0.059343
5 0.038707 0.360480 0.039062 0.059343
