2 0.401634 0.322601 0.029119 0.051768
5 0.769531 0.957702 0.039062 0.059343
0 0.714489 0.076389 0.068182 0.077020
4 0.681463 0.236742 0.039062 0.059343
8 0.034446 0.169823 0.039062 0.059343
7 0.334162 0.341540 0.039062 0.059343
6 0.043679 0.681187 0.039062 0.059343
6 0.924361 0.114268 0.039062 0.059343
4 0.229759 0.866793 0.039062 0.059343
5 0.069247 0.306187 0.039062 0.059343
6 0.270952 0.631944 0.039062 0.059343
4 0.353338 0.517045 0.039062 0.059343
4 0.596236 0.866793 0.039062 0.059343
3 0.807884 0.674874 0.039062 0.059343
1 0.830256 0.543561 0.068182 0.077020
7 0.599077 0.442551 0.039062 0.059343
8 0.922940 0.706439 0.039062 0.059343
6 0.826349 0.160985 0.039062 0.059343
4 0.912997 0.547348 0.039062 0.059343
6 0.676491 0.831439 0.039062 0.059343
5 0.052912 0.549874 0.039062 0.059343
5 0.536577 0.724116 0.039062 0.059343
1 0.333097 0.854167 0.068182 0.077020
3 0.411577 0.923611 0.039062 0.059343
3 0.837003 0.245581 0.039062 0.059343
2 0.479048 0.049874 0.029119 0.051768
7 0.552202 0.240530 0.039062 0.059343
6 0.076349 0.960227 0.039062 0.059343
2 0.723366 0.511995 0.029119 0.051768
3 0.439986 0.688763 0.039062 0.059343
2 0.189276 0.094066 0.029119 0.051768
2 0.320668 0.139520 0.029119 0.051768
6 0.681463 0.763258 0.039062 0.059343
5 0.170810 0.518308 0.039062 0.059343
0 0.588068 0.046086 0.068182 0.077020
0 0.933239 0.351641 0.068182 0.077020
3 0.193537 0.684975 0.039062 0.059343
4 0.479759 0.517045 0.039062 0.059343
