4 0.020952 0.274621 0.039062 0.059343
5 0.798651 0.876894 0.039062 0.059343
4 0.899503 0.884470 0.039062 0.059343
4 0.336293 0.900884 0.039062 0.059343
4 0.957741 0.451389 0.039062 0.059343
2 0.926491 0.759470 0.029119 0.051768
3 0.217685 0.119318 0.039062 0.059343
3 0.688565 0.076389 0.039062 0.059343
4 0.270952 0.163510 0.039062 0.059343
6 0.687145 0.697601 0.039062 0.059343
7 0.541548 0.044823 0.039062 0.059343
1 0.711648 0.933712 0.068182 0.077020
6 0.169389 0.965278 0.039062 0.059343
0 0.428267 0.267045 0.068182 0.077020
1 0.582386 0.644571 0.068182 0.077020
4 0.408026 0.946338 0.039062 0.059343
7 0.060014 0.557449 0.039062 0.059343
7 0.355469 0.630682 0.039062 0.059343
6 0.336293 0.452652 0.039062 0.059343
6 0.783736 0.720328 0.039062 0.059343
4 0.098366 0.759470 0.039062 0.059343
4 0.919389 0.268308 0.039062 0.059343
6 0.773793 0.039773 0.039062 0.059343
4 0.192827 0.678662 0.039062 0.059343
7 0.335582 0.359217 0.039062 0.059343
2 0.532315 0.450126 0.029119 0.051768
4 0.697798 0.484217 0.039062 0.059343
2 0.724077 0.231692 0.029119 0.051768
3 0.528764 0.250631 0.039062 0.059343
0 0.203835 0.534722 0.068182 0.077020
0 0.454545 0.153409 0.068182 0.077020
2 0.910156 0.125631 0.029119 0.051768
6 0.202770 0.245581 0.039062 0.059343
7 0.429332 0.433712 0.039062 0.059343
0 0.554688 0.840278 0.068182 0.077020
0 0.459517 0.662247 0.068182 0.077020
