4 0.297230 0.089015 0.039062 0.059343
8 0.209872 0.096591 0.039062 0.059343
7 0.147372 0.763258 0.039062 0.059343
5 0.271662 0.764520 0.039062 0.059343
8 0.932884 0.500631 0.039062 0.059343
7 0.939276 0.261995 0.039062 0.059343
6 0.565696 0.160985 0.039062 0.059343
6 0.071378 0.861742 0.039062 0.059343
2 0.158026 0.938763 0.029119 0.051768
5 0.408736 0.961490 0.039062 0.059343
0 0.465199 0.248106 0.068182 0.077020
1 0.804688 0.855429 0.068182 0.077020
1 0.289062 0.297348 0.068182 0.077020
6 0.944957 0.636995 0.039062 0.059343
3 0.769531 0.234217 0.039062 0.059343
5 0.077770 0.350379 0.039062 0.059343
4 0.454901 0.428662 0.039062 0.059343
1 0.818182 0.659722 0.068182 0.077020
8 0.714844 0.905934 0.039062 0.059343
8 0.572088 0.268308 0.039062 0.059343
1 0.441761 0.739268 0.068182 0.077020
0 0.585227 0.868056 0.068182 0.077020
6 0.019531 0.496843 0.039062 0.059343
3 0.708452 0.306187 0.039062 0.059343
1 0.912642 0.958965 0.068182 0.077020
6 0.594105 0.666035 0.039062 0.059343
0 0.693182 0.664773 0.068182 0.077020
2 0.811435 0.505682 0.029119 0.051768
0 0.041903 0.753157 0.068182 0.077020
1 0.334517 0.450126 0.068182 0.077020
3 0.395241 0.035985 0.039062 0.059343
1 0.663352 0.541035 0.068182 0.077020
8 0.570668 0.563763 0.039062 0.059343
5 0.095526 0.097854 0.039062 0.059343
6 0.322088 0.881944 0.039062 0.059343
4 0.200639 0.494318 0.039062 0.059343
