1 0.821733 0.741793 0.068182 0.077020
7 0.791548 0.922348 0.039062 0.059343
2 0.031605 0.297348 0.029119 0.051768
5 0.658026 0.748106 0.039062 0.059343
0 0.326705 0.844066 0.068182 0.077020
2 0.597656 0.057449 0.029119 0.051768
0 0.534801 0.863005 0.068182 0.077020
3 0.453480 0.924874 0.039062 0.059343
5 0.594105 0.342803 0.039062 0.059343
2 0.846946 0.081439 0.029119 0.051768
6 0.570668 0.470328 0.039062 0.059343
6 0.716264 0.089015 0.039062 0.059343
2 0.282315 0.085227 0.029119 0.051768
2 0.220526 0.924874 0.029119 0.051768
6 0.278764 0.648359 0.039062 0.059343
0 0.049716 0.720328 0.068182 0.077020
0 0.455256 0.515783 0.068182 0.077020
8 0.972656 0.315025 0.039062 0.059343
3 0.770241 0.369318 0.039062 0.059343
6 0.164418 0.041035 0.039062 0.059343
5 0.537997 0.640783 0.039062 0.059343
0 0.438920 0.128157 0.068182 0.077020
5 0.714844 0.278409 0.039062 0.059343
3 0.666548 0.445076 0.039062 0.059343
3 0.339844 0.567551 0.039062 0.059343
3 0.058594 0.506944 0.039062 0.059343
8 0.396662 0.315025 0.039062 0.059343
4 0.099787 0.134470 0.039062 0.059343
0 0.925426 0.517045 0.068182 0.077020
3 0.927202 0.902146 0.039062 0.059343
6 0.055753 0.827652 0.039062 0.059343
6 0.162997 0.341540 0.039062 0.059343
6 0.319247 0.265783 0.039062 0.059343
2 0.920099 0.644571 0.029119 0.051768
0 0.185369 0.653409 0.068182 0.077020
