8 0.099787 0.886995 0.039062 0.059343
1 0.909801 0.683712 0.068182 0.077020
7 0.297230 0.857955 0.039062 0.059343
6 0.569247 0.460227 0.039062 0.059343
5 0.814986 0.654672 0.039062 0.059343
2 0.731179 0.732955 0.029119 0.051768
7 0.098366 0.527146 0.039062 0.059343
6 0.230469 0.280934 0.039062 0.059343
2 0.225497 0.851641 0.029119 0.051768
3 0.193537 0.636995 0.039062 0.059343
6 0.773082 0.104167 0.039062 0.059343
1 0.579545 0.102904 0.068182 0.077020
3 0.162287 0.032197 0.039062 0.059343
6 0.975497 0.873106 0.039062 0.059343
0 0.337358 0.451389 0.068182 0.077020
2 0.721946 0.505682 0.029119 0.051768
6 0.462003 0.089015 0.039062 0.059343
5 0.324929 0.251894 0.039062 0.059343
1 0.553977 0.306187 0.068182 0.077020
4 0.783026 0.933712 0.039062 0.059343
0 0.699574 0.881944 0.068182 0.077020
7 0.306463 0.080177 0.039062 0.059343
8 0.188565 0.519571 0.039062 0.059343
0 0.690341 0.149621 0.068182 0.077020
2 0.768821 0.484217 0.029119 0.051768
2 0.452770 0.503157 0.029119 0.051768
7 0.663707 0.304924 0.039062 0.059343
0 0.924006 0.126894 0.068182 0.077020
8 0.424361 0.241793 0.039062 0.059343
