7 0.467685 0.097854 0.039062 0.059343
0 0.325994 0.919823 0.068182 0.077020
2 0.930043 0.158460 0.029119 0.051768
3 0.211293 0.768308 0.039062 0.059343
6 0.469105 0.562500 0.039062 0.059343
0 0.805398 0.517045 0.068182 0.077020
8 0.175781 0.297348 0.039062 0.059343
3 0.774503 0.092803 0.039062 0.059343
6 0.158026 0.119318 0.039062 0.059343
5 0.321378 0.428662 0.039062 0.059343
4 0.279474 0.659722 0.039062 0.059343
8 0.957031 0.501894 0.039062 0.059343
5 0.687855 0.759470 0.039062 0.059343
0 0.050426 0.705177 0.068182 0.077020
4 0.422940 0.235480 0.039062 0.059343
8 0.902344 0.231692 0.039062 0.059343
7 0.851918 0.735480 0.039062 0.059343
0 0.800426 0.255682 0.068182 0.077020
3 0.057173 0.865530 0.039062 0.059343
5 0.542259 0.508207 0.039062 0.059343
1 0.463778 0.929924 0.068182 0.077020
3 0.558594 0.847854 0.039062 0.059343
7 0.781605 0.948864 0.039062 0.059343
2 0.219815 0.961490 0.029119 0.051768
4 0.460582 0.745581 0.039062 0.059343
3 0.307173 0.255682 0.039062 0.059343
8 0.723366 0.349116 0.039062 0.059343
6 0.645241 0.032197 0.039062 0.059343
3 0.702060 0.876894 0.039062 0.059343
5 0.049361 0.307449 0.039062 0.059343
1 0.708807 0.520833 0.068182 0.077020
8 0.222656 0.543561 0.039062 0.059343
8 0.601207 0.729167 0.039062 0.059343
5 0.597656 0.274621 0.039062 0.059343
7 0.520241 0.134470 0.039062 0.059343
7 0.087003 0.144571 0.039062 0.059343
6 0.912287 0.960227 0.039062 0.059343
