1 0.183239 0.644571 0.068182 0.077020
3 0.933594 0.267045 0.039062 0.059343
6 0.077060 0.342803 0.039062 0.059343
2 0.961293 0.897096 0.029119 0.051768
2 0.847656 0.572601 0.029119 0.051768
6 0.169389 0.845328 0.039062 0.059343
1 0.051136 0.139520 0.068182 0.077020
7 0.220526 0.159722 0.039062 0.059343
3 0.074219 0.563763 0.039062 0.059343
2 0.058594 0.831439 0.029119 0.051768
7 0.469815 0.270833 0.039062 0.059343
6 0.540128 0.053662 0.039062 0.059343
1 0.797585 0.113005 0.068182 0.077020
3 0.413707 0.119318 0.039062 0.059343
1 0.933949 0.499369 0.068182 0.077020
2 0.464844 0.509470 0.029119 0.051768
8 0.197088 0.544823 0.039062 0.059343
0 0.284801 0.926136 0.068182 0.077020
1 0.700284 0.553662 0.068182 0.077020
2 0.448509 0.825126 0.029119 0.051768
3 0.150923 0.238005 0.039062 0.059343
8 0.687145 0.317551 0.039062 0.059343
2 0.971946 0.761995 0.029119 0.051768
7 0.341974 0.118056 0.039062 0.059343
3 0.285156 0.261995 0.039062 0.059343
