2 0.807173 0.140783 0.029119 0.051768
3 0.056463 0.566288 0.039062 0.059343
4 0.924361 0.119318 0.039062 0.059343
2 0.201349 0.462753 0.029119 0.051768
0 0.699574 0.285985 0.068182 0.077020
8 0.718395 0.511995 0.039062 0.059343
4 0.032315 0.043561 0.039062 0.059343
6 0.334872 0.682449 0.039062 0.059343
5 0.206321 0.102904 0.039062 0.059343
4 0.970526 0.275884 0.039062 0.059343
5 0.895241 0.871843 0.039062 0.059343
1 0.326705 0.875631 0.068182 0.077020
6 0.026634 0.832702 0.039062 0.059343
2 0.674361 0.859217 0.029119 0.051768
8 0.050781 0.356692 0.039062 0.059343
4 0.554332 0.138258 0.039062 0.059343
7 0.792259 0.744318 0.039062 0.059343
7 0.432173 0.879419 0.039062 0.059343
8 0.454190 0.315025 0.039062 0.059343
4 0.430043 0.457702 0.039062 0.059343
7 0.439986 0.666035 0.039062 0.059343
0 0.200994 0.724116 0.068182 0.077020
6 0.444957 0.072601 0.039062 0.059343
3 0.525923 0.914773 0.039062 0.059343
4 0.579190 0.648359 0.039062 0.059343
0 0.590199 0.481692 0.068182 0.077020
5 0.898082 0.491793 0.039062 0.059343
2 0.344105 0.351641 0.029119 0.051768
7 0.286577 0.505682 0.039062 0.059343
7 0.074929 0.647096 0.039062 0.059343
5 0.915838 0.642045 0.039062 0.059343
6 0.191406 0.229167 0.039062 0.059343
6 0.846236 0.863005 0.039062 0.059343
2 0.718395 0.070076 0.029119 0.051768
8 0.570668 0.264520 0.039062 0.059343
2 0.685014 0.633207 0.029119 0.051768
4 0.177912 0.928662 0.039062 0.059343
3 0.322088 0.054924 0.039062 0.059343
