4 0.424361 0.684975 0.039062 0.059343
4 0.285156 0.707702 0.039062 0.059343
8 0.061435 0.291035 0.039062 0.059343
2 0.414418 0.325126 0.029119 0.051768
8 0.402344 0.866793 0.039062 0.059343
0 0.203125 0.934975 0.068182 0.077020
0 0.840909 0.501894 0.068182 0.077020
6 0.420810 0.491793 0.039062 0.059343
5 0.780895 0.369318 0.039062 0.059343
5 0.064986 0.111742 0.039062 0.059343
7 0.051491 0.693813 0.039062 0.059343
7 0.074929 0.962753 0.039062 0.059343
1 0.667614 0.500631 0.068182 0.077020
4 0.778054 0.879419 0.039062 0.059343
7 0.597656 0.274621 0.039062 0.059343
4 0.298651 0.486742 0.039062 0.059343
0 0.921875 0.636995 0.068182 0.077020
1 0.662642 0.341540 0.068182 0.077020
7 0.312855 0.350379 0.039062 0.059343
4 0.078480 0.469066 0.039062 0.059343
7 0.664418 0.702652 0.039062 0.059343
1 0.838068 0.736742 0.068182 0.077020
4 0.729759 0.923611 0.039062 0.059343
4 0.551491 0.965278 0.039062 0.059343
3 0.728338 0.070076 0.039062 0.059343
6 0.144531 0.466540 0.039062 0.059343
6 0.317116 0.950126 0.039062 0.059343
1 0.929688 0.096591 0.068182 0.077020
5 0.354048 0.125631 0.039062 0.059343
6 0.160156 0.272096 0.039062 0.059343
1 0.179688 0.676136 0.068182 0.077020
8 0.534446 0.059975 0.039062 0.059343
0 0.542614 0.667298 0.068182 0.077020
0 0.954545 0.441288 0.068182 0.077020
4 0.201349 0.138258 0.039062 0.059343
8 0.777344 0.096591 0.039062 0.059343
0 0.585227 0.474116 0.068182 0.077020
6 0.430753 0.160985 0.039062 0.059343
3 0.920099 0.894571 0.039062 0.059343
