0 0.043324 0.451389 0.068182 0.077020
3 0.685724 0.450126 0.039062 0.059343
3 0.224787 0.280934 0.039062 0.059343
8 0.429332 0.835227 0.039062 0.059343
1 0.049716 0.346591 0.068182 0.077020
5 0.844105 0.907197 0.039062 0.059343
1 0.159091 0.056187 0.068182 0.077020
4 0.322798 0.941288 0.039062 0.059343
8 0.522372 0.717803 0.039062 0.059343
7 0.587713 0.291035 0.039062 0.059343
3 0.346236 0.284722 0.039062 0.059343
5 0.555043 0.528409 0.039062 0.059343
4 0.210582 0.527146 0.039062 0.059343
4 0.934304 0.509470 0.039062 0.059343
8 0.448509 0.136995 0.039062 0.059343
1 0.054688 0.116793 0.068182 0.077020
1 0.702415 0.341540 0.068182 0.077020
1 0.576705 0.111742 0.068182 0.077020
7 0.833452 0.750631 0.039062 0.059343
4 0.910866 0.229167 0.039062 0.059343
7 0.172230 0.686237 0.039062 0.059343
1 0.933239 0.864268 0.068182 0.077020
8 0.329901 0.162247 0.039062 0.059343
5 0.321378 0.683712 0.039062 0.059343
6 0.830611 0.522096 0.039062 0.059343
7 0.925071 0.037247 0.039062 0.059343
0 0.055398 0.739268 0.068182 0.077020
1 0.715909 0.899621 0.068182 0.077020
6 0.163707 0.899621 0.039062 0.059343
3 0.422230 0.679924 0.039062 0.059343
7 0.702770 0.061237 0.039062 0.059343
8 0.724787 0.642045 0.039062 0.059343
4 0.439276 0.350379 0.039062 0.059343
0 0.936080 0.727904 0.068182 0.077020
1 0.417614 0.490530 0.068182 0.077020
