2 0.890270 0.942551 0.029119 0.051768
5 0.176491 0.708965 0.039062 0.059343
5 0.160156 0.966540 0.039062 0.059343
7 0.300781 0.755682 0.039062 0.059343
1 0.829545 0.039773 0.068182 0.077020
1 0.302557 0.072601 0.068182 0.077020
6 0.685014 0.365530 0.039062 0.059343
4 0.310014 0.897096 0.039062 0.059343
7 0.809304 0.761995 0.039062 0.059343
4 0.187855 0.306187 0.039062 0.059343
0 0.058949 0.109217 0.068182 0.077020
0 0.953835 0.746843 0.068182 0.077020
1 0.058949 0.852904 0.068182 0.077020
6 0.552912 0.447601 0.039062 0.059343
3 0.405895 0.886995 0.039062 0.059343
3 0.662997 0.563763 0.039062 0.059343
4 0.532315 0.878157 0.039062 0.059343
7 0.077770 0.243056 0.039062 0.059343
7 0.031605 0.565025 0.039062 0.059343
1 0.558949 0.131944 0.068182 0.077020
0 0.572443 0.739268 0.068182 0.077020
1 0.700994 0.754419 0.068182 0.077020
4 0.794389 0.546086 0.039062 0.059343
4 0.281605 0.327652 0.039062 0.059343
2 0.968395 0.496843 0.029119 0.051768
2 0.109730 0.719066 0.029119 0.051768
6 0.427912 0.482955 0.039062 0.059343
0 0.454545 0.698864 0.068182 0.077020
5 0.427912 0.273359 0.039062 0.059343
4 0.570668 0.333965 0.039062 0.059343
3 0.716264 0.149621 0.039062 0.059343
2 0.934304 0.360480 0.029119 0.051768
1 0.423295 0.058712 0.068182 0.077020
3 0.333452 0.566288 0.039062 0.059343
8 0.662287 0.936237 0.039062 0.059343
8 0.850497 0.340278 0.039062 0.059343
3 0.160156 0.052399 0.039062 0.059343
8 0.795099 0.904672 0.039062 0.059343
