3 0.450639 0.768308 0.039062 0.059343
8 0.566406 0.634470 0.039062 0.059343
7 0.444247 0.090278 0.039062 0.059343
3 0.273793 0.246843 0.039062 0.059343
3 0.793679 0.315025 0.039062 0.059343
2 0.528054 0.876894 0.029119 0.051768
7 0.026634 0.690025 0.039062 0.059343
0 0.660511 0.496843 0.068182 0.077020
4 0.778764 0.712753 0.039062 0.059343
2 0.143821 0.946338 0.029119 0.051768
4 0.403764 0.519571 0.039062 0.059343
6 0.028054 0.154672 0.039062 0.059343
7 0.913707 0.279672 0.039062 0.059343
8 0.567827 0.368056 0.039062 0.059343
5 0.283736 0.754419 0.039062 0.059343
2 0.639560 0.711490 0.029119 0.051768
7 0.329190 0.438763 0.039062 0.059343
4 0.917259 0.833965 0.039062 0.059343
4 0.535156 0.481692 0.039062 0.059343
6 0.684304 0.261995 0.039062 0.059343
3 0.895241 0.768308 0.039062 0.059343
2 0.479048 0.284722 0.029119 0.051768
1 0.165483 0.481692 0.068182 0.077020
7 0.830611 0.107955 0.039062 0.059343
2 0.660866 0.913510 0.029119 0.051768
1 0.819602 0.441288 0.068182 0.077020
7 0.042969 0.261995 0.039062 0.059343
8 0.157315 0.686237 0.039062 0.059343
4 0.080611 0.470328 0.039062 0.059343
8 0.657315 0.049874 0.039062 0.059343
4 0.200639 0.052399 0.039062 0.059343
8 0.412287 0.884470 0.039062 0.059343
0 0.291193 0.934975 0.068182 0.077020
8 0.925071 0.063763 0.039062 0.059343
3 0.064276 0.953914 0.039062 0.059343
