8 0.815696 0.761995 0.039062 0.059343
5 0.054332 0.905934 0.039062 0.059343
2 0.268111 0.136995 0.029119 0.051768
1 0.542614 0.703914 0.068182 0.077020
6 0.592685 0.952652 0.039062 0.059343
7 0.789418 0.091540 0.039062 0.059343
1 0.570312 0.066288 0.068182 0.077020
1 0.424006 0.356692 0.068182 0.077020
0 0.957386 0.908460 0.068182 0.077020
5 0.455611 0.851641 0.039062 0.059343
7 0.677912 0.489268 0.039062 0.059343
6 0.285156 0.489268 0.039062 0.059343
8 0.101918 0.125631 0.039062 0.059343
1 0.453835 0.081439 0.068182 0.077020
8 0.646662 0.759470 0.039062 0.059343
4 0.479759 0.636995 0.039062 0.059343
4 0.209872 0.149621 0.039062 0.059343
8 0.064276 0.234217 0.039062 0.059343
0 0.952415 0.047348 0.068182 0.077020
6 0.303622 0.859217 0.039062 0.059343
0 0.175426 0.744318 0.068182 0.077020
3 0.222656 0.280934 0.039062 0.059343
1 0.436790 0.484217 0.068182 0.077020
0 0.833097 0.250631 0.068182 0.077020
2 0.839844 0.554924 0.029119 0.051768
6 0.939276 0.760732 0.039062 0.059343
4 0.291548 0.289773 0.039062 0.059343
0 0.960227 0.331439 0.068182 0.077020
5 0.153054 0.429924 0.039062 0.059343
3 0.850497 0.881944 0.039062 0.059343
2 0.641690 0.076389 0.029119 0.051768
