5 0.798651 0.429924 0.039062 0.059343
5 0.555043 0.900884 0.039062 0.059343
2 0.963423 0.860480 0.029119 0.051768
4 0.599787 0.666035 0.039062 0.059343
1 0.200284 0.866793 0.068182 0.077020
7 0.020241 0.336490 0.039062 0.059343
3 0.398793 0.730429 0.039062 0.059343
5 0.645952 0.966540 0.039062 0.059343
3 0.022372 0.505682 0.039062 0.059343
4 0.934304 0.347854 0.039062 0.059343
0 0.796875 0.933712 0.068182 0.077020
6 0.603338 0.347854 0.039062 0.059343
7 0.050071 0.724116 0.039062 0.059343
8 0.658736 0.664773 0.039062 0.059343
1 0.291193 0.147096 0.068182 0.077020
7 0.160866 0.255682 0.039062 0.059343
3 0.661577 0.258207 0.039062 0.059343
5 0.959162 0.726641 0.039062 0.059343
8 0.678622 0.073864 0.039062 0.059343
5 0.273082 0.292298 0.039062 0.059343
0 0.419744 0.095328 0.068182 0.077020
6 0.838423 0.288510 0.039062 0.059343
0 0.822443 0.091540 0.068182 0.077020
0 0.683239 0.533460 0.068182 0.077020
3 0.535156 0.551136 0.039062 0.059343
5 0.207031 0.628157 0.039062 0.059343
5 0.463423 0.368056 0.039062 0.059343
3 0.053622 0.967803 0.039062 0.059343
0 0.948153 0.121843 0.068182 0.077020
1 0.087358 0.048611 0.068182 0.077020
2 0.577770 0.028409 0.029119 0.051768
0 0.287642 0.676136 0.068182 0.077020
7 0.283736 0.513258 0.039062 0.059343
