2 0.729759 0.629419 0.029119 0.051768
0 0.820312 0.658460 0.068182 0.077020
2 0.209872 0.729167 0.029119 0.051768
8 0.183594 0.902146 0.039062 0.059343
0 0.712358 0.893308 0.068182 0.077020
7 0.070668 0.634470 0.039062 0.059343
6 0.530185 0.743056 0.039062 0.059343
0 0.186080 0.293561 0.068182 0.077020
0 0.295455 0.894571 0.068182 0.077020
6 0.775213 0.494318 0.039062 0.059343
0 0.300426 0.101641 0.068182 0.077020
3 0.913707 0.062500 0.039062 0.059343
6 0.827060 0.923611 0.039062 0.059343
5 0.666548 0.530934 0.039062 0.059343
0 0.335227 0.316288 0.068182 0.077020
2 0.959872 0.828914 0.029119 0.051768
1 0.448864 0.871843 0.068182 0.077020
3 0.069247 0.366793 0.039062 0.059343
3 0.956321 0.745581 0.039062 0.059343
3 0.434304 0.477904 0.039062 0.059343
3 0.081321 0.136995 0.039062 0.059343
8 0.432173 0.707702 0.039062 0.059343
8 0.082741 0.438763 0.039062 0.059343
4 0.404474 0.369318 0.039062 0.059343
2 0.564276 0.287247 0.029119 0.051768
6 0.837003 0.254419 0.039062 0.059343
