4 0.292969 0.051136 0.039062 0.059343
1 0.671875 0.936237 0.068182 0.077020
6 0.199929 0.453914 0.039062 0.059343
4 0.684304 0.087753 0.039062 0.059343
3 0.824929 0.075126 0.039062 0.059343
1 0.810369 0.857955 0.068182 0.077020
5 0.207741 0.745581 0.039062 0.059343
7 0.596236 0.135732 0.039062 0.059343
8 0.055043 0.089015 0.039062 0.059343
8 0.099787 0.258207 0.039062 0.059343
4 0.790838 0.230429 0.039062 0.059343
6 0.531605 0.868056 0.039062 0.059343
2 0.528054 0.475379 0.029119 0.051768
8 0.901634 0.491793 0.039062 0.059343
2 0.890270 0.756944 0.029119 0.051768
0 0.963778 0.288510 0.068182 0.077020
5 0.272372 0.953914 0.039062 0.059343
0 0.709517 0.470328 0.068182 0.077020
8 0.046520 0.696338 0.039062 0.059343
8 0.679332 0.321338 0.039062 0.059343
2 0.688565 0.688763 0.029119 0.051768
4 0.416548 0.278409 0.039062 0.059343
2 0.175781 0.235480 0.029119 0.051768
3 0.339134 0.734217 0.039062 0.059343
6 0.205611 0.885732 0.039062 0.059343
