2 0.606179 0.153409 0.029119 0.051768
3 0.572798 0.653409 0.039062 0.059343
8 0.979759 0.554924 0.039062 0.059343
0 0.561790 0.518308 0.068182 0.077020
6 0.811435 0.657197 0.039062 0.059343
6 0.672230 0.760732 0.039062 0.059343
6 0.339844 0.866793 0.039062 0.059343
4 0.182173 0.128157 0.039062 0.059343
6 0.160866 0.912247 0.039062 0.059343
4 0.038707 0.529672 0.039062 0.059343
1 0.412642 0.277146 0.068182 0.077020
0 0.951705 0.958965 0.068182 0.077020
5 0.082741 0.662247 0.039062 0.059343
5 0.339844 0.072601 0.039062 0.059343
7 0.827060 0.354167 0.039062 0.059343
4 0.604048 0.270833 0.039062 0.059343
1 0.206676 0.298611 0.068182 0.077020
8 0.926491 0.101641 0.039062 0.059343
8 0.214134 0.708965 0.039062 0.059343
6 0.834872 0.434975 0.039062 0.059343
5 0.431463 0.448864 0.039062 0.059343
5 0.177202 0.559975 0.039062 0.059343
4 0.327060 0.561237 0.039062 0.059343
7 0.100497 0.922348 0.039062 0.059343
8 0.449219 0.688763 0.039062 0.059343
8 0.042259 0.294823 0.039062 0.059343
