2 0.105469 0.933712 0.029119 0.051768
5 0.963423 0.041035 0.039062 0.059343
7 0.030895 0.552399 0.039062 0.059343
1 0.458097 0.289773 0.068182 0.077020
4 0.705611 0.091540 0.039062 0.059343
1 0.809659 0.919823 0.068182 0.077020
0 0.284091 0.058712 0.068182 0.077020
0 0.435369 0.499369 0.068182 0.077020
3 0.582741 0.695076 0.039062 0.059343
8 0.320668 0.667298 0.039062 0.059343
6 0.672940 0.489268 0.039062 0.059343
5 0.956321 0.933712 0.039062 0.059343
8 0.069247 0.342803 0.039062 0.059343
5 0.717685 0.313763 0.039062 0.059343
7 0.560014 0.316288 0.039062 0.059343
6 0.310724 0.236742 0.039062 0.059343
4 0.445668 0.936237 0.039062 0.059343
3 0.646662 0.659722 0.039062 0.059343
0 0.079545 0.756944 0.068182 0.077020
6 0.933594 0.748106 0.039062 0.059343
4 0.206321 0.652146 0.039062 0.059343
3 0.827770 0.308712 0.039062 0.059343
