1 0.541903 0.700126 0.068182 0.077020
8 0.312855 0.311237 0.039062 0.059343
3 0.162997 0.099116 0.039062 0.059343
3 0.459162 0.865530 0.039062 0.059343
7 0.954901 0.070076 0.039062 0.059343
7 0.600497 0.259470 0.039062 0.059343
8 0.653054 0.875631 0.039062 0.059343
3 0.454190 0.472854 0.039062 0.059343
0 0.075994 0.153409 0.068182 0.077020
8 0.848366 0.542298 0.039062 0.059343
4 0.406605 0.726641 0.039062 0.059343
8 0.311435 0.649621 0.039062 0.059343
7 0.461293 0.234217 0.039062 0.059343
3 0.795810 0.660985 0.039062 0.059343
0 0.034091 0.482955 0.068182 0.077020
0 0.422585 0.123106 0.068182 0.077020
1 0.835227 0.072601 0.068182 0.077020
7 0.303622 0.482955 0.039062 0.059343
6 0.920810 0.663510 0.039062 0.059343
6 0.656605 0.147096 0.039062 0.059343
0 0.562500 0.114268 0.068182 0.077020
2 0.023793 0.926136 0.029119 0.051768
6 0.327060 0.902146 0.039062 0.059343
6 0.689986 0.562500 0.039062 0.059343
7 0.562855 0.481692 0.039062 0.059343
