3 0.949929 0.628157 0.039062 0.059343
6 0.103338 0.318813 0.039062 0.059343
8 0.567827 0.432449 0.039062 0.059343
1 0.319602 0.551136 0.068182 0.077020
8 0.953480 0.511995 0.039062 0.059343
0 0.080256 0.873106 0.068182 0.077020
5 0.460582 0.684975 0.039062 0.059343
3 0.541548 0.347854 0.039062 0.059343
4 0.167969 0.095328 0.039062 0.059343
8 0.180043 0.692551 0.039062 0.059343
3 0.461293 0.445076 0.039062 0.059343
8 0.697088 0.136995 0.039062 0.059343
4 0.904474 0.047348 0.039062 0.059343
4 0.719105 0.671086 0.039062 0.059343
1 0.931108 0.297348 0.068182 0.077020
4 0.309304 0.361742 0.039062 0.059343
1 0.449574 0.306187 0.068182 0.077020
0 0.411222 0.076389 0.068182 0.077020
4 0.570668 0.890783 0.039062 0.059343
2 0.421520 0.861742 0.029119 0.051768
1 0.212358 0.326389 0.068182 0.077020
0 0.791903 0.530934 0.068182 0.077020
0 0.679688 0.840278 0.068182 0.077020
4 0.902344 0.836490 0.039062 0.059343
4 0.212003 0.471591 0.039062 0.059343
4 0.788707 0.630682 0.039062 0.059343
7 0.831321 0.255682 0.039062 0.059343
7 0.176491 0.945076 0.039062 0.059343
1 0.066761 0.477904 0.068182 0.077020
8 0.282315 0.839015 0.039062 0.059343
5 0.072798 0.153409 0.039062 0.059343
1 0.586648 0.696338 0.068182 0.077020
2 0.641690 0.227904 0.029119 0.051768
2 0.038707 0.724116 0.029119 0.051768
3 0.604759 0.107955 0.039062 0.059343
2 0.790128 0.825126 0.029119 0.051768
