5 0.399503 0.672348 0.039062 0.059343
8 0.067827 0.744318 0.039062 0.059343
3 0.799361 0.475379 0.039062 0.059343
2 0.709872 0.311237 0.029119 0.051768
8 0.034446 0.561237 0.039062 0.059343
6 0.285156 0.250631 0.039062 0.059343
5 0.184304 0.484217 0.039062 0.059343
7 0.917969 0.446338 0.039062 0.059343
3 0.312145 0.634470 0.039062 0.059343
6 0.199219 0.859217 0.039062 0.059343
6 0.684304 0.837753 0.039062 0.059343
5 0.212713 0.128157 0.039062 0.059343
4 0.398082 0.886995 0.039062 0.059343
7 0.577060 0.347854 0.039062 0.059343
4 0.355469 0.116793 0.039062 0.059343
8 0.093395 0.263258 0.039062 0.059343
6 0.827060 0.681187 0.039062 0.059343
4 0.950639 0.650884 0.039062 0.059343
4 0.536577 0.721591 0.039062 0.059343
1 0.578125 0.080177 0.068182 0.077020
3 0.182173 0.655934 0.039062 0.059343
3 0.649503 0.736742 0.039062 0.059343
0 0.571733 0.506944 0.068182 0.077020
2 0.197088 0.241793 0.029119 0.051768
8 0.773082 0.321338 0.039062 0.059343
8 0.804332 0.888258 0.039062 0.059343
1 0.953835 0.943813 0.068182 0.077020
5 0.340554 0.503157 0.039062 0.059343
