2 0.234730 0.482955 0.029119 0.051768
7 0.310014 0.488005 0.039062 0.059343
4 0.078480 0.687500 0.039062 0.059343
2 0.429332 0.298611 0.029119 0.051768
1 0.339489 0.244318 0.068182 0.077020
6 0.687855 0.642045 0.039062 0.059343
2 0.405185 0.491793 0.029119 0.051768
7 0.094815 0.947601 0.039062 0.059343
2 0.148082 0.635732 0.029119 0.051768
0 0.916193 0.253157 0.068182 0.077020
8 0.717685 0.128157 0.039062 0.059343
7 0.285156 0.856692 0.039062 0.059343
1 0.963068 0.482955 0.068182 0.077020
3 0.155895 0.162247 0.039062 0.059343
6 0.474787 0.725379 0.039062 0.059343
4 0.948509 0.929924 0.039062 0.059343
8 0.687145 0.938763 0.039062 0.059343
1 0.828125 0.043561 0.068182 0.077020
0 0.583807 0.133207 0.068182 0.077020
2 0.515980 0.967803 0.029119 0.051768
4 0.817116 0.303662 0.039062 0.059343
5 0.461293 0.150884 0.039062 0.059343
4 0.957741 0.691288 0.039062 0.059343
7 0.650923 0.514520 0.039062 0.059343
1 0.819602 0.701389 0.068182 0.077020
1 0.325284 0.750631 0.068182 0.077020
4 0.410866 0.958965 0.039062 0.059343
8 0.909446 0.134470 0.039062 0.059343
