3 0.087003 0.635732 0.039062 0.059343
3 0.444957 0.889520 0.039062 0.059343
7 0.811435 0.895833 0.039062 0.059343
5 0.975497 0.443813 0.039062 0.059343
4 0.042969 0.032197 0.039062 0.059343
7 0.601918 0.456439 0.039062 0.059343
4 0.966264 0.264520 0.039062 0.059343
7 0.923651 0.681187 0.039062 0.059343
8 0.687855 0.135732 0.039062 0.059343
3 0.023082 0.543561 0.039062 0.059343
4 0.469815 0.299874 0.039062 0.059343
1 0.203125 0.071338 0.068182 0.077020
7 0.969105 0.120581 0.039062 0.059343
2 0.453480 0.153409 0.029119 0.051768
4 0.541548 0.354167 0.039062 0.059343
3 0.596946 0.642045 0.039062 0.059343
2 0.423651 0.544823 0.029119 0.051768
4 0.341264 0.236742 0.039062 0.059343
8 0.772372 0.086490 0.039062 0.059343
0 0.288352 0.048611 0.068182 0.077020
5 0.675781 0.888258 0.039062 0.059343
8 0.675071 0.759470 0.039062 0.059343
2 0.094815 0.826389 0.029119 0.051768
4 0.534446 0.912247 0.039062 0.059343
3 0.206321 0.837753 0.039062 0.059343
4 0.409446 0.688763 0.039062 0.059343
0 0.325284 0.878157 0.068182 0.077020
1 0.059659 0.313763 0.068182 0.077020
2 0.352628 0.647096 0.029119 0.051768
0 0.215199 0.481692 0.068182 0.077020
3 0.914418 0.936237 0.039062 0.059343
3 0.699929 0.350379 0.039062 0.059343
7 0.204190 0.336490 0.039062 0.059343
7 0.786577 0.256944 0.039062 0.059343
3 0.719105 0.508207 0.039062 0.059343
8 0.810014 0.687500 0.039062 0.059343
6 0.805753 0.524621 0.039062 0.059343
3 0.153764 0.765783 0.039062 0.059343
