6 0.585582 0.451389 0.039062 0.059343
5 0.035866 0.431187 0.039062 0.059343
2 0.694247 0.934975 0.029119 0.051768
7 0.090554 0.722854 0.039062 0.059343
0 0.410511 0.727904 0.068182 0.077020
7 0.578480 0.106692 0.039062 0.059343
5 0.319957 0.318813 0.039062 0.059343
7 0.675781 0.559975 0.039062 0.059343
2 0.980469 0.167298 0.029119 0.051768
4 0.289418 0.895833 0.039062 0.059343
4 0.819957 0.666035 0.039062 0.059343
8 0.174361 0.253157 0.039062 0.059343
1 0.812500 0.927399 0.068182 0.077020
5 0.188565 0.160985 0.039062 0.059343
1 0.463778 0.143308 0.068182 0.077020
3 0.201349 0.676136 0.039062 0.059343
5 0.854759 0.294823 0.039062 0.059343
0 0.442472 0.278409 0.068182 0.077020
1 0.442472 0.552399 0.068182 0.077020
0 0.560369 0.320076 0.068182 0.077020
0 0.065341 0.085227 0.068182 0.077020
4 0.156605 0.537247 0.039062 0.059343
3 0.042259 0.884470 0.039062 0.059343
8 0.302912 0.679924 0.039062 0.059343
8 0.275923 0.087753 0.039062 0.059343
0 0.932528 0.951389 0.068182 0.077020
