0 0.946733 0.878157 0.068182 0.077020
4 0.403764 0.628157 0.039062 0.059343
7 0.797230 0.168561 0.039062 0.059343
1 0.039062 0.097854 0.068182 0.077020
3 0.199929 0.549874 0.039062 0.059343
3 0.227628 0.957702 0.039062 0.059343
0 0.677557 0.890783 0.068182 0.077020
8 0.798651 0.288510 0.039062 0.059343
0 0.919744 0.342803 0.068182 0.077020
4 0.894531 0.097854 0.039062 0.059343
6 0.834162 0.758207 0.039062 0.059343
5 0.350497 0.908460 0.039062 0.059343
8 0.911577 0.635732 0.039062 0.059343
5 0.083452 0.443813 0.039062 0.059343
7 0.050781 0.937500 0.039062 0.059343
8 0.552912 0.674874 0.039062 0.059343
8 0.537997 0.150884 0.039062 0.059343
4 0.785156 0.876894 0.039062 0.059343
6 0.163707 0.303662 0.039062 0.059343
5 0.344105 0.283460 0.039062 0.059343
2 0.660866 0.354167 0.029119 0.051768
8 0.275213 0.456439 0.039062 0.059343
2 0.015270 0.351641 0.029119 0.051768
5 0.207741 0.144571 0.039062 0.059343
7 0.227628 0.639520 0.039062 0.059343
5 0.464134 0.961490 0.039062 0.059343
0 0.676847 0.038510 0.068182 0.077020
1 0.955256 0.503157 0.068182 0.077020
5 0.718395 0.768308 0.039062 0.059343
5 0.435724 0.125631 0.039062 0.059343
8 0.456321 0.342803 0.039062 0.059343
4 0.104759 0.638258 0.039062 0.059343
8 0.331321 0.705177 0.039062 0.059343
1 0.446733 0.542298 0.068182 0.077020
5 0.275923 0.042298 0.039062 0.059343
8 0.787287 0.434975 0.039062 0.059343
