7 0.355469 0.075126 0.039062 0.059343
4 0.595526 0.280934 0.039062 0.059343
1 0.589489 0.438763 0.068182 0.077020
4 0.980469 0.099116 0.039062 0.059343
2 0.326349 0.455177 0.029119 0.051768
4 0.197088 0.960227 0.039062 0.059343
7 0.528764 0.735480 0.039062 0.059343
0 0.959517 0.899621 0.068182 0.077020
2 0.605469 0.025884 0.029119 0.051768
3 0.790128 0.433712 0.039062 0.059343
0 0.695312 0.955177 0.068182 0.077020
6 0.412997 0.275884 0.039062 0.059343
5 0.449929 0.870581 0.039062 0.059343
3 0.401634 0.640783 0.039062 0.059343
2 0.178622 0.101641 0.029119 0.051768
6 0.180043 0.639520 0.039062 0.059343
1 0.414773 0.466540 0.068182 0.077020
7 0.929332 0.340278 0.039062 0.059343
4 0.162997 0.524621 0.039062 0.059343
8 0.075639 0.236742 0.039062 0.059343
0 0.309659 0.703914 0.068182 0.077020
1 0.043324 0.481692 0.068182 0.077020
4 0.328480 0.910985 0.039062 0.059343
3 0.417259 0.142045 0.039062 0.059343
6 0.080611 0.091540 0.039062 0.059343
5 0.668679 0.059975 0.039062 0.059343
2 0.826349 0.722854 0.029119 0.051768
6 0.831321 0.302399 0.039062 0.059343
5 0.812855 0.947601 0.039062 0.059343
4 0.183594 0.356692 0.039062 0.059343
4 0.050781 0.839015 0.039062 0.059343
7 0.952060 0.479167 0.039062 0.059343
2 0.734730 0.296086 0.029119 0.051768
0 0.551136 0.859217 0.068182 0.077020
5 0.658736 0.726641 0.039062 0.059343
