8 0.905185 0.356692 0.039062 0.059343
1 0.056108 0.504419 0.068182 0.077020
3 0.788707 0.629419 0.039062 0.059343
5 0.095526 0.636995 0.039062 0.059343
3 0.660156 0.071338 0.039062 0.059343
8 0.773793 0.948864 0.039062 0.059343
7 0.729759 0.539773 0.039062 0.059343
6 0.704901 0.760732 0.039062 0.059343
4 0.519531 0.948864 0.039062 0.059343
7 0.979048 0.437500 0.039062 0.059343
4 0.408736 0.476641 0.039062 0.059343
7 0.214134 0.525884 0.039062 0.059343
0 0.437500 0.847854 0.068182 0.077020
8 0.599077 0.460227 0.039062 0.059343
1 0.939631 0.957702 0.068182 0.077020
4 0.324929 0.852904 0.039062 0.059343
1 0.438920 0.284722 0.068182 0.077020
7 0.162287 0.076389 0.039062 0.059343
5 0.166548 0.842803 0.039062 0.059343
8 0.397372 0.688763 0.039062 0.059343
8 0.274503 0.244318 0.039062 0.059343
0 0.203125 0.304924 0.068182 0.077020
5 0.838423 0.238005 0.039062 0.059343
8 0.649503 0.354167 0.039062 0.059343
6 0.812145 0.083965 0.039062 0.059343
0 0.338068 0.724116 0.068182 0.077020
3 0.795099 0.504419 0.039062 0.059343
0 0.319602 0.453914 0.068182 0.077020
4 0.970526 0.149621 0.039062 0.059343
0 0.957386 0.734217 0.068182 0.077020
5 0.460582 0.057449 0.039062 0.059343
2 0.552202 0.653409 0.029119 0.051768
1 0.314631 0.119318 0.068182 0.077020
3 0.025923 0.086490 0.039062 0.059343
2 0.540128 0.066288 0.029119 0.051768
4 0.081321 0.892045 0.039062 0.059343
0 0.559659 0.306187 0.068182 0.077020
