8 0.577770 0.447601 0.039062 0.059343
7 0.072798 0.513258 0.039062 0.059343
0 0.210938 0.883207 0.068182 0.077020
0 0.551136 0.695076 0.068182 0.077020
1 0.418324 0.667298 0.068182 0.077020
6 0.705611 0.767045 0.039062 0.059343
1 0.063210 0.094066 0.068182 0.077020
7 0.444247 0.293561 0.039062 0.059343
1 0.178977 0.530934 0.068182 0.077020
1 0.805398 0.442551 0.068182 0.077020
3 0.932884 0.878157 0.039062 0.059343
7 0.950639 0.735480 0.039062 0.059343
8 0.334872 0.884470 0.039062 0.059343
2 0.776634 0.970328 0.029119 0.051768
3 0.721946 0.541035 0.039062 0.059343
0 0.295455 0.285985 0.068182 0.077020
7 0.653764 0.335227 0.039062 0.059343
1 0.923295 0.072601 0.068182 0.077020
5 0.819247 0.057449 0.039062 0.059343
7 0.696378 0.125631 0.039062 0.059343
8 0.335582 0.678662 0.039062 0.059343
5 0.849077 0.301136 0.039062 0.059343
7 0.466974 0.841540 0.039062 0.059343
4 0.159446 0.759470 0.039062 0.059343
8 0.538707 0.831439 0.039062 0.059343
7 0.530185 0.144571 0.039062 0.059343
6 0.897372 0.495581 0.039062 0.059343
6 0.832031 0.741793 0.039062 0.059343
8 0.524503 0.360480 0.039062 0.059343
4 0.147372 0.038510 0.039062 0.059343
2 0.439986 0.100379 0.029119 0.051768
8 0.895241 0.267045 0.039062 0.059343
6 0.043679 0.671086 0.039062 0.059343
2 0.335582 0.134470 0.029119 0.051768
