6 0.721946 0.265783 0.039062 0.059343
7 0.329901 0.922348 0.039062 0.059343
7 0.727628 0.676136 0.039062 0.059343
3 0.202770 0.351641 0.039062 0.059343
2 0.418679 0.857955 0.029119 0.051768
2 0.601207 0.278409 0.029119 0.051768
0 0.823153 0.938763 0.068182 0.077020
7 0.080611 0.359217 0.039062 0.059343
6 0.422940 0.489268 0.039062 0.059343
4 0.917969 0.091540 0.039062 0.059343
7 0.601207 0.057449 0.039062 0.059343
6 0.801491 0.354167 0.039062 0.059343
6 0.817116 0.488005 0.039062 0.059343
6 0.309304 0.642045 0.039062 0.059343
8 0.722656 0.032197 0.039062 0.059343
8 0.087713 0.134470 0.039062 0.059343
8 0.853338 0.051136 0.039062 0.059343
1 0.558239 0.660985 0.068182 0.077020
0 0.426136 0.073864 0.068182 0.077020
0 0.070312 0.936237 0.068182 0.077020
3 0.962003 0.466540 0.039062 0.059343
7 0.149503 0.861742 0.039062 0.059343
5 0.465554 0.630682 0.039062 0.059343
2 0.313565 0.035985 0.029119 0.051768
2 0.568537 0.850379 0.029119 0.051768
