7 0.574929 0.885732 0.039062 0.059343
8 0.181463 0.879419 0.039062 0.059343
1 0.795455 0.345328 0.068182 0.077020
0 0.791193 0.446338 0.068182 0.077020
5 0.182884 0.155934 0.039062 0.059343
3 0.073509 0.960227 0.039062 0.059343
4 0.658736 0.046086 0.039062 0.059343
5 0.601918 0.702652 0.039062 0.059343
0 0.284801 0.296086 0.068182 0.077020
6 0.033736 0.135732 0.039062 0.059343
8 0.037287 0.369318 0.039062 0.059343
1 0.081676 0.446338 0.068182 0.077020
4 0.665838 0.847854 0.039062 0.059343
3 0.778054 0.120581 0.039062 0.059343
8 0.946378 0.099116 0.039062 0.059343
3 0.323509 0.839015 0.039062 0.059343
1 0.938920 0.312500 0.068182 0.077020
7 0.314276 0.471591 0.039062 0.059343
4 0.442827 0.873106 0.039062 0.059343
4 0.599787 0.038510 0.039062 0.059343
1 0.544744 0.547348 0.068182 0.077020
6 0.088423 0.703914 0.039062 0.059343
6 0.658736 0.691288 0.039062 0.059343
1 0.206676 0.514520 0.068182 0.077020
7 0.394531 0.272096 0.039062 0.059343
6 0.974077 0.938763 0.039062 0.059343
0 0.938210 0.472854 0.068182 0.077020
4 0.775213 0.700126 0.039062 0.059343
5 0.555043 0.307449 0.039062 0.059343
5 0.276634 0.114268 0.039062 0.059343
4 0.843395 0.921086 0.039062 0.059343
5 0.937145 0.759470 0.039062 0.059343
