4 0.281605 0.441288 0.039062 0.059343
0 0.838778 0.647096 0.068182 0.077020
7 0.074219 0.131944 0.039062 0.059343
0 0.175426 0.150884 0.068182 0.077020
4 0.689276 0.049874 0.039062 0.059343
8 0.094105 0.485480 0.039062 0.059343
5 0.181463 0.519571 0.039062 0.059343
6 0.920099 0.635732 0.039062 0.059343
1 0.079545 0.303662 0.068182 0.077020
0 0.936790 0.446338 0.068182 0.077020
7 0.477628 0.169823 0.039062 0.059343
1 0.584517 0.255682 0.068182 0.077020
1 0.667614 0.342803 0.068182 0.077020
6 0.702770 0.897096 0.039062 0.059343
2 0.305753 0.683712 0.029119 0.051768
6 0.053622 0.654672 0.039062 0.059343
8 0.201349 0.715278 0.039062 0.059343
4 0.471946 0.913510 0.039062 0.059343
0 0.299006 0.907197 0.068182 0.077020
5 0.176491 0.359217 0.039062 0.059343
0 0.056818 0.905934 0.068182 0.077020
1 0.590199 0.138258 0.068182 0.077020
0 0.670455 0.453914 0.068182 0.077020
0 0.425426 0.740530 0.068182 0.077020
3 0.581321 0.548611 0.039062 0.059343
4 0.472656 0.328914 0.039062 0.059343
2 0.851918 0.256944 0.029119 0.051768
0 0.713068 0.748106 0.068182 0.077020
1 0.303267 0.052399 0.068182 0.077020
6 0.823509 0.120581 0.039062 0.059343
7 0.171520 0.960227 0.039062 0.059343
2 0.327060 0.243056 0.029119 0.051768
2 0.572088 0.840278 0.029119 0.051768
4 0.963423 0.041035 0.039062 0.059343
1 0.930398 0.301136 0.068182 0.077020
0 0.786222 0.462753 0.068182 0.077020
7 0.827060 0.897096 0.039062 0.059343
6 0.907315 0.854167 0.039062 0.059343
2 0.577770 0.738005 0.029119 0.051768
