8 0.153054 0.678662 0.039062 0.059343
0 0.294744 0.243056 0.068182 0.077020
7 0.976207 0.751894 0.039062 0.059343
3 0.715554 0.687500 0.039062 0.059343
1 0.561080 0.638258 0.068182 0.077020
4 0.278764 0.515783 0.039062 0.059343
0 0.446733 0.484217 0.068182 0.077020
7 0.691406 0.301136 0.039062 0.059343
4 0.783026 0.964015 0.039062 0.059343
7 0.949219 0.898359 0.039062 0.059343
5 0.434304 0.255682 0.039062 0.059343
3 0.847656 0.231692 0.039062 0.059343
6 0.216974 0.129419 0.039062 0.059343
0 0.813920 0.148359 0.068182 0.077020
4 0.545810 0.496843 0.039062 0.059343
5 0.904474 0.275884 0.039062 0.059343
2 0.563565 0.371843 0.029119 0.051768
7 0.695668 0.461490 0.039062 0.059343
0 0.933949 0.134470 0.068182 0.077020
0 0.950994 0.511995 0.068182 0.077020
7 0.480469 0.852904 0.039062 0.059343
5 0.174361 0.846591 0.039062 0.059343
0 0.813920 0.753157 0.068182 0.077020
1 0.300426 0.128157 0.068182 0.077020
5 0.055043 0.748106 0.039062 0.059343
3 0.802202 0.522096 0.039062 0.059343
1 0.084517 0.928662 0.068182 0.077020
6 0.645241 0.962753 0.039062 0.059343
7 0.220526 0.501894 0.039062 0.059343
5 0.271662 0.749369 0.039062 0.059343
7 0.567116 0.105429 0.039062 0.059343
7 0.479048 0.644571 0.039062 0.059343
0 0.302557 0.876894 0.068182 0.077020
5 0.567827 0.851641 0.039062 0.059343
7 0.072088 0.110480 0.039062 0.059343
0 0.186790 0.317551 0.068182 0.077020
6 0.686435 0.068813 0.039062 0.059343
3 0.428622 0.073864 0.039062 0.059343
6 0.094105 0.476641 0.039062 0.059343
