1 0.289773 0.523359 0.068182 0.077020
5 0.160866 0.888258 0.039062 0.059343
1 0.034091 0.883207 0.068182 0.077020
1 0.340199 0.089015 0.068182 0.077020
2 0.044389 0.096591 0.029119 0.051768
5 0.836293 0.437500 0.039062 0.059343
3 0.657315 0.369318 0.039062 0.059343
0 0.664062 0.052399 0.068182 0.077020
5 0.572798 0.326389 0.039062 0.059343
8 0.412287 0.464015 0.039062 0.059343
5 0.444957 0.243056 0.039062 0.059343
7 0.026634 0.658460 0.039062 0.059343
6 0.071378 0.245581 0.039062 0.059343
2 0.542259 0.447601 0.029119 0.051768
7 0.919389 0.644571 0.039062 0.059343
2 0.230469 0.558712 0.029119 0.051768
5 0.601207 0.105429 0.039062 0.059343
6 0.280185 0.711490 0.039062 0.059343
4 0.150213 0.118056 0.039062 0.059343
2 0.857599 0.712753 0.029119 0.051768
1 0.954545 0.542298 0.068182 0.077020
6 0.545810 0.881944 0.039062 0.059343
5 0.898793 0.285985 0.039062 0.059343
8 0.900923 0.087753 0.039062 0.059343
5 0.853338 0.095328 0.039062 0.059343
6 0.430753 0.893308 0.039062 0.059343
8 0.473366 0.697601 0.039062 0.059343
2 0.546520 0.634470 0.029119 0.051768
5 0.821378 0.908460 0.039062 0.059343
1 0.714489 0.898359 0.068182 0.077020
4 0.936435 0.957702 0.039062 0.059343
6 0.317116 0.928662 0.039062 0.059343
8 0.454901 0.054924 0.039062 0.059343
4 0.716974 0.493056 0.039062 0.059343
0 0.677557 0.644571 0.068182 0.077020
3 0.222656 0.655934 0.039062 0.059343
8 0.220526 0.323864 0.039062 0.059343
1 0.285511 0.282197 0.068182 0.077020
