1 0.416903 0.520833 0.068182 0.077020
0 0.678267 0.852904 0.068182 0.077020
8 0.692116 0.284722 0.039062 0.059343
3 0.930753 0.109217 0.039062 0.059343
2 0.084162 0.166035 0.029119 0.051768
7 0.894531 0.298611 0.039062 0.059343
4 0.200639 0.113005 0.039062 0.059343
4 0.439986 0.081439 0.039062 0.059343
0 0.560369 0.288510 0.068182 0.077020
8 0.207741 0.831439 0.039062 0.059343
7 0.843395 0.696338 0.039062 0.059343
4 0.336293 0.277146 0.039062 0.059343
4 0.660156 0.739268 0.039062 0.059343
6 0.330611 0.537247 0.039062 0.059343
7 0.572798 0.155934 0.039062 0.059343
7 0.344815 0.918561 0.039062 0.059343
4 0.555753 0.744318 0.039062 0.059343
2 0.030185 0.488005 0.029119 0.051768
8 0.230469 0.513258 0.039062 0.059343
2 0.469105 0.653409 0.029119 0.051768
0 0.194602 0.304924 0.068182 0.077020
3 0.523082 0.566288 0.039062 0.059343
1 0.946733 0.647096 0.068182 0.077020
5 0.347656 0.663510 0.039062 0.059343
6 0.777344 0.524621 0.039062 0.059343
4 0.811435 0.323864 0.039062 0.059343
8 0.676491 0.118056 0.039062 0.059343
5 0.035866 0.953914 0.039062 0.059343
6 0.183594 0.634470 0.039062 0.059343
4 0.434304 0.272096 0.039062 0.059343
