8 0.214844 0.629419 0.039062 0.059343
5 0.079190 0.520833 0.039062 0.059343
5 0.028054 0.644571 0.039062 0.059343
4 0.905895 0.472854 0.039062 0.059343
5 0.412997 0.089015 0.039062 0.059343
5 0.769531 0.659722 0.039062 0.059343
4 0.294389 0.365530 0.039062 0.059343
1 0.661932 0.284722 0.068182 0.077020
7 0.569247 0.859217 0.039062 0.059343
6 0.792259 0.482955 0.039062 0.059343
7 0.147372 0.289773 0.039062 0.059343
7 0.276634 0.735480 0.039062 0.059343
3 0.198509 0.836490 0.039062 0.059343
0 0.334517 0.846591 0.068182 0.077020
4 0.775923 0.888258 0.039062 0.059343
0 0.697443 0.687500 0.068182 0.077020
4 0.807173 0.270833 0.039062 0.059343
2 0.420810 0.428662 0.029119 0.051768
3 0.478338 0.921086 0.039062 0.059343
3 0.175781 0.451389 0.039062 0.059343
1 0.180398 0.066288 0.068182 0.077020
4 0.537287 0.256944 0.039062 0.059343
2 0.400213 0.700126 0.029119 0.051768
