7 0.526634 0.441288 0.039062 0.059343
2 0.983310 0.965278 0.029119 0.051768
7 0.307173 0.563763 0.039062 0.059343
5 0.331321 0.839015 0.039062 0.059343
5 0.074219 0.548611 0.039062 0.059343
5 0.327770 0.033460 0.039062 0.059343
6 0.084162 0.331439 0.039062 0.059343
2 0.925781 0.528409 0.029119 0.051768
2 0.323509 0.649621 0.029119 0.051768
2 0.140980 0.315025 0.029119 0.051768
3 0.047940 0.075126 0.039062 0.059343
0 0.296875 0.332702 0.068182 0.077020
4 0.463423 0.690025 0.039062 0.059343
3 0.964134 0.299874 0.039062 0.059343
3 0.152344 0.729167 0.039062 0.059343
6 0.679332 0.886995 0.039062 0.059343
5 0.697798 0.528409 0.039062 0.059343
7 0.053622 0.962753 0.039062 0.059343
3 0.216264 0.953914 0.039062 0.059343
0 0.669744 0.293561 0.068182 0.077020
8 0.158736 0.499369 0.039062 0.059343
3 0.805043 0.638258 0.039062 0.059343
6 0.566406 0.686237 0.039062 0.059343
6 0.658026 0.100379 0.039062 0.059343
6 0.055753 0.628157 0.039062 0.059343
6 0.185724 0.114268 0.039062 0.059343
1 0.964489 0.666035 0.068182 0.077020
1 0.462358 0.303662 0.068182 0.077020
0 0.805398 0.054924 0.068182 0.077020
7 0.411577 0.957702 0.039062 0.059343
4 0.938565 0.061237 0.039062 0.059343
5 0.475497 0.086490 0.039062 0.059343
8 0.529474 0.330177 0.039062 0.059343
6 0.588423 0.145833 0.039062 0.059343
3 0.813565 0.852904 0.039062 0.059343
8 0.475497 0.515783 0.039062 0.059343
3 0.792259 0.514520 0.039062 0.059343
1 0.801847 0.339015 0.068182 0.077020
7 0.646662 0.691288 0.039062 0.059343
4 0.520952 0.942551 0.039062 0.059343
