7 0.336293 0.928662 0.039062 0.059343
3 0.452770 0.153409 0.039062 0.059343
4 0.802202 0.743056 0.039062 0.059343
8 0.818537 0.527146 0.039062 0.059343
6 0.549361 0.707702 0.039062 0.059343
4 0.658026 0.745581 0.039062 0.059343
6 0.226207 0.955177 0.039062 0.059343
2 0.414418 0.628157 0.029119 0.051768
4 0.564986 0.056187 0.039062 0.059343
1 0.578835 0.461490 0.068182 0.077020
0 0.438920 0.912247 0.068182 0.077020
0 0.691761 0.086490 0.068182 0.077020
1 0.420455 0.523359 0.068182 0.077020
2 0.339844 0.027146 0.029119 0.051768
5 0.944957 0.078914 0.039062 0.059343
3 0.204901 0.125631 0.039062 0.059343
5 0.169389 0.436237 0.039062 0.059343
1 0.822443 0.945076 0.068182 0.077020
1 0.830966 0.061237 0.068182 0.077020
1 0.312500 0.453914 0.068182 0.077020
3 0.042969 0.101641 0.039062 0.059343
1 0.914773 0.693813 0.068182 0.077020
8 0.899503 0.320076 0.039062 0.059343
1 0.045455 0.323864 0.068182 0.077020
