1 0.449574 0.940025 0.068182 0.077020
6 0.600497 0.629419 0.039062 0.059343
2 0.282315 0.311237 0.029119 0.051768
0 0.085227 0.751894 0.068182 0.077020
6 0.692116 0.149621 0.039062 0.059343
2 0.020952 0.313763 0.029119 0.051768
5 0.842685 0.134470 0.039062 0.059343
6 0.334162 0.032197 0.039062 0.059343
7 0.930043 0.902146 0.039062 0.059343
1 0.049006 0.462753 0.068182 0.077020
7 0.973366 0.308712 0.039062 0.059343
8 0.693537 0.354167 0.039062 0.059343
5 0.804332 0.328914 0.039062 0.059343
5 0.567827 0.500631 0.039062 0.059343
3 0.464134 0.359217 0.039062 0.059343
0 0.551847 0.115530 0.068182 0.077020
1 0.197443 0.152146 0.068182 0.077020
4 0.300071 0.652146 0.039062 0.059343
3 0.652344 0.434975 0.039062 0.059343
1 0.457386 0.484217 0.068182 0.077020
3 0.406605 0.089015 0.039062 0.059343
3 0.224077 0.365530 0.039062 0.059343
4 0.269531 0.883207 0.039062 0.059343
7 0.814986 0.636995 0.039062 0.059343
