4 0.044389 0.898359 0.039062 0.059343
7 0.047940 0.466540 0.039062 0.059343
3 0.449219 0.282197 0.039062 0.059343
6 0.925781 0.269571 0.039062 0.059343
1 0.289773 0.719066 0.068182 0.077020
3 0.298651 0.058712 0.039062 0.059343
0 0.814631 0.453914 0.068182 0.077020
2 0.176491 0.477904 0.029119 0.051768
6 0.593395 0.451389 0.039062 0.059343
8 0.899503 0.485480 0.039062 0.059343
1 0.828125 0.135732 0.068182 0.077020
0 0.431108 0.852904 0.068182 0.077020
5 0.030185 0.365530 0.039062 0.059343
0 0.791903 0.854167 0.068182 0.077020
8 0.029474 0.750631 0.039062 0.059343
8 0.664418 0.339015 0.039062 0.059343
4 0.060014 0.140783 0.039062 0.059343
8 0.197798 0.888258 0.039062 0.059343
6 0.728338 0.072601 0.039062 0.059343
6 0.211293 0.130682 0.039062 0.059343
3 0.968395 0.124369 0.039062 0.059343
7 0.409446 0.748106 0.039062 0.059343
0 0.293324 0.287247 0.068182 0.077020
4 0.726207 0.738005 0.039062 0.059343
5 0.560014 0.719066 0.039062 0.059343
2 0.485440 0.493056 0.029119 0.051768
7 0.955611 0.936237 0.039062 0.059343
7 0.586293 0.325126 0.039062 0.059343
0 0.564631 0.143308 0.068182 0.077020
8 0.693537 0.961490 0.039062 0.059343
0 0.960938 0.659722 0.068182 0.077020
6 0.187855 0.279672 0.039062 0.059343
7 0.714134 0.534722 0.039062 0.059343
2 0.604759 0.898359 0.029119 0.051768
4 0.779474 0.288510 0.039062 0.059343
4 0.334162 0.898359 0.039062 0.059343
5 0.423651 0.167298 0.039062 0.059343
