3 0.770241 0.309975 0.039062 0.059343
8 0.064276 0.274621 0.039062 0.059343
0 0.073153 0.092803 0.068182 0.077020
3 0.919389 0.261995 0.039062 0.059343
2 0.444957 0.955177 0.029119 0.051768
6 0.459872 0.488005 0.039062 0.059343
6 0.771662 0.051136 0.039062 0.059343
3 0.081321 0.869318 0.039062 0.059343
2 0.139560 0.128157 0.029119 0.051768
7 0.205611 0.441288 0.039062 0.059343
4 0.031605 0.695076 0.039062 0.059343
0 0.315341 0.274621 0.068182 0.077020
6 0.557884 0.349116 0.039062 0.059343
8 0.301491 0.134470 0.039062 0.059343
1 0.954545 0.732955 0.068182 0.077020
0 0.084517 0.544823 0.068182 0.077020
6 0.934304 0.052399 0.039062 0.059343
8 0.472656 0.703914 0.039062 0.059343
5 0.810724 0.964015 0.039062 0.059343
3 0.711293 0.091540 0.039062 0.059343
6 0.178622 0.922348 0.039062 0.059343
6 0.207741 0.313763 0.039062 0.059343
0 0.708097 0.924874 0.068182 0.077020
8 0.650923 0.279672 0.039062 0.059343
2 0.908026 0.546086 0.029119 0.051768
1 0.665483 0.711490 0.068182 0.077020
8 0.556463 0.631944 0.039062 0.059343
7 0.977628 0.898359 0.039062 0.059343
4 0.397372 0.043561 0.039062 0.059343
0 0.700994 0.441288 0.068182 0.077020
