5 0.529474 0.167298 0.039062 0.059343
1 0.911222 0.953914 0.068182 0.077020
7 0.042969 0.299874 0.039062 0.059343
5 0.324219 0.898359 0.039062 0.059343
4 0.318537 0.763258 0.039062 0.059343
0 0.463068 0.837753 0.068182 0.077020
4 0.037997 0.672348 0.039062 0.059343
5 0.574929 0.356692 0.039062 0.059343
4 0.707031 0.660985 0.039062 0.059343
1 0.413352 0.238005 0.068182 0.077020
6 0.769531 0.106692 0.039062 0.059343
6 0.189986 0.724116 0.039062 0.059343
8 0.660866 0.886995 0.039062 0.059343
6 0.714844 0.446338 0.039062 0.059343
3 0.895241 0.708965 0.039062 0.059343
2 0.984020 0.440025 0.029119 0.051768
5 0.181463 0.541035 0.039062 0.059343
2 0.342685 0.097854 0.029119 0.051768
7 0.783736 0.364268 0.039062 0.059343
3 0.462003 0.543561 0.039062 0.059343
4 0.091974 0.168561 0.039062 0.059343
2 0.335582 0.364268 0.029119 0.051768
5 0.160866 0.083965 0.039062 0.059343
6 0.662997 0.070076 0.039062 0.059343
8 0.529474 0.945076 0.039062 0.059343
3 0.544389 0.690025 0.039062 0.059343
3 0.716974 0.289773 0.039062 0.059343
8 0.214134 0.346591 0.039062 0.059343
6 0.216974 0.904672 0.039062 0.059343
2 0.953480 0.034722 0.029119 0.051768
4 0.810014 0.644571 0.039062 0.059343
6 0.854759 0.445076 0.039062 0.059343
0 0.938920 0.289773 0.068182 0.077020
1 0.310369 0.499369 0.068182 0.077020
6 0.449219 0.095328 0.039062 0.059343
