2 0.805753 0.698864 0.029119 0.051768
2 0.653054 0.094066 0.029119 0.051768
0 0.666903 0.875631 0.068182 0.077020
2 0.958452 0.696338 0.029119 0.051768
4 0.338423 0.240530 0.039062 0.059343
3 0.529474 0.660985 0.039062 0.059343
7 0.209872 0.857955 0.039062 0.059343
6 0.177202 0.241793 0.039062 0.059343
6 0.034446 0.369318 0.039062 0.059343
6 0.899503 0.476641 0.039062 0.059343
3 0.559304 0.833965 0.039062 0.059343
4 0.216974 0.086490 0.039062 0.059343
0 0.799716 0.280934 0.068182 0.077020
4 0.964844 0.874369 0.039062 0.059343
4 0.198509 0.557449 0.039062 0.059343
7 0.021662 0.529672 0.039062 0.059343
6 0.284446 0.946338 0.039062 0.059343
4 0.966264 0.231692 0.039062 0.059343
7 0.096236 0.038510 0.039062 0.059343
0 0.664773 0.522096 0.068182 0.077020
1 0.582386 0.485480 0.068182 0.077020
1 0.463068 0.857955 0.068182 0.077020
8 0.475497 0.554924 0.039062 0.059343
