3 0.453480 0.120581 0.039062 0.059343
4 0.219815 0.628157 0.039062 0.059343
4 0.535866 0.114268 0.039062 0.059343
3 0.477628 0.455177 0.039062 0.059343
0 0.700994 0.038510 0.068182 0.077020
3 0.895241 0.951389 0.039062 0.059343
5 0.329901 0.519571 0.039062 0.059343
5 0.716264 0.546086 0.039062 0.059343
3 0.816406 0.693813 0.039062 0.059343
5 0.295099 0.711490 0.039062 0.059343
2 0.900213 0.772096 0.029119 0.051768
8 0.186435 0.308712 0.039062 0.059343
8 0.219105 0.078914 0.039062 0.059343
1 0.941051 0.557449 0.068182 0.077020
7 0.519531 0.565025 0.039062 0.059343
2 0.395241 0.943813 0.029119 0.051768
6 0.441406 0.280934 0.039062 0.059343
5 0.203480 0.453914 0.039062 0.059343
3 0.943537 0.256944 0.039062 0.059343
0 0.323864 0.078914 0.068182 0.077020
3 0.603338 0.346591 0.039062 0.059343
3 0.769531 0.125631 0.039062 0.059343
0 0.816761 0.868056 0.068182 0.077020
1 0.284801 0.837753 0.068182 0.077020
5 0.206321 0.907197 0.039062 0.059343
3 0.792259 0.309975 0.039062 0.059343
3 0.648793 0.339015 0.039062 0.059343
5 0.064986 0.094066 0.039062 0.059343
4 0.784446 0.482955 0.039062 0.059343
0 0.052557 0.461490 0.068182 0.077020
4 0.520241 0.918561 0.039062 0.059343
0 0.452415 0.724116 0.068182 0.077020
3 0.082741 0.662247 0.039062 0.059343
3 0.082031 0.308712 0.039062 0.059343
5 0.519531 0.706439 0.039062 0.059343
2 0.312145 0.320076 0.029119 0.051768
1 0.689631 0.863005 0.068182 0.077020
6 0.946378 0.097854 0.039062 0.059343
8 0.075639 0.938763 0.039062 0.059343
