5 0.565696 0.261995 0.039062 0.059343
4 0.198509 0.303662 0.039062 0.059343
6 0.792259 0.866793 0.039062 0.059343
2 0.474077 0.937500 0.029119 0.051768
1 0.416193 0.456439 0.068182 0.077020
3 0.060014 0.089015 0.039062 0.059343
4 0.578480 0.529672 0.039062 0.059343
6 0.398793 0.294823 0.039062 0.059343
4 0.422940 0.743056 0.039062 0.059343
1 0.836648 0.081439 0.068182 0.077020
4 0.663707 0.248106 0.039062 0.059343
3 0.526634 0.732955 0.039062 0.059343
6 0.221236 0.491793 0.039062 0.059343
4 0.680043 0.558712 0.039062 0.059343
7 0.064276 0.467803 0.039062 0.059343
6 0.691406 0.725379 0.039062 0.059343
4 0.925071 0.139520 0.039062 0.059343
0 0.823864 0.476641 0.068182 0.077020
1 0.211648 0.913510 0.068182 0.077020
8 0.159446 0.634470 0.039062 0.059343
5 0.523082 0.130682 0.039062 0.059343
8 0.932884 0.946338 0.039062 0.059343
6 0.286577 0.121843 0.039062 0.059343
0 0.284801 0.859217 0.068182 0.077020
7 0.097656 0.895833 0.039062 0.059343
3 0.549361 0.876894 0.039062 0.059343
8 0.811435 0.749369 0.039062 0.059343
1 0.291193 0.668561 0.068182 0.077020
