0 0.927557 0.678662 0.068182 0.077020
2 0.912287 0.289773 0.029119 0.051768
1 0.578835 0.682449 0.068182 0.077020
7 0.583452 0.256944 0.039062 0.059343
7 0.811435 0.359217 0.039062 0.059343
0 0.694602 0.446338 0.068182 0.077020
8 0.805753 0.629419 0.039062 0.059343
7 0.422230 0.236742 0.039062 0.059343
5 0.673651 0.836490 0.039062 0.059343
3 0.035866 0.953914 0.039062 0.059343
1 0.671875 0.753157 0.068182 0.077020
5 0.157315 0.846591 0.039062 0.059343
7 0.304332 0.528409 0.039062 0.059343
7 0.307884 0.918561 0.039062 0.059343
5 0.824219 0.924874 0.039062 0.059343
8 0.444247 0.836490 0.039062 0.059343
1 0.707386 0.154672 0.068182 0.077020
4 0.589844 0.138258 0.039062 0.059343
5 0.947088 0.900884 0.039062 0.059343
7 0.291548 0.738005 0.039062 0.059343
3 0.028054 0.515783 0.039062 0.059343
5 0.197798 0.164773 0.039062 0.059343
5 0.278764 0.304924 0.039062 0.059343
7 0.565696 0.943813 0.039062 0.059343
2 0.945668 0.086490 0.029119 0.051768
0 0.071733 0.654672 0.068182 0.077020
7 0.479048 0.638258 0.039062 0.059343
0 0.213778 0.528409 0.068182 0.077020
4 0.412287 0.543561 0.039062 0.059343
5 0.815696 0.533460 0.039062 0.059343
5 0.219105 0.679924 0.039062 0.059343
4 0.697088 0.240530 0.039062 0.059343
0 0.076705 0.157197 0.068182 0.077020
5 0.319247 0.115530 0.039062 0.059343
7 0.973366 0.481692 0.039062 0.059343
5 0.197798 0.347854 0.039062 0.059343
1 0.419034 0.086490 0.068182 0.077020
3 0.083452 0.229167 0.039062 0.059343
6 0.585582 0.428662 0.039062 0.059343
