0 0.808949 0.438763 0.068182 0.077020
5 0.704901 0.836490 0.039062 0.059343
7 0.216264 0.062500 0.039062 0.059343
3 0.653764 0.455177 0.039062 0.059343
0 0.440341 0.855429 0.068182 0.077020
1 0.176136 0.897096 0.068182 0.077020
6 0.950639 0.369318 0.039062 0.059343
2 0.325639 0.155934 0.029119 0.051768
8 0.062145 0.735480 0.039062 0.059343
5 0.552912 0.636995 0.039062 0.059343
3 0.288707 0.835227 0.039062 0.059343
5 0.347656 0.654672 0.039062 0.059343
8 0.523082 0.562500 0.039062 0.059343
4 0.586293 0.231692 0.039062 0.059343
2 0.964844 0.750631 0.029119 0.051768
8 0.171520 0.712753 0.039062 0.059343
3 0.680043 0.270833 0.039062 0.059343
1 0.933239 0.921086 0.068182 0.077020
8 0.163707 0.236742 0.039062 0.059343
5 0.466974 0.331439 0.039062 0.059343
3 0.437855 0.433712 0.039062 0.059343
3 0.966974 0.485480 0.039062 0.059343
0 0.045455 0.871843 0.068182 0.077020
8 0.662997 0.033460 0.039062 0.059343
1 0.683239 0.671086 0.068182 0.077020
4 0.778764 0.962753 0.039062 0.059343
7 0.827770 0.124369 0.039062 0.059343
4 0.537287 0.118056 0.039062 0.059343
3 0.465554 0.032197 0.039062 0.059343
7 0.784446 0.714015 0.039062 0.059343
6 0.063565 0.107955 0.039062 0.059343
8 0.457741 0.645833 0.039062 0.059343
2 0.280895 0.553662 0.029119 0.051768
3 0.816406 0.280934 0.039062 0.059343
0 0.180398 0.498106 0.068182 0.077020
