3 0.824929 0.352904 0.039062 0.059343
6 0.209162 0.067551 0.039062 0.059343
4 0.921520 0.955177 0.039062 0.059343
2 0.562145 0.946338 0.029119 0.051768
6 0.721236 0.688763 0.039062 0.059343
0 0.323153 0.081439 0.068182 0.077020
8 0.769531 0.099116 0.039062 0.059343
8 0.153054 0.710227 0.039062 0.059343
8 0.167259 0.907197 0.039062 0.059343
7 0.184304 0.522096 0.039062 0.059343
0 0.295455 0.298611 0.068182 0.077020
3 0.851207 0.863005 0.039062 0.059343
0 0.839489 0.472854 0.068182 0.077020
6 0.687145 0.143308 0.039062 0.059343
0 0.284091 0.692551 0.068182 0.077020
1 0.583807 0.451389 0.068182 0.077020
3 0.801491 0.638258 0.039062 0.059343
3 0.545099 0.248106 0.039062 0.059343
0 0.952415 0.450126 0.068182 0.077020
0 0.580966 0.051136 0.068182 0.077020
4 0.456321 0.354167 0.039062 0.059343
3 0.324929 0.448864 0.039062 0.059343
6 0.929332 0.143308 0.039062 0.059343
8 0.044389 0.760732 0.039062 0.059343
7 0.428622 0.905934 0.039062 0.059343
3 0.330611 0.854167 0.039062 0.059343
0 0.919034 0.299874 0.068182 0.077020
3 0.096236 0.485480 0.039062 0.059343
8 0.698509 0.345328 0.039062 0.059343
