8 0.029474 0.691288 0.039062 0.059343
1 0.686080 0.351641 0.068182 0.077020
4 0.458452 0.703914 0.039062 0.059343
6 0.182173 0.293561 0.039062 0.059343
3 0.822088 0.446338 0.039062 0.059343
3 0.276634 0.513258 0.039062 0.059343
0 0.829545 0.099116 0.068182 0.077020
0 0.917614 0.091540 0.068182 0.077020
2 0.554332 0.688763 0.029119 0.051768
8 0.339844 0.894571 0.039062 0.059343
7 0.413707 0.527146 0.039062 0.059343
8 0.538707 0.318813 0.039062 0.059343
7 0.697088 0.453914 0.039062 0.059343
0 0.058239 0.142045 0.068182 0.077020
7 0.543679 0.442551 0.039062 0.059343
5 0.977628 0.457702 0.039062 0.059343
0 0.919034 0.917298 0.068182 0.077020
1 0.318182 0.654672 0.068182 0.077020
5 0.100497 0.360480 0.039062 0.059343
6 0.426491 0.234217 0.039062 0.059343
8 0.050781 0.943813 0.039062 0.059343
5 0.789418 0.322601 0.039062 0.059343
3 0.800071 0.764520 0.039062 0.059343
7 0.048651 0.500631 0.039062 0.059343
3 0.216264 0.879419 0.039062 0.059343
3 0.344105 0.248106 0.039062 0.059343
2 0.556463 0.961490 0.029119 0.051768
8 0.787997 0.899621 0.039062 0.059343
3 0.337713 0.126894 0.039062 0.059343
