7 0.970526 0.443813 0.039062 0.059343
8 0.564986 0.840278 0.039062 0.059343
6 0.928622 0.857955 0.039062 0.059343
1 0.315341 0.139520 0.068182 0.077020
6 0.821378 0.496843 0.039062 0.059343
1 0.039062 0.686237 0.068182 0.077020
3 0.523082 0.118056 0.039062 0.059343
8 0.449929 0.464015 0.039062 0.059343
5 0.395241 0.634470 0.039062 0.059343
8 0.540128 0.476641 0.039062 0.059343
8 0.228338 0.481692 0.039062 0.059343
2 0.285156 0.433712 0.029119 0.051768
7 0.406605 0.292298 0.039062 0.059343
0 0.960938 0.730429 0.068182 0.077020
5 0.912997 0.243056 0.039062 0.059343
6 0.520952 0.635732 0.039062 0.059343
5 0.057173 0.256944 0.039062 0.059343
4 0.398793 0.854167 0.039062 0.059343
2 0.301491 0.905934 0.029119 0.051768
8 0.423651 0.032197 0.039062 0.059343
0 0.056108 0.104167 0.068182 0.077020
5 0.825639 0.086490 0.039062 0.059343
8 0.191406 0.957702 0.039062 0.059343
5 0.594105 0.238005 0.039062 0.059343
4 0.849077 0.248106 0.039062 0.059343
8 0.103338 0.835227 0.039062 0.059343
