1 0.052557 0.717803 0.068182 0.077020
5 0.903764 0.241793 0.039062 0.059343
1 0.431818 0.499369 0.068182 0.077020
6 0.695668 0.282197 0.039062 0.059343
4 0.175781 0.307449 0.039062 0.059343
1 0.309659 0.938763 0.068182 0.077020
2 0.165838 0.131944 0.029119 0.051768
2 0.321378 0.445076 0.029119 0.051768
0 0.036932 0.264520 0.068182 0.077020
8 0.479048 0.677399 0.039062 0.059343
7 0.057173 0.561237 0.039062 0.059343
7 0.314986 0.243056 0.039062 0.059343
5 0.045810 0.926136 0.039062 0.059343
3 0.789418 0.307449 0.039062 0.059343
4 0.290128 0.682449 0.039062 0.059343
2 0.287997 0.099116 0.029119 0.051768
4 0.414418 0.368056 0.039062 0.059343
7 0.822088 0.128157 0.039062 0.059343
2 0.609020 0.960227 0.029119 0.051768
8 0.796520 0.657197 0.039062 0.059343
0 0.951705 0.649621 0.068182 0.077020
0 0.692472 0.488005 0.068182 0.077020
3 0.102628 0.030934 0.039062 0.059343
6 0.171520 0.755682 0.039062 0.059343
4 0.964134 0.128157 0.039062 0.059343
7 0.795810 0.923611 0.039062 0.059343
6 0.706321 0.163510 0.039062 0.059343
5 0.151634 0.457702 0.039062 0.059343
8 0.703480 0.945076 0.039062 0.059343
