4 0.473366 0.475379 0.039062 0.059343
7 0.154474 0.147096 0.039062 0.059343
5 0.537997 0.287247 0.039062 0.059343
7 0.306463 0.268308 0.039062 0.059343
3 0.682173 0.344066 0.039062 0.059343
8 0.785866 0.910985 0.039062 0.059343
5 0.810724 0.481692 0.039062 0.059343
2 0.901634 0.859217 0.029119 0.051768
8 0.935014 0.644571 0.039062 0.059343
0 0.464489 0.698864 0.068182 0.077020
5 0.561435 0.453914 0.039062 0.059343
7 0.331321 0.030934 0.039062 0.059343
8 0.079190 0.936237 0.039062 0.059343
4 0.171520 0.472854 0.039062 0.059343
0 0.081676 0.504419 0.068182 0.077020
6 0.519531 0.635732 0.039062 0.059343
5 0.778764 0.355429 0.039062 0.059343
0 0.965909 0.291035 0.068182 0.077020
7 0.311435 0.650884 0.039062 0.059343
3 0.542259 0.113005 0.039062 0.059343
3 0.727628 0.051136 0.039062 0.059343
2 0.853338 0.745581 0.029119 0.051768
8 0.973366 0.491793 0.039062 0.059343
0 0.047585 0.264520 0.068182 0.077020
4 0.665128 0.893308 0.039062 0.059343
0 0.299716 0.538510 0.068182 0.077020
4 0.408026 0.846591 0.039062 0.059343
7 0.197088 0.736742 0.039062 0.059343
0 0.680398 0.731692 0.068182 0.077020
3 0.031605 0.101641 0.039062 0.059343
3 0.545810 0.916035 0.039062 0.059343
2 0.185724 0.344066 0.029119 0.051768
0 0.820312 0.153409 0.068182 0.077020
3 0.352628 0.922348 0.039062 0.059343
7 0.170810 0.839015 0.039062 0.059343
