8 0.648793 0.360480 0.039062 0.059343
5 0.060724 0.764520 0.039062 0.059343
3 0.286577 0.878157 0.039062 0.059343
7 0.563565 0.368056 0.039062 0.059343
6 0.072088 0.503157 0.039062 0.059343
1 0.829545 0.461490 0.068182 0.077020
0 0.679688 0.493056 0.068182 0.077020
8 0.694247 0.662247 0.039062 0.059343
4 0.477628 0.072601 0.039062 0.059343
2 0.644531 0.823864 0.029119 0.051768
3 0.438565 0.519571 0.039062 0.059343
8 0.063565 0.150884 0.039062 0.059343
5 0.461293 0.886995 0.039062 0.059343
5 0.969105 0.344066 0.039062 0.059343
3 0.809304 0.078914 0.039062 0.059343
5 0.228338 0.931187 0.039062 0.059343
2 0.567827 0.486742 0.029119 0.051768
3 0.942827 0.866793 0.039062 0.059343
8 0.936435 0.100379 0.039062 0.059343
3 0.157315 0.099116 0.039062 0.059343
7 0.187855 0.479167 0.039062 0.059343
0 0.178977 0.336490 0.068182 0.077020
6 0.851207 0.946338 0.039062 0.059343
1 0.579545 0.955177 0.068182 0.077020
2 0.417969 0.729167 0.029119 0.051768
6 0.599077 0.663510 0.039062 0.059343
6 0.094815 0.907197 0.039062 0.059343
0 0.455256 0.245581 0.068182 0.077020
0 0.921165 0.547348 0.068182 0.077020
