1 0.067472 0.724116 0.068182 0.077020
1 0.671165 0.062500 0.068182 0.077020
6 0.974077 0.691288 0.039062 0.059343
6 0.778764 0.250631 0.039062 0.059343
1 0.911222 0.912247 0.068182 0.077020
6 0.217685 0.659722 0.039062 0.059343
0 0.547585 0.912247 0.068182 0.077020
7 0.274503 0.369318 0.039062 0.059343
8 0.395241 0.075126 0.039062 0.059343
7 0.682884 0.917298 0.039062 0.059343
5 0.773793 0.099116 0.039062 0.059343
8 0.401634 0.650884 0.039062 0.059343
4 0.593395 0.052399 0.039062 0.059343
5 0.433594 0.452652 0.039062 0.059343
1 0.555398 0.715278 0.068182 0.077020
7 0.923651 0.546086 0.039062 0.059343
2 0.174361 0.261995 0.029119 0.051768
4 0.844105 0.544823 0.039062 0.059343
5 0.426491 0.366793 0.039062 0.059343
5 0.915838 0.270833 0.039062 0.059343
1 0.691761 0.519571 0.068182 0.077020
1 0.542614 0.481692 0.068182 0.077020
1 0.539773 0.283460 0.068182 0.077020
0 0.082386 0.309975 0.068182 0.077020
8 0.186435 0.511995 0.039062 0.059343
6 0.150213 0.866793 0.039062 0.059343
2 0.662997 0.316288 0.029119 0.051768
5 0.464844 0.841540 0.039062 0.059343
7 0.269531 0.538510 0.039062 0.059343
4 0.025213 0.068813 0.039062 0.059343
6 0.069247 0.943813 0.039062 0.059343
6 0.337003 0.710227 0.039062 0.059343
3 0.730469 0.676136 0.039062 0.059343
2 0.781605 0.629419 0.029119 0.051768
8 0.329901 0.094066 0.039062 0.059343
5 0.810724 0.885732 0.039062 0.059343
4 0.961293 0.035985 0.039062 0.059343
6 0.035866 0.553662 0.039062 0.059343
0 0.194602 0.129419 0.068182 0.077020
1 0.332386 0.883207 0.068182 0.077020
