5 0.591264 0.350379 0.039062 0.059343
4 0.920810 0.845328 0.039062 0.059343
8 0.697088 0.547348 0.039062 0.059343
7 0.204901 0.238005 0.039062 0.059343
7 0.665838 0.042298 0.039062 0.059343
0 0.418324 0.871843 0.068182 0.077020
6 0.327060 0.669823 0.039062 0.059343
7 0.469815 0.446338 0.039062 0.059343
7 0.032315 0.875631 0.039062 0.059343
3 0.797940 0.957702 0.039062 0.059343
4 0.658026 0.750631 0.039062 0.059343
0 0.159091 0.697601 0.068182 0.077020
1 0.191761 0.895833 0.068182 0.077020
3 0.964844 0.647096 0.039062 0.059343
2 0.395952 0.124369 0.029119 0.051768
3 0.537287 0.142045 0.039062 0.059343
6 0.035866 0.347854 0.039062 0.059343
5 0.702770 0.296086 0.039062 0.059343
6 0.405895 0.238005 0.039062 0.059343
2 0.235440 0.460227 0.029119 0.051768
3 0.031605 0.099116 0.039062 0.059343
2 0.057884 0.755682 0.029119 0.051768
1 0.955256 0.283460 0.068182 0.077020
5 0.420099 0.714015 0.039062 0.059343
5 0.583452 0.633207 0.039062 0.059343
1 0.785511 0.250631 0.068182 0.077020
1 0.829545 0.667298 0.068182 0.077020
0 0.299716 0.285985 0.068182 0.077020
5 0.351207 0.461490 0.039062 0.059343
7 0.655895 0.938763 0.039062 0.059343
5 0.935724 0.033460 0.039062 0.059343
0 0.963778 0.480429 0.068182 0.077020
6 0.295099 0.895833 0.039062 0.059343
1 0.803977 0.491793 0.068182 0.077020
1 0.817472 0.097854 0.068182 0.077020
0 0.051847 0.479167 0.068182 0.077020
6 0.535866 0.892045 0.039062 0.059343
5 0.170810 0.102904 0.039062 0.059343
8 0.560724 0.453914 0.039062 0.059343
2 0.299361 0.143308 0.029119 0.051768
