1 0.563920 0.722854 0.068182 0.077020
5 0.814986 0.065025 0.039062 0.059343
8 0.556463 0.839015 0.039062 0.059343
8 0.047940 0.072601 0.039062 0.059343
8 0.057173 0.941288 0.039062 0.059343
6 0.087713 0.753157 0.039062 0.059343
0 0.441051 0.297348 0.068182 0.077020
2 0.608310 0.150884 0.029119 0.051768
7 0.962713 0.953914 0.039062 0.059343
0 0.318182 0.850379 0.068182 0.077020
5 0.158026 0.828914 0.039062 0.059343
8 0.171520 0.283460 0.039062 0.059343
0 0.674716 0.890783 0.068182 0.077020
0 0.291903 0.551136 0.068182 0.077020
2 0.437855 0.107955 0.029119 0.051768
6 0.727628 0.455177 0.039062 0.059343
7 0.931463 0.260732 0.039062 0.059343
3 0.770241 0.650884 0.039062 0.059343
4 0.170099 0.546086 0.039062 0.059343
8 0.021662 0.443813 0.039062 0.059343
6 0.302202 0.350379 0.039062 0.059343
7 0.660866 0.740530 0.039062 0.059343
3 0.583452 0.360480 0.039062 0.059343
5 0.901634 0.684975 0.039062 0.059343
8 0.464134 0.875631 0.039062 0.059343
