1 0.208097 0.128157 0.068182 0.077020
5 0.967685 0.054924 0.039062 0.059343
7 0.439276 0.471591 0.039062 0.059343
2 0.341264 0.910985 0.029119 0.051768
8 0.582031 0.928662 0.039062 0.059343
8 0.087713 0.272096 0.039062 0.059343
3 0.165838 0.655934 0.039062 0.059343
3 0.454901 0.859217 0.039062 0.059343
5 0.425071 0.354167 0.039062 0.059343
7 0.676491 0.458965 0.039062 0.059343
5 0.979048 0.678662 0.039062 0.059343
7 0.066406 0.732955 0.039062 0.059343
2 0.390980 0.677399 0.029119 0.051768
3 0.229759 0.503157 0.039062 0.059343
6 0.970526 0.556187 0.039062 0.059343
6 0.348366 0.758207 0.039062 0.059343
0 0.061080 0.095328 0.068182 0.077020
7 0.032315 0.428662 0.039062 0.059343
2 0.764560 0.547348 0.029119 0.051768
2 0.695668 0.370581 0.029119 0.051768
4 0.353338 0.273359 0.039062 0.059343
4 0.032315 0.828914 0.039062 0.059343
4 0.558594 0.636995 0.039062 0.059343
2 0.845526 0.678662 0.029119 0.051768
4 0.564986 0.489268 0.039062 0.059343
8 0.147372 0.940025 0.039062 0.059343
0 0.930398 0.277146 0.068182 0.077020
5 0.696378 0.871843 0.039062 0.059343
5 0.280185 0.148359 0.039062 0.059343
4 0.442827 0.052399 0.039062 0.059343
6 0.819957 0.244318 0.039062 0.059343
4 0.942116 0.953914 0.039062 0.059343
3 0.525213 0.248106 0.039062 0.059343
7 0.568537 0.092803 0.039062 0.059343
3 0.848366 0.034722 0.039062 0.059343
0 0.806818 0.955177 0.068182 0.077020
8 0.660156 0.053662 0.039062 0.059343
5 0.303622 0.568813 0.039062 0.059343
8 0.694957 0.758207 0.039062 0.059343
1 0.171875 0.260732 0.068182 0.077020
