7 0.042259 0.947601 0.039062 0.059343
2 0.104048 0.678662 0.029119 0.051768
1 0.557528 0.842803 0.068182 0.077020
7 0.832741 0.110480 0.039062 0.059343
1 0.293324 0.529672 0.068182 0.077020
3 0.562145 0.244318 0.039062 0.059343
0 0.416903 0.696338 0.068182 0.077020
5 0.573509 0.631944 0.039062 0.059343
0 0.667614 0.546086 0.068182 0.077020
7 0.799361 0.768308 0.039062 0.059343
3 0.469105 0.265783 0.039062 0.059343
4 0.037287 0.072601 0.039062 0.059343
0 0.409091 0.549874 0.068182 0.077020
5 0.916548 0.149621 0.039062 0.059343
1 0.833807 0.356692 0.068182 0.077020
4 0.919389 0.746843 0.039062 0.059343
8 0.310014 0.235480 0.039062 0.059343
5 0.717685 0.932449 0.039062 0.059343
1 0.942472 0.455177 0.068182 0.077020
2 0.092685 0.461490 0.029119 0.051768
2 0.709162 0.115530 0.029119 0.051768
7 0.842685 0.868056 0.039062 0.059343
3 0.290838 0.870581 0.039062 0.059343
7 0.182884 0.666035 0.039062 0.059343
6 0.704190 0.240530 0.039062 0.059343
5 0.314276 0.089015 0.039062 0.059343
7 0.169389 0.916035 0.039062 0.059343
