4 0.229759 0.753157 0.039062 0.059343
4 0.930753 0.136995 0.039062 0.059343
8 0.302202 0.309975 0.039062 0.059343
3 0.069247 0.633207 0.039062 0.059343
2 0.399503 0.148359 0.029119 0.051768
3 0.400213 0.909722 0.039062 0.059343
8 0.929332 0.833965 0.039062 0.059343
3 0.560014 0.441288 0.039062 0.059343
1 0.284091 0.558712 0.068182 0.077020
2 0.087003 0.326389 0.029119 0.051768
2 0.572798 0.333965 0.029119 0.051768
4 0.599077 0.726641 0.039062 0.059343
5 0.153054 0.965278 0.039062 0.059343
4 0.289418 0.751894 0.039062 0.059343
6 0.907315 0.472854 0.039062 0.059343
2 0.805043 0.145833 0.029119 0.051768
6 0.438565 0.725379 0.039062 0.059343
8 0.062855 0.845328 0.039062 0.059343
2 0.960582 0.687500 0.029119 0.051768
5 0.178622 0.128157 0.039062 0.059343
6 0.655895 0.727904 0.039062 0.059343
4 0.408736 0.289773 0.039062 0.059343
8 0.439276 0.499369 0.039062 0.059343
4 0.785156 0.865530 0.039062 0.059343
1 0.674716 0.346591 0.068182 0.077020
8 0.705611 0.075126 0.039062 0.059343
4 0.694247 0.470328 0.039062 0.059343
5 0.048651 0.453914 0.039062 0.059343
2 0.056463 0.051136 0.029119 0.051768
6 0.520241 0.962753 0.039062 0.059343
7 0.216264 0.484217 0.039062 0.059343
5 0.782315 0.509470 0.039062 0.059343
3 0.175781 0.229167 0.039062 0.059343
2 0.605469 0.144571 0.029119 0.051768
1 0.824574 0.638258 0.068182 0.077020
4 0.300071 0.059975 0.039062 0.059343
6 0.291548 0.860480 0.039062 0.059343
0 0.824574 0.351641 0.068182 0.077020
