6 0.158736 0.541035 0.039062 0.059343
8 0.086293 0.663510 0.039062 0.059343
3 0.077060 0.073864 0.039062 0.059343
4 0.961293 0.303662 0.039062 0.059343
5 0.560014 0.707702 0.039062 0.059343
0 0.665483 0.284722 0.068182 0.077020
0 0.562500 0.076389 0.068182 0.077020
0 0.810369 0.508207 0.068182 0.077020
4 0.037997 0.441288 0.039062 0.059343
7 0.096946 0.248106 0.039062 0.059343
8 0.600497 0.253157 0.039062 0.059343
5 0.564986 0.830177 0.039062 0.059343
2 0.549361 0.541035 0.029119 0.051768
0 0.943892 0.099116 0.068182 0.077020
0 0.043324 0.893308 0.068182 0.077020
3 0.230469 0.888258 0.039062 0.059343
3 0.960582 0.725379 0.039062 0.059343
4 0.182173 0.106692 0.039062 0.059343
7 0.792969 0.345328 0.039062 0.059343
3 0.451349 0.638258 0.039062 0.059343
7 0.698509 0.433712 0.039062 0.059343
4 0.678622 0.152146 0.039062 0.059343
3 0.347656 0.447601 0.039062 0.059343
2 0.819957 0.643308 0.029119 0.051768
3 0.653054 0.731692 0.039062 0.059343
8 0.285866 0.072601 0.039062 0.059343
6 0.458452 0.431187 0.039062 0.059343
2 0.395241 0.905934 0.029119 0.051768
7 0.201349 0.690025 0.039062 0.059343
7 0.165128 0.287247 0.039062 0.059343
5 0.819957 0.160985 0.039062 0.059343
2 0.401634 0.346591 0.029119 0.051768
8 0.935014 0.469066 0.039062 0.059343
5 0.702770 0.850379 0.039062 0.059343
6 0.314276 0.720328 0.039062 0.059343
3 0.325639 0.315025 0.039062 0.059343
5 0.472656 0.116793 0.039062 0.059343
