0 0.566761 0.898359 0.068182 0.077020
4 0.155185 0.902146 0.039062 0.059343
1 0.297585 0.503157 0.068182 0.077020
3 0.168679 0.142045 0.039062 0.059343
5 0.574929 0.136995 0.039062 0.059343
7 0.908736 0.280934 0.039062 0.059343
3 0.023793 0.360480 0.039062 0.059343
1 0.420455 0.855429 0.068182 0.077020
2 0.898793 0.493056 0.029119 0.051768
2 0.600497 0.659722 0.029119 0.051768
2 0.853338 0.866793 0.029119 0.051768
0 0.804688 0.725379 0.068182 0.077020
6 0.904474 0.063763 0.039062 0.059343
7 0.343395 0.659722 0.039062 0.059343
0 0.818892 0.280934 0.068182 0.077020
3 0.417259 0.087753 0.039062 0.059343
6 0.212003 0.532197 0.039062 0.059343
6 0.692116 0.846591 0.039062 0.059343
8 0.476918 0.681187 0.039062 0.059343
7 0.776634 0.484217 0.039062 0.059343
2 0.092685 0.481692 0.029119 0.051768
4 0.446378 0.476641 0.039062 0.059343
8 0.065696 0.900884 0.039062 0.059343
5 0.059304 0.163510 0.039062 0.059343
8 0.726918 0.311237 0.039062 0.059343
5 0.229759 0.232955 0.039062 0.059343
