6 0.781605 0.928662 0.039062 0.059343
4 0.208452 0.460227 0.039062 0.059343
0 0.823153 0.692551 0.068182 0.077020
8 0.541548 0.259470 0.039062 0.059343
7 0.557173 0.091540 0.039062 0.059343
0 0.914773 0.332702 0.068182 0.077020
2 0.785156 0.308712 0.029119 0.051768
2 0.524503 0.731692 0.029119 0.051768
4 0.400213 0.493056 0.039062 0.059343
3 0.226207 0.273359 0.039062 0.059343
3 0.091974 0.522096 0.039062 0.059343
1 0.703125 0.751894 0.068182 0.077020
4 0.072798 0.148359 0.039062 0.059343
0 0.669034 0.913510 0.068182 0.077020
5 0.948509 0.947601 0.039062 0.059343
6 0.089134 0.763258 0.039062 0.059343
1 0.944602 0.676136 0.068182 0.077020
7 0.269531 0.327652 0.039062 0.059343
6 0.474787 0.070076 0.039062 0.059343
8 0.340554 0.080177 0.039062 0.059343
4 0.192116 0.913510 0.039062 0.059343
7 0.600497 0.491793 0.039062 0.059343
5 0.030895 0.865530 0.039062 0.059343
2 0.043679 0.282197 0.029119 0.051768
2 0.430753 0.727904 0.029119 0.051768
3 0.409446 0.267045 0.039062 0.059343
7 0.271662 0.542298 0.039062 0.059343
3 0.720526 0.342803 0.039062 0.059343
3 0.919389 0.546086 0.039062 0.059343
6 0.934304 0.125631 0.039062 0.059343
