7 0.283736 0.937500 0.039062 0.059343
7 0.420810 0.846591 0.039062 0.059343
7 0.915838 0.166035 0.039062 0.059343
8 0.093395 0.458965 0.039062 0.059343
4 0.201349 0.059975 0.039062 0.059343
7 0.575639 0.037247 0.039062 0.059343
5 0.692827 0.046086 0.039062 0.059343
2 0.322798 0.446338 0.029119 0.051768
4 0.664418 0.446338 0.039062 0.059343
1 0.215199 0.279672 0.068182 0.077020
6 0.097656 0.714015 0.039062 0.059343
0 0.585227 0.958965 0.068182 0.077020
1 0.313920 0.138258 0.068182 0.077020
3 0.471236 0.299874 0.039062 0.059343
1 0.445312 0.551136 0.068182 0.077020
6 0.694957 0.899621 0.039062 0.059343
7 0.332741 0.359217 0.039062 0.059343
1 0.187500 0.958965 0.068182 0.077020
6 0.819957 0.903409 0.039062 0.059343
0 0.584517 0.471591 0.068182 0.077020
0 0.913352 0.477904 0.068182 0.077020
4 0.020241 0.961490 0.039062 0.059343
1 0.185369 0.453914 0.068182 0.077020
4 0.778054 0.265783 0.039062 0.059343
1 0.202415 0.749369 0.068182 0.077020
8 0.816406 0.101641 0.039062 0.059343
7 0.704901 0.332702 0.039062 0.059343
8 0.285866 0.678662 0.039062 0.059343
5 0.834162 0.490530 0.039062 0.059343
8 0.583452 0.692551 0.039062 0.059343
7 0.899503 0.278409 0.039062 0.059343
6 0.079190 0.083965 0.039062 0.059343
6 0.415838 0.693813 0.039062 0.059343
5 0.450639 0.104167 0.039062 0.059343
3 0.920810 0.649621 0.039062 0.059343
5 0.648793 0.721591 0.039062 0.059343
3 0.787287 0.649621 0.039062 0.059343
2 0.893111 0.884470 0.029119 0.051768
4 0.058594 0.240530 0.039062 0.059343
