4 0.774503 0.563763 0.039062 0.059343
0 0.573864 0.142045 0.068182 0.077020
0 0.420455 0.273359 0.068182 0.077020
5 0.837713 0.366793 0.039062 0.059343
2 0.221946 0.626894 0.029119 0.051768
4 0.047230 0.335227 0.039062 0.059343
5 0.469105 0.539773 0.039062 0.059343
8 0.345526 0.076389 0.039062 0.059343
3 0.034446 0.446338 0.039062 0.059343
3 0.552912 0.900884 0.039062 0.059343
0 0.327415 0.888258 0.068182 0.077020
3 0.037997 0.109217 0.039062 0.059343
4 0.476207 0.034722 0.039062 0.059343
7 0.066406 0.909722 0.039062 0.059343
6 0.177202 0.062500 0.039062 0.059343
1 0.676847 0.865530 0.068182 0.077020
2 0.938565 0.268308 0.029119 0.051768
6 0.425781 0.630682 0.039062 0.059343
4 0.905185 0.946338 0.039062 0.059343
1 0.551847 0.498106 0.068182 0.077020
8 0.720526 0.698864 0.039062 0.059343
