0 0.411222 0.283460 0.068182 0.077020
3 0.560724 0.029672 0.039062 0.059343
3 0.711293 0.119318 0.039062 0.059343
4 0.087003 0.291035 0.039062 0.059343
0 0.300426 0.356692 0.068182 0.077020
1 0.564631 0.639520 0.068182 0.077020
7 0.066406 0.119318 0.039062 0.059343
0 0.330256 0.903409 0.068182 0.077020
5 0.547230 0.263258 0.039062 0.059343
2 0.037997 0.485480 0.029119 0.051768
3 0.785866 0.291035 0.039062 0.059343
0 0.452415 0.732955 0.068182 0.077020
3 0.028054 0.866793 0.039062 0.059343
1 0.914773 0.326389 0.068182 0.077020
6 0.565696 0.455177 0.039062 0.059343
6 0.411577 0.523359 0.039062 0.059343
6 0.829190 0.950126 0.039062 0.059343
5 0.162997 0.945076 0.039062 0.059343
6 0.180753 0.544823 0.039062 0.059343
6 0.284446 0.456439 0.039062 0.059343
5 0.694247 0.833965 0.039062 0.059343
3 0.474077 0.855429 0.039062 0.059343
2 0.726207 0.758207 0.029119 0.051768
3 0.441406 0.110480 0.039062 0.059343
7 0.176491 0.711490 0.039062 0.059343
6 0.904474 0.168561 0.039062 0.059343
1 0.931108 0.931187 0.068182 0.077020
