6 0.581321 0.292298 0.039062 0.059343
7 0.434304 0.465278 0.039062 0.059343
4 0.596946 0.960227 0.039062 0.059343
0 0.678267 0.134470 0.068182 0.077020
3 0.220526 0.943813 0.039062 0.059343
7 0.084162 0.241793 0.039062 0.059343
3 0.805753 0.073864 0.039062 0.059343
7 0.715554 0.514520 0.039062 0.059343
0 0.790483 0.734217 0.068182 0.077020
6 0.408026 0.854167 0.039062 0.059343
6 0.209162 0.157197 0.039062 0.059343
8 0.594815 0.537247 0.039062 0.059343
0 0.558949 0.664773 0.068182 0.077020
3 0.292259 0.366793 0.039062 0.059343
5 0.579901 0.076389 0.039062 0.059343
8 0.920099 0.096591 0.039062 0.059343
8 0.330611 0.889520 0.039062 0.059343
8 0.942116 0.513258 0.039062 0.059343
7 0.024503 0.647096 0.039062 0.059343
7 0.686435 0.331439 0.039062 0.059343
4 0.446378 0.688763 0.039062 0.059343
2 0.162287 0.649621 0.029119 0.051768
0 0.941051 0.924874 0.068182 0.077020
1 0.081676 0.066288 0.068182 0.077020
1 0.328835 0.038510 0.068182 0.077020
8 0.784446 0.510732 0.039062 0.059343
1 0.321023 0.758207 0.068182 0.077020
2 0.019531 0.866793 0.029119 0.051768
7 0.797940 0.883207 0.039062 0.059343
4 0.671520 0.879419 0.039062 0.059343
1 0.203835 0.357955 0.068182 0.077020
4 0.904474 0.253157 0.039062 0.059343
5 0.080611 0.563763 0.039062 0.059343
3 0.410156 0.350379 0.039062 0.059343
4 0.804332 0.231692 0.039062 0.059343
