0 0.452415 0.039773 0.068182 0.077020
2 0.974787 0.139520 0.029119 0.051768
6 0.031605 0.663510 0.039062 0.059343
0 0.041903 0.350379 0.068182 0.077020
0 0.796165 0.044823 0.068182 0.077020
6 0.655185 0.688763 0.039062 0.059343
2 0.893111 0.648359 0.029119 0.051768
5 0.529474 0.927399 0.039062 0.059343
7 0.916548 0.894571 0.039062 0.059343
3 0.532315 0.288510 0.039062 0.059343
7 0.315696 0.311237 0.039062 0.059343
5 0.334162 0.549874 0.039062 0.059343
7 0.465554 0.538510 0.039062 0.059343
8 0.532315 0.456439 0.039062 0.059343
8 0.581321 0.703914 0.039062 0.059343
8 0.909446 0.285985 0.039062 0.059343
0 0.301847 0.755682 0.068182 0.077020
1 0.338068 0.923611 0.068182 0.077020
2 0.059304 0.109217 0.029119 0.051768
0 0.325994 0.125631 0.068182 0.077020
4 0.458452 0.344066 0.039062 0.059343
6 0.157315 0.647096 0.039062 0.059343
2 0.682884 0.085227 0.029119 0.051768
