1 0.926136 0.075126 0.068182 0.077020
7 0.058594 0.908460 0.039062 0.059343
4 0.842685 0.234217 0.039062 0.059343
6 0.188565 0.537247 0.039062 0.059343
3 0.166548 0.654672 0.039062 0.059343
6 0.697088 0.470328 0.039062 0.059343
4 0.588423 0.056187 0.039062 0.059343
2 0.220526 0.273359 0.029119 0.051768
1 0.302557 0.947601 0.068182 0.077020
2 0.728338 0.719066 0.029119 0.051768
0 0.198864 0.094066 0.068182 0.077020
6 0.466974 0.631944 0.039062 0.059343
7 0.221946 0.855429 0.039062 0.059343
8 0.042259 0.568813 0.039062 0.059343
3 0.971946 0.857955 0.039062 0.059343
5 0.602628 0.509470 0.039062 0.059343
5 0.402344 0.150884 0.039062 0.059343
0 0.331676 0.746843 0.068182 0.077020
0 0.316761 0.332702 0.068182 0.077020
3 0.551491 0.886995 0.039062 0.059343
1 0.960938 0.504419 0.068182 0.077020
8 0.785156 0.509470 0.039062 0.059343
2 0.531605 0.332702 0.029119 0.051768
