4 0.272372 0.726641 0.039062 0.059343
2 0.643821 0.913510 0.029119 0.051768
5 0.965554 0.504419 0.039062 0.059343
7 0.428622 0.697601 0.039062 0.059343
8 0.898793 0.860480 0.039062 0.059343
4 0.096236 0.240530 0.039062 0.059343
0 0.808239 0.876894 0.068182 0.077020
8 0.429332 0.966540 0.039062 0.059343
1 0.548295 0.445076 0.068182 0.077020
7 0.680753 0.246843 0.039062 0.059343
6 0.660866 0.479167 0.039062 0.059343
4 0.175781 0.948864 0.039062 0.059343
1 0.057528 0.075126 0.068182 0.077020
7 0.303622 0.931187 0.039062 0.059343
8 0.273793 0.313763 0.039062 0.059343
6 0.521662 0.736742 0.039062 0.059343
5 0.966264 0.119318 0.039062 0.059343
4 0.148082 0.118056 0.039062 0.059343
6 0.564276 0.261995 0.039062 0.059343
4 0.315696 0.158460 0.039062 0.059343
8 0.430753 0.049874 0.039062 0.059343
7 0.794389 0.107955 0.039062 0.059343
0 0.578125 0.081439 0.068182 0.077020
7 0.476207 0.518308 0.039062 0.059343
1 0.797585 0.744318 0.068182 0.077020
3 0.784446 0.342803 0.039062 0.059343
3 0.209162 0.543561 0.039062 0.059343
5 0.098366 0.437500 0.039062 0.059343
7 0.191406 0.267045 0.039062 0.059343
8 0.275923 0.432449 0.039062 0.059343
