6 0.562145 0.327652 0.039062 0.059343
0 0.938210 0.447601 0.068182 0.077020
2 0.430753 0.880682 0.029119 0.051768
2 0.356889 0.027146 0.029119 0.051768
0 0.681818 0.900884 0.068182 0.077020
0 0.916193 0.104167 0.068182 0.077020
4 0.566406 0.447601 0.039062 0.059343
6 0.303622 0.902146 0.039062 0.059343
0 0.691051 0.446338 0.068182 0.077020
6 0.325639 0.243056 0.039062 0.059343
3 0.523082 0.082702 0.039062 0.059343
0 0.323864 0.508207 0.068182 0.077020
2 0.177202 0.142045 0.029119 0.051768
5 0.789418 0.229167 0.039062 0.059343
0 0.950994 0.679924 0.068182 0.077020
5 0.832741 0.106692 0.039062 0.059343
8 0.574929 0.664773 0.039062 0.059343
5 0.204901 0.298611 0.039062 0.059343
0 0.817472 0.759470 0.068182 0.077020
0 0.947443 0.922348 0.068182 0.077020
2 0.181463 0.827652 0.029119 0.051768
1 0.214489 0.515783 0.068182 0.077020
2 0.648082 0.349116 0.029119 0.051768
7 0.021662 0.764520 0.039062 0.059343
