7 0.935014 0.542298 0.039062 0.059343
3 0.526634 0.657197 0.039062 0.059343
0 0.911222 0.650884 0.068182 0.077020
7 0.025213 0.936237 0.039062 0.059343
6 0.229759 0.908460 0.039062 0.059343
6 0.819247 0.738005 0.039062 0.059343
3 0.822088 0.316288 0.039062 0.059343
1 0.833097 0.929924 0.068182 0.077020
3 0.718395 0.078914 0.039062 0.059343
1 0.461648 0.340278 0.068182 0.077020
6 0.420810 0.471591 0.039062 0.059343
0 0.965909 0.105429 0.068182 0.077020
2 0.077770 0.155934 0.029119 0.051768
4 0.067827 0.678662 0.039062 0.059343
4 0.048651 0.448864 0.039062 0.059343
3 0.581321 0.912247 0.039062 0.059343
6 0.180753 0.053662 0.039062 0.059343
7 0.462003 0.847854 0.039062 0.059343
8 0.272372 0.496843 0.039062 0.059343
3 0.909446 0.302399 0.039062 0.059343
0 0.441051 0.658460 0.068182 0.077020
4 0.650213 0.298611 0.039062 0.059343
7 0.285156 0.274621 0.039062 0.059343
2 0.279474 0.714015 0.029119 0.051768
1 0.186790 0.270833 0.068182 0.077020
7 0.297940 0.135732 0.039062 0.059343
5 0.655185 0.491793 0.039062 0.059343
0 0.188210 0.547348 0.068182 0.077020
3 0.795099 0.504419 0.039062 0.059343
