6 0.209872 0.283460 0.039062 0.059343
1 0.046165 0.722854 0.068182 0.077020
7 0.225497 0.542298 0.039062 0.059343
1 0.315341 0.936237 0.068182 0.077020
7 0.825639 0.895833 0.039062 0.059343
5 0.905185 0.327652 0.039062 0.059343
6 0.910156 0.630682 0.039062 0.059343
1 0.331676 0.648359 0.068182 0.077020
1 0.784091 0.307449 0.068182 0.077020
3 0.542259 0.273359 0.039062 0.059343
1 0.568182 0.684975 0.068182 0.077020
5 0.650923 0.245581 0.039062 0.059343
1 0.661222 0.532197 0.068182 0.077020
1 0.539773 0.899621 0.068182 0.077020
1 0.412642 0.652146 0.068182 0.077020
2 0.931463 0.470328 0.029119 0.051768
3 0.077060 0.032197 0.039062 0.059343
6 0.702060 0.714015 0.039062 0.059343
4 0.908736 0.923611 0.039062 0.059343
1 0.306818 0.510732 0.068182 0.077020
1 0.460227 0.883207 0.068182 0.077020
1 0.801847 0.448864 0.068182 0.077020
2 0.687145 0.914773 0.029119 0.051768
4 0.437145 0.162247 0.039062 0.059343
8 0.307884 0.269571 0.039062 0.059343
3 0.662997 0.096591 0.039062 0.059343
8 0.805753 0.134470 0.039062 0.059343
7 0.148082 0.897096 0.039062 0.059343
6 0.930043 0.063763 0.039062 0.059343
1 0.076705 0.539773 0.068182 0.077020
7 0.404474 0.360480 0.039062 0.059343
0 0.328125 0.160985 0.068182 0.077020
1 0.192472 0.690025 0.068182 0.077020
0 0.831676 0.684975 0.068182 0.077020
6 0.405185 0.563763 0.039062 0.059343
7 0.591264 0.094066 0.039062 0.059343
4 0.097656 0.869318 0.039062 0.059343
7 0.082741 0.344066 0.039062 0.059343
6 0.519531 0.553662 0.039062 0.059343
