2 0.660866 0.760732 0.029119 0.051768
8 0.322088 0.676136 0.039062 0.059343
6 0.925071 0.662247 0.039062 0.059343
0 0.575284 0.316288 0.068182 0.077020
4 0.224787 0.095328 0.039062 0.059343
8 0.724077 0.489268 0.039062 0.059343
0 0.544744 0.878157 0.068182 0.077020
0 0.786222 0.087753 0.068182 0.077020
5 0.073509 0.960227 0.039062 0.059343
1 0.455966 0.493056 0.068182 0.077020
0 0.067472 0.105429 0.068182 0.077020
0 0.830966 0.750631 0.068182 0.077020
1 0.335938 0.076389 0.068182 0.077020
1 0.558239 0.142045 0.068182 0.077020
2 0.160866 0.716540 0.029119 0.051768
7 0.432173 0.638258 0.039062 0.059343
1 0.932528 0.884470 0.068182 0.077020
0 0.587358 0.671086 0.068182 0.077020
4 0.218395 0.836490 0.039062 0.059343
2 0.915838 0.226641 0.029119 0.051768
0 0.416193 0.244318 0.068182 0.077020
2 0.481889 0.061237 0.029119 0.051768
8 0.177912 0.510732 0.039062 0.059343
0 0.457386 0.841540 0.068182 0.077020
1 0.578125 0.455177 0.068182 0.077020
6 0.716264 0.889520 0.039062 0.059343
6 0.953480 0.488005 0.039062 0.059343
4 0.689986 0.063763 0.039062 0.059343
7 0.841264 0.297348 0.039062 0.059343
1 0.084517 0.288510 0.068182 0.077020
