4 0.169389 0.243056 0.039062 0.059343
2 0.685724 0.104167 0.029119 0.051768
0 0.455966 0.682449 0.068182 0.077020
7 0.718395 0.691288 0.039062 0.059343
0 0.803267 0.652146 0.068182 0.077020
0 0.581676 0.123106 0.068182 0.077020
3 0.042259 0.462753 0.039062 0.059343
7 0.662287 0.243056 0.039062 0.059343
0 0.838068 0.279672 0.068182 0.077020
3 0.434304 0.486742 0.039062 0.059343
6 0.526634 0.879419 0.039062 0.059343
5 0.451349 0.147096 0.039062 0.059343
1 0.950994 0.076389 0.068182 0.077020
1 0.435369 0.352904 0.068182 0.077020
8 0.544389 0.491793 0.039062 0.059343
7 0.908026 0.558712 0.039062 0.059343
6 0.315696 0.140783 0.039062 0.059343
1 0.583097 0.722854 0.068182 0.077020
0 0.034091 0.154672 0.068182 0.077020
0 0.061080 0.349116 0.068182 0.077020
0 0.311080 0.957702 0.068182 0.077020
4 0.334162 0.708965 0.039062 0.059343
4 0.074929 0.885732 0.039062 0.059343
4 0.922940 0.854167 0.039062 0.059343
4 0.207031 0.931187 0.039062 0.059343
0 0.690341 0.869318 0.068182 0.077020
0 0.683239 0.548611 0.068182 0.077020
1 0.297585 0.292298 0.068182 0.077020
4 0.464844 0.849116 0.039062 0.059343
8 0.067827 0.673611 0.039062 0.059343
8 0.150213 0.640783 0.039062 0.059343
1 0.791903 0.498106 0.068182 0.077020
5 0.805043 0.953914 0.039062 0.059343
2 0.217685 0.135732 0.029119 0.051768
