5 0.165838 0.350379 0.039062 0.059343
7 0.698509 0.722854 0.039062 0.059343
5 0.099787 0.457702 0.039062 0.059343
0 0.299006 0.538510 0.068182 0.077020
3 0.778054 0.285985 0.039062 0.059343
3 0.223366 0.568813 0.039062 0.059343
1 0.918324 0.441288 0.068182 0.077020
6 0.475497 0.269571 0.039062 0.059343
1 0.695312 0.875631 0.068182 0.077020
3 0.536577 0.876894 0.039062 0.059343
4 0.944957 0.264520 0.039062 0.059343
7 0.431463 0.520833 0.039062 0.059343
1 0.065341 0.706439 0.068182 0.077020
6 0.572088 0.345328 0.039062 0.059343
0 0.296875 0.666035 0.068182 0.077020
6 0.798651 0.154672 0.039062 0.059343
2 0.225497 0.724116 0.029119 0.051768
6 0.725497 0.333965 0.039062 0.059343
1 0.688920 0.553662 0.068182 0.077020
4 0.915128 0.684975 0.039062 0.059343
0 0.205966 0.857955 0.068182 0.077020
0 0.709517 0.096591 0.068182 0.077020
8 0.047230 0.870581 0.039062 0.059343
6 0.176491 0.118056 0.039062 0.059343
4 0.090554 0.328914 0.039062 0.059343
4 0.424361 0.950126 0.039062 0.059343
0 0.578835 0.639520 0.068182 0.077020
1 0.441051 0.125631 0.068182 0.077020
4 0.929332 0.922348 0.039062 0.059343
0 0.089489 0.078914 0.068182 0.077020
