2 0.928622 0.849116 0.029119 0.051768
7 0.774503 0.085227 0.039062 0.059343
8 0.301491 0.937500 0.039062 0.059343
3 0.523793 0.094066 0.039062 0.059343
5 0.094105 0.155934 0.039062 0.059343
5 0.318537 0.244318 0.039062 0.059343
6 0.055043 0.437500 0.039062 0.059343
4 0.273793 0.131944 0.039062 0.059343
3 0.577770 0.934975 0.039062 0.059343
1 0.785511 0.917298 0.068182 0.077020
1 0.708097 0.076389 0.068182 0.077020
4 0.304332 0.729167 0.039062 0.059343
6 0.199219 0.921086 0.039062 0.059343
8 0.104048 0.832702 0.039062 0.059343
2 0.415838 0.086490 0.029119 0.051768
3 0.554332 0.529672 0.039062 0.059343
3 0.692116 0.270833 0.039062 0.059343
6 0.175781 0.498106 0.039062 0.059343
1 0.182528 0.254419 0.068182 0.077020
2 0.595526 0.277146 0.029119 0.051768
8 0.662997 0.499369 0.039062 0.059343
5 0.705611 0.863005 0.039062 0.059343
8 0.444957 0.287247 0.039062 0.059343
4 0.815696 0.533460 0.039062 0.059343
1 0.910511 0.697601 0.068182 0.077020
0 0.458807 0.735480 0.068182 0.077020
3 0.833452 0.676136 0.039062 0.059343
