4 0.403764 0.321338 0.039062 0.059343
7 0.591264 0.892045 0.039062 0.059343
8 0.660866 0.041035 0.039062 0.059343
3 0.293679 0.317551 0.039062 0.059343
7 0.077770 0.528409 0.039062 0.059343
1 0.570312 0.352904 0.068182 0.077020
2 0.982599 0.360480 0.029119 0.051768
4 0.412287 0.037247 0.039062 0.059343
1 0.789773 0.469066 0.068182 0.077020
1 0.943182 0.479167 0.068182 0.077020
0 0.437500 0.710227 0.068182 0.077020
2 0.823509 0.279672 0.029119 0.051768
7 0.703480 0.557449 0.039062 0.059343
5 0.575639 0.743056 0.039062 0.059343
2 0.324219 0.703914 0.029119 0.051768
5 0.972656 0.089015 0.039062 0.059343
8 0.226207 0.102904 0.039062 0.059343
2 0.190696 0.308712 0.029119 0.051768
5 0.218395 0.503157 0.039062 0.059343
4 0.052912 0.136995 0.039062 0.059343
0 0.054688 0.952652 0.068182 0.077020
8 0.452770 0.879419 0.039062 0.059343
6 0.310014 0.945076 0.039062 0.059343
5 0.794389 0.941288 0.039062 0.059343
8 0.348366 0.537247 0.039062 0.059343
1 0.578835 0.136995 0.068182 0.077020
0 0.053267 0.239268 0.068182 0.077020
7 0.785156 0.760732 0.039062 0.059343
6 0.816406 0.118056 0.039062 0.059343
3 0.179332 0.929924 0.039062 0.059343
