4 0.980469 0.315025 0.039062 0.059343
5 0.067116 0.475379 0.039062 0.059343
3 0.193537 0.328914 0.039062 0.059343
5 0.209872 0.663510 0.039062 0.059343
1 0.681108 0.039773 0.068182 0.077020
6 0.426491 0.642045 0.039062 0.059343
5 0.281605 0.063763 0.039062 0.059343
6 0.968395 0.732955 0.039062 0.059343
8 0.644531 0.336490 0.039062 0.059343
5 0.067827 0.738005 0.039062 0.059343
3 0.521662 0.546086 0.039062 0.059343
4 0.083452 0.363005 0.039062 0.059343
5 0.224787 0.836490 0.039062 0.059343
0 0.446733 0.851641 0.068182 0.077020
1 0.933239 0.931187 0.068182 0.077020
7 0.807173 0.150884 0.039062 0.059343
1 0.575284 0.101641 0.068182 0.077020
3 0.430043 0.490530 0.039062 0.059343
5 0.673651 0.674874 0.039062 0.059343
7 0.702060 0.852904 0.039062 0.059343
3 0.775923 0.317551 0.039062 0.059343
7 0.060014 0.895833 0.039062 0.059343
3 0.530895 0.880682 0.039062 0.059343
7 0.312145 0.923611 0.039062 0.059343
8 0.962003 0.065025 0.039062 0.059343
8 0.827060 0.662247 0.039062 0.059343
8 0.552202 0.727904 0.039062 0.059343
3 0.803622 0.873106 0.039062 0.059343
0 0.433949 0.331439 0.068182 0.077020
0 0.553977 0.277146 0.068182 0.077020
5 0.280895 0.235480 0.039062 0.059343
2 0.778054 0.570076 0.029119 0.051768
