2 0.799361 0.456439 0.029119 0.051768
3 0.170810 0.860480 0.039062 0.059343
5 0.537287 0.323864 0.039062 0.059343
2 0.767401 0.250631 0.029119 0.051768
7 0.476207 0.287247 0.039062 0.059343
1 0.933949 0.517045 0.068182 0.077020
4 0.772372 0.750631 0.039062 0.059343
4 0.933594 0.067551 0.039062 0.059343
7 0.662997 0.754419 0.039062 0.059343
1 0.575284 0.703914 0.068182 0.077020
3 0.949219 0.631944 0.039062 0.059343
8 0.319247 0.092803 0.039062 0.059343
6 0.784446 0.162247 0.039062 0.059343
6 0.030895 0.072601 0.039062 0.059343
8 0.036577 0.924874 0.039062 0.059343
5 0.688565 0.868056 0.039062 0.059343
0 0.713778 0.501894 0.068182 0.077020
2 0.704190 0.360480 0.029119 0.051768
2 0.577060 0.903409 0.029119 0.051768
0 0.184659 0.289773 0.068182 0.077020
1 0.321733 0.912247 0.068182 0.077020
8 0.539418 0.043561 0.039062 0.059343
2 0.018111 0.698864 0.029119 0.051768
3 0.439276 0.551136 0.039062 0.059343
1 0.433949 0.676136 0.068182 0.077020
6 0.418679 0.140783 0.039062 0.059343
4 0.192116 0.125631 0.039062 0.059343
5 0.327060 0.250631 0.039062 0.059343
2 0.393111 0.846591 0.029119 0.051768
8 0.969105 0.291035 0.039062 0.059343
5 0.579190 0.503157 0.039062 0.059343
3 0.024503 0.279672 0.039062 0.059343
4 0.325639 0.538510 0.039062 0.059343
