6 0.523082 0.832702 0.039062 0.059343
4 0.524503 0.282197 0.039062 0.059343
4 0.967685 0.908460 0.039062 0.059343
3 0.933594 0.253157 0.039062 0.059343
3 0.272372 0.313763 0.039062 0.059343
4 0.797940 0.466540 0.039062 0.059343
6 0.222656 0.313763 0.039062 0.059343
0 0.679688 0.123106 0.068182 0.077020
5 0.101918 0.537247 0.039062 0.059343
6 0.562855 0.035985 0.039062 0.059343
7 0.565696 0.448864 0.039062 0.059343
5 0.930043 0.489268 0.039062 0.059343
8 0.793679 0.937500 0.039062 0.059343
1 0.575994 0.708965 0.068182 0.077020
0 0.429688 0.346591 0.068182 0.077020
2 0.910866 0.722854 0.029119 0.051768
7 0.445668 0.717803 0.039062 0.059343
2 0.222656 0.105429 0.029119 0.051768
3 0.027344 0.091540 0.039062 0.059343
7 0.687145 0.344066 0.039062 0.059343
2 0.702060 0.918561 0.029119 0.051768
0 0.087358 0.740530 0.068182 0.077020
0 0.064631 0.886995 0.068182 0.077020
1 0.299006 0.703914 0.068182 0.077020
0 0.457386 0.883207 0.068182 0.077020
8 0.824219 0.642045 0.039062 0.059343
4 0.332741 0.952652 0.039062 0.059343
0 0.802557 0.333965 0.068182 0.077020
2 0.356179 0.159722 0.029119 0.051768
1 0.931108 0.152146 0.068182 0.077020
4 0.783736 0.144571 0.039062 0.059343
