5 0.672940 0.136995 0.039062 0.059343
2 0.896662 0.113005 0.029119 0.051768
1 0.061790 0.337753 0.068182 0.077020
5 0.542259 0.647096 0.039062 0.059343
3 0.410156 0.679924 0.039062 0.059343
1 0.323153 0.452652 0.068182 0.077020
4 0.697088 0.676136 0.039062 0.059343
7 0.158736 0.460227 0.039062 0.059343
8 0.329190 0.902146 0.039062 0.059343
0 0.672585 0.532197 0.068182 0.077020
2 0.104759 0.849116 0.029119 0.051768
8 0.541548 0.345328 0.039062 0.059343
1 0.164773 0.102904 0.068182 0.077020
5 0.908736 0.517045 0.039062 0.059343
2 0.017401 0.529672 0.029119 0.051768
3 0.079190 0.676136 0.039062 0.059343
4 0.395241 0.332702 0.039062 0.059343
5 0.212713 0.857955 0.039062 0.059343
7 0.816406 0.947601 0.039062 0.059343
1 0.837358 0.456439 0.068182 0.077020
2 0.398082 0.097854 0.029119 0.051768
1 0.959517 0.958965 0.068182 0.077020
2 0.953480 0.255682 0.029119 0.051768
4 0.572798 0.452652 0.039062 0.059343
8 0.307884 0.304924 0.039062 0.059343
7 0.770952 0.095328 0.039062 0.059343
2 0.096236 0.129419 0.029119 0.051768
8 0.802912 0.707702 0.039062 0.059343
4 0.431463 0.537247 0.039062 0.059343
6 0.337003 0.058712 0.039062 0.059343
5 0.408026 0.889520 0.039062 0.059343
4 0.349787 0.703914 0.039062 0.059343
2 0.533736 0.039773 0.029119 0.051768
1 0.835227 0.308712 0.068182 0.077020
