8 0.910866 0.650884 0.039062 0.059343
4 0.075639 0.693813 0.039062 0.059343
6 0.785156 0.724116 0.039062 0.059343
4 0.098366 0.293561 0.039062 0.059343
2 0.019531 0.551136 0.029119 0.051768
2 0.319247 0.541035 0.029119 0.051768
4 0.213423 0.288510 0.039062 0.059343
7 0.658736 0.094066 0.039062 0.059343
2 0.519531 0.344066 0.029119 0.051768
3 0.305043 0.866793 0.039062 0.059343
5 0.200639 0.765783 0.039062 0.059343
3 0.781605 0.486742 0.039062 0.059343
3 0.278054 0.138258 0.039062 0.059343
6 0.189986 0.091540 0.039062 0.059343
8 0.558594 0.535985 0.039062 0.059343
6 0.980469 0.149621 0.039062 0.059343
1 0.458097 0.948864 0.068182 0.077020
7 0.445668 0.493056 0.039062 0.059343
5 0.415128 0.360480 0.039062 0.059343
1 0.198153 0.941288 0.068182 0.077020
2 0.572798 0.630682 0.029119 0.051768
8 0.086293 0.047348 0.039062 0.059343
5 0.821378 0.110480 0.039062 0.059343
8 0.946378 0.451389 0.039062 0.059343
