4 0.050781 0.836490 0.039062 0.059343
7 0.780185 0.436237 0.039062 0.059343
5 0.952770 0.505682 0.039062 0.059343
8 0.716974 0.890783 0.039062 0.059343
5 0.193537 0.043561 0.039062 0.059343
6 0.954901 0.099116 0.039062 0.059343
0 0.311080 0.648359 0.068182 0.077020
1 0.661932 0.344066 0.068182 0.077020
8 0.434304 0.144571 0.039062 0.059343
8 0.687855 0.519571 0.039062 0.059343
2 0.427912 0.856692 0.029119 0.051768
4 0.188565 0.678662 0.039062 0.059343
5 0.685724 0.727904 0.039062 0.059343
5 0.823509 0.662247 0.039062 0.059343
6 0.921520 0.745581 0.039062 0.059343
1 0.913352 0.325126 0.068182 0.077020
8 0.602628 0.134470 0.039062 0.059343
8 0.354759 0.288510 0.039062 0.059343
3 0.181463 0.360480 0.039062 0.059343
0 0.536222 0.258207 0.068182 0.077020
4 0.961293 0.835227 0.039062 0.059343
4 0.293679 0.089015 0.039062 0.059343
