2 0.769531 0.702652 0.029119 0.051768
0 0.336648 0.528409 0.068182 0.077020
0 0.298295 0.943813 0.068182 0.077020
8 0.716264 0.326389 0.039062 0.059343
4 0.454901 0.285985 0.039062 0.059343
8 0.202060 0.846591 0.039062 0.059343
1 0.183239 0.460227 0.068182 0.077020
5 0.322088 0.335227 0.039062 0.059343
4 0.849077 0.936237 0.039062 0.059343
6 0.526634 0.078914 0.039062 0.059343
4 0.274503 0.139520 0.039062 0.059343
5 0.159446 0.275884 0.039062 0.059343
4 0.684304 0.441288 0.039062 0.059343
6 0.791548 0.558712 0.039062 0.059343
2 0.057173 0.293561 0.029119 0.051768
3 0.476207 0.085227 0.039062 0.059343
2 0.587003 0.441288 0.029119 0.051768
5 0.677912 0.070076 0.039062 0.059343
5 0.425781 0.869318 0.039062 0.059343
6 0.965554 0.854167 0.039062 0.059343
5 0.585582 0.751894 0.039062 0.059343
5 0.556463 0.860480 0.039062 0.059343
8 0.480469 0.565025 0.039062 0.059343
3 0.153764 0.633207 0.039062 0.059343
4 0.782315 0.041035 0.039062 0.059343
