0 0.965909 0.331439 0.068182 0.077020
7 0.700639 0.049874 0.039062 0.059343
1 0.538352 0.538510 0.068182 0.077020
5 0.329901 0.302399 0.039062 0.059343
2 0.162287 0.850379 0.029119 0.051768
7 0.278054 0.946338 0.039062 0.059343
4 0.307884 0.697601 0.039062 0.059343
7 0.913707 0.096591 0.039062 0.059343
8 0.022372 0.740530 0.039062 0.059343
0 0.073864 0.881944 0.068182 0.077020
3 0.019531 0.075126 0.039062 0.059343
2 0.191406 0.034722 0.029119 0.051768
5 0.695668 0.845328 0.039062 0.059343
4 0.401634 0.712753 0.039062 0.059343
8 0.802202 0.070076 0.039062 0.059343
3 0.796520 0.519571 0.039062 0.059343
7 0.910866 0.761995 0.039062 0.059343
3 0.548651 0.030934 0.039062 0.059343
0 0.172585 0.471591 0.068182 0.077020
5 0.446378 0.543561 0.039062 0.059343
7 0.587003 0.830177 0.039062 0.059343
5 0.052912 0.469066 0.039062 0.059343
6 0.834162 0.861742 0.039062 0.059343
0 0.709517 0.527146 0.068182 0.077020
