3 0.729759 0.350379 0.039062 0.059343
7 0.850497 0.131944 0.039062 0.059343
3 0.276634 0.469066 0.039062 0.059343
1 0.294034 0.697601 0.068182 0.077020
4 0.958452 0.686237 0.039062 0.059343
3 0.186435 0.065025 0.039062 0.059343
8 0.038707 0.061237 0.039062 0.059343
8 0.939986 0.895833 0.039062 0.059343
2 0.463423 0.073864 0.029119 0.051768
0 0.709517 0.534722 0.068182 0.077020
3 0.773793 0.721591 0.039062 0.059343
0 0.565341 0.879419 0.068182 0.077020
0 0.818182 0.873106 0.068182 0.077020
6 0.593395 0.499369 0.039062 0.059343
8 0.212713 0.556187 0.039062 0.059343
3 0.906605 0.306187 0.039062 0.059343
7 0.674361 0.072601 0.039062 0.059343
7 0.828480 0.462753 0.039062 0.059343
1 0.559659 0.160985 0.068182 0.077020
0 0.055398 0.889520 0.068182 0.077020
3 0.407315 0.245581 0.039062 0.059343
4 0.184304 0.648359 0.039062 0.059343
6 0.093395 0.504419 0.039062 0.059343
2 0.400213 0.716540 0.029119 0.051768
3 0.082031 0.328914 0.039062 0.059343
6 0.469105 0.556187 0.039062 0.059343
