4 0.033736 0.533460 0.039062 0.059343
3 0.175071 0.119318 0.039062 0.059343
3 0.693537 0.735480 0.039062 0.059343
4 0.528764 0.893308 0.039062 0.059343
0 0.945312 0.947601 0.068182 0.077020
6 0.830611 0.038510 0.039062 0.059343
1 0.416193 0.323864 0.068182 0.077020
0 0.576705 0.667298 0.068182 0.077020
0 0.200994 0.477904 0.068182 0.077020
4 0.180753 0.662247 0.039062 0.059343
5 0.287287 0.828914 0.039062 0.059343
5 0.068537 0.951389 0.039062 0.059343
8 0.729759 0.542298 0.039062 0.059343
4 0.576349 0.231692 0.039062 0.059343
1 0.307528 0.443813 0.068182 0.077020
6 0.087713 0.331439 0.039062 0.059343
2 0.705611 0.832702 0.029119 0.051768
2 0.423651 0.850379 0.029119 0.051768
3 0.204190 0.863005 0.039062 0.059343
6 0.941406 0.139520 0.039062 0.059343
2 0.350497 0.239268 0.029119 0.051768
4 0.228338 0.320076 0.039062 0.059343
3 0.408736 0.548611 0.039062 0.059343
5 0.779474 0.360480 0.039062 0.059343
