1 0.942472 0.674874 0.068182 0.077020
0 0.706676 0.041035 0.068182 0.077020
3 0.804332 0.030934 0.039062 0.059343
3 0.341264 0.662247 0.039062 0.059343
4 0.780185 0.686237 0.039062 0.059343
5 0.425781 0.434975 0.039062 0.059343
1 0.426847 0.914773 0.068182 0.077020
7 0.428622 0.128157 0.039062 0.059343
0 0.551847 0.938763 0.068182 0.077020
0 0.183239 0.475379 0.068182 0.077020
8 0.219105 0.131944 0.039062 0.059343
6 0.216264 0.327652 0.039062 0.059343
4 0.092685 0.157197 0.039062 0.059343
0 0.810369 0.501894 0.068182 0.077020
3 0.341264 0.135732 0.039062 0.059343
8 0.277344 0.861742 0.039062 0.059343
8 0.165838 0.907197 0.039062 0.059343
1 0.960938 0.144571 0.068182 0.077020
3 0.564276 0.328914 0.039062 0.059343
8 0.939276 0.292298 0.039062 0.059343
6 0.400213 0.711490 0.039062 0.059343
8 0.531605 0.658460 0.039062 0.059343
6 0.675781 0.922348 0.039062 0.059343
5 0.072798 0.250631 0.039062 0.059343
2 0.067827 0.500631 0.029119 0.051768
6 0.292969 0.562500 0.039062 0.059343
4 0.955611 0.852904 0.039062 0.059343
0 0.821023 0.331439 0.068182 0.077020
