2 0.193537 0.933712 0.029119 0.051768
0 0.340199 0.450126 0.068182 0.077020
5 0.431463 0.674874 0.039062 0.059343
7 0.180753 0.751894 0.039062 0.059343
0 0.458097 0.542298 0.068182 0.077020
1 0.203125 0.322601 0.068182 0.077020
4 0.101207 0.889520 0.039062 0.059343
7 0.291548 0.946338 0.039062 0.059343
5 0.307173 0.703914 0.039062 0.059343
0 0.927557 0.640783 0.068182 0.077020
3 0.554332 0.148359 0.039062 0.059343
1 0.910511 0.854167 0.068182 0.077020
8 0.561435 0.255682 0.039062 0.059343
8 0.709162 0.543561 0.039062 0.059343
3 0.027344 0.477904 0.039062 0.059343
1 0.787642 0.684975 0.068182 0.077020
6 0.199219 0.140783 0.039062 0.059343
1 0.290483 0.279672 0.068182 0.077020
4 0.571378 0.535985 0.039062 0.059343
4 0.658026 0.046086 0.039062 0.059343
0 0.801847 0.326389 0.068182 0.077020
6 0.198509 0.499369 0.039062 0.059343
4 0.781605 0.966540 0.039062 0.059343
