5 0.439276 0.878157 0.039062 0.059343
4 0.334162 0.429924 0.039062 0.059343
4 0.841974 0.336490 0.039062 0.059343
7 0.976207 0.345328 0.039062 0.059343
4 0.207031 0.346591 0.039062 0.059343
7 0.216974 0.710227 0.039062 0.059343
7 0.084162 0.885732 0.039062 0.059343
6 0.398793 0.750631 0.039062 0.059343
6 0.067116 0.460227 0.039062 0.059343
0 0.174716 0.491793 0.068182 0.077020
2 0.610440 0.666035 0.029119 0.051768
7 0.302202 0.629419 0.039062 0.059343
2 0.297940 0.147096 0.029119 0.051768
4 0.471946 0.306187 0.039062 0.059343
7 0.057173 0.328914 0.039062 0.059343
7 0.922230 0.491793 0.039062 0.059343
8 0.334162 0.912247 0.039062 0.059343
0 0.675426 0.659722 0.068182 0.077020
5 0.540128 0.878157 0.039062 0.059343
8 0.330611 0.355429 0.039062 0.059343
3 0.788707 0.738005 0.039062 0.059343
1 0.075284 0.657197 0.068182 0.077020
1 0.935369 0.654672 0.068182 0.077020
5 0.443537 0.448864 0.039062 0.059343
6 0.724787 0.081439 0.039062 0.059343
8 0.962003 0.106692 0.039062 0.059343
1 0.579545 0.250631 0.068182 0.077020
4 0.179332 0.070076 0.039062 0.059343
3 0.677912 0.369318 0.039062 0.059343
1 0.159801 0.880682 0.068182 0.077020
7 0.572088 0.133207 0.039062 0.059343
7 0.775923 0.130682 0.039062 0.059343
5 0.965554 0.964015 0.039062 0.059343
2 0.556463 0.431187 0.029119 0.051768
