3 0.553622 0.261995 0.039062 0.059343
8 0.183594 0.431187 0.039062 0.059343
5 0.476918 0.325126 0.039062 0.059343
7 0.454190 0.697601 0.039062 0.059343
0 0.338068 0.691288 0.068182 0.077020
5 0.542969 0.643308 0.039062 0.059343
7 0.474787 0.073864 0.039062 0.059343
5 0.167969 0.279672 0.039062 0.059343
1 0.688920 0.668561 0.068182 0.077020
1 0.813210 0.636995 0.068182 0.077020
3 0.907315 0.048611 0.039062 0.059343
0 0.057528 0.716540 0.068182 0.077020
4 0.461293 0.926136 0.039062 0.059343
0 0.037642 0.071338 0.068182 0.077020
0 0.286932 0.955177 0.068182 0.077020
8 0.837003 0.888258 0.039062 0.059343
0 0.041193 0.248106 0.068182 0.077020
1 0.590909 0.559975 0.068182 0.077020
3 0.295099 0.145833 0.039062 0.059343
0 0.199574 0.937500 0.068182 0.077020
1 0.209517 0.106692 0.068182 0.077020
8 0.704901 0.881944 0.039062 0.059343
4 0.966974 0.684975 0.039062 0.059343
5 0.659446 0.049874 0.039062 0.059343
2 0.026634 0.863005 0.029119 0.051768
2 0.269531 0.532197 0.029119 0.051768
7 0.700639 0.541035 0.039062 0.059343
4 0.834162 0.501894 0.039062 0.059343
1 0.786222 0.291035 0.068182 0.077020
6 0.529474 0.923611 0.039062 0.059343
6 0.210582 0.667298 0.039062 0.059343
5 0.082741 0.501894 0.039062 0.059343
1 0.943892 0.291035 0.068182 0.077020
5 0.542259 0.155934 0.039062 0.059343
