1 0.578835 0.934975 0.068182 0.077020
1 0.206676 0.943813 0.068182 0.077020
4 0.528054 0.548611 0.039062 0.059343
7 0.037287 0.854167 0.039062 0.059343
6 0.279474 0.658460 0.039062 0.059343
4 0.330611 0.533460 0.039062 0.059343
8 0.822088 0.482955 0.039062 0.059343
8 0.198509 0.368056 0.039062 0.059343
1 0.034091 0.533460 0.068182 0.077020
4 0.479048 0.451389 0.039062 0.059343
0 0.676847 0.318813 0.068182 0.077020
6 0.846236 0.629419 0.039062 0.059343
4 0.671520 0.128157 0.039062 0.059343
3 0.567827 0.091540 0.039062 0.059343
8 0.846946 0.106692 0.039062 0.059343
8 0.703480 0.966540 0.039062 0.059343
3 0.040838 0.078914 0.039062 0.059343
3 0.667259 0.644571 0.039062 0.059343
6 0.414418 0.951389 0.039062 0.059343
2 0.976207 0.763258 0.029119 0.051768
3 0.951349 0.443813 0.039062 0.059343
