4 0.346946 0.128157 0.039062 0.059343
6 0.675781 0.499369 0.039062 0.059343
0 0.575994 0.083965 0.068182 0.077020
0 0.784091 0.134470 0.068182 0.077020
1 0.210227 0.712753 0.068182 0.077020
8 0.218395 0.236742 0.039062 0.059343
7 0.824219 0.438763 0.039062 0.059343
0 0.956676 0.240530 0.068182 0.077020
0 0.924716 0.885732 0.068182 0.077020
4 0.449929 0.649621 0.039062 0.059343
5 0.091974 0.325126 0.039062 0.059343
4 0.778054 0.926136 0.039062 0.059343
5 0.415128 0.537247 0.039062 0.059343
4 0.104048 0.870581 0.039062 0.059343
3 0.905895 0.519571 0.039062 0.059343
3 0.311435 0.293561 0.039062 0.059343
2 0.391690 0.307449 0.029119 0.051768
0 0.183239 0.152146 0.068182 0.077020
5 0.833452 0.307449 0.039062 0.059343
4 0.354759 0.452652 0.039062 0.059343
2 0.069247 0.469066 0.029119 0.051768
0 0.450284 0.138258 0.068182 0.077020
4 0.673651 0.046086 0.039062 0.059343
