4 0.705611 0.145833 0.039062 0.059343
6 0.229048 0.533460 0.039062 0.059343
6 0.817827 0.432449 0.039062 0.059343
7 0.435724 0.556187 0.039062 0.059343
7 0.045099 0.159722 0.039062 0.059343
4 0.695668 0.739268 0.039062 0.059343
3 0.822088 0.260732 0.039062 0.059343
5 0.315696 0.505682 0.039062 0.059343
8 0.662997 0.470328 0.039062 0.059343
7 0.463423 0.642045 0.039062 0.059343
8 0.439986 0.044823 0.039062 0.059343
0 0.690341 0.897096 0.068182 0.077020
0 0.202415 0.239268 0.068182 0.077020
2 0.407315 0.934975 0.029119 0.051768
7 0.897372 0.311237 0.039062 0.059343
0 0.685369 0.245581 0.068182 0.077020
6 0.347656 0.739268 0.039062 0.059343
5 0.540838 0.653409 0.039062 0.059343
7 0.957031 0.123106 0.039062 0.059343
5 0.170810 0.883207 0.039062 0.059343
