7 0.099787 0.164773 0.039062 0.059343
0 0.555398 0.868056 0.068182 0.077020
0 0.573864 0.455177 0.068182 0.077020
2 0.208452 0.243056 0.029119 0.051768
3 0.661577 0.234217 0.039062 0.059343
1 0.707386 0.884470 0.068182 0.077020
2 0.222656 0.770833 0.029119 0.051768
7 0.183594 0.428662 0.039062 0.059343
4 0.306463 0.841540 0.039062 0.059343
8 0.915838 0.240530 0.039062 0.059343
0 0.299006 0.313763 0.068182 0.077020
1 0.428267 0.662247 0.068182 0.077020
5 0.840554 0.306187 0.039062 0.059343
2 0.022372 0.727904 0.029119 0.051768
1 0.419034 0.940025 0.068182 0.077020
2 0.056463 0.847854 0.029119 0.051768
6 0.700639 0.668561 0.039062 0.059343
8 0.184304 0.892045 0.039062 0.059343
3 0.183594 0.163510 0.039062 0.059343
2 0.296520 0.157197 0.029119 0.051768
0 0.458807 0.488005 0.068182 0.077020
1 0.965199 0.107955 0.068182 0.077020
7 0.794389 0.734217 0.039062 0.059343
7 0.557884 0.296086 0.039062 0.059343
0 0.921165 0.466540 0.068182 0.077020
2 0.929332 0.926136 0.029119 0.051768
7 0.704901 0.168561 0.039062 0.059343
4 0.673651 0.558712 0.039062 0.059343
7 0.839844 0.903409 0.039062 0.059343
0 0.078835 0.357955 0.068182 0.077020
4 0.418679 0.159722 0.039062 0.059343
5 0.099787 0.515783 0.039062 0.059343
7 0.800071 0.563763 0.039062 0.059343
4 0.922230 0.677399 0.039062 0.059343
3 0.589134 0.052399 0.039062 0.059343
3 0.416548 0.277146 0.039062 0.059343
8 0.312855 0.429924 0.039062 0.059343
3 0.555753 0.668561 0.039062 0.059343
