0 0.575994 0.511995 0.068182 0.077020
3 0.903054 0.932449 0.039062 0.059343
0 0.321733 0.686237 0.068182 0.077020
8 0.043679 0.899621 0.039062 0.059343
0 0.561790 0.941288 0.068182 0.077020
5 0.547230 0.147096 0.039062 0.059343
5 0.977628 0.236742 0.039062 0.059343
7 0.165128 0.044823 0.039062 0.059343
5 0.054332 0.552399 0.039062 0.059343
4 0.953480 0.686237 0.039062 0.059343
0 0.058949 0.683712 0.068182 0.077020
6 0.827060 0.660985 0.039062 0.059343
7 0.827770 0.341540 0.039062 0.059343
7 0.201349 0.303662 0.039062 0.059343
2 0.072088 0.091540 0.029119 0.051768
6 0.720526 0.283460 0.039062 0.059343
4 0.670810 0.130682 0.039062 0.059343
7 0.057173 0.330177 0.039062 0.059343
7 0.414418 0.243056 0.039062 0.059343
0 0.962358 0.559975 0.068182 0.077020
6 0.704901 0.691288 0.039062 0.059343
7 0.579190 0.764520 0.039062 0.059343
4 0.667969 0.538510 0.039062 0.059343
0 0.463068 0.113005 0.068182 0.077020
8 0.824219 0.477904 0.039062 0.059343
6 0.283026 0.919823 0.039062 0.059343
4 0.465554 0.461490 0.039062 0.059343
7 0.318537 0.113005 0.039062 0.059343
2 0.671520 0.897096 0.029119 0.051768
4 0.153764 0.652146 0.039062 0.059343
5 0.470526 0.880682 0.039062 0.059343
6 0.419389 0.758207 0.039062 0.059343
