8 0.689276 0.164773 0.039062 0.059343
4 0.790128 0.442551 0.039062 0.059343
8 0.297230 0.509470 0.039062 0.059343
7 0.569247 0.304924 0.039062 0.059343
7 0.079901 0.918561 0.039062 0.059343
2 0.233310 0.558712 0.029119 0.051768
5 0.943537 0.164773 0.039062 0.059343
6 0.145952 0.113005 0.039062 0.059343
2 0.427202 0.926136 0.029119 0.051768
3 0.647372 0.879419 0.039062 0.059343
3 0.786577 0.724116 0.039062 0.059343
2 0.800781 0.138258 0.029119 0.051768
4 0.193537 0.354167 0.039062 0.059343
7 0.304332 0.272096 0.039062 0.059343
1 0.456676 0.282197 0.068182 0.077020
1 0.078125 0.734217 0.068182 0.077020
3 0.299361 0.717803 0.039062 0.059343
5 0.920099 0.330177 0.039062 0.059343
5 0.550781 0.864268 0.039062 0.059343
3 0.673651 0.666035 0.039062 0.059343
4 0.957031 0.739268 0.039062 0.059343
7 0.702060 0.443813 0.039062 0.059343
1 0.047585 0.263258 0.068182 0.077020
8 0.729048 0.308712 0.039062 0.059343
6 0.398793 0.097854 0.039062 0.059343
0 0.046165 0.148359 0.068182 0.077020
5 0.567827 0.125631 0.039062 0.059343
1 0.063920 0.510732 0.068182 0.077020
2 0.817827 0.899621 0.029119 0.051768
0 0.923295 0.946338 0.068182 0.077020
3 0.570668 0.758207 0.039062 0.059343
3 0.146662 0.755682 0.039062 0.059343
