0 0.056818 0.557449 0.068182 0.077020
3 0.895241 0.673611 0.039062 0.059343
7 0.219105 0.287247 0.039062 0.059343
3 0.812145 0.041035 0.039062 0.059343
8 0.830611 0.759470 0.039062 0.059343
5 0.804332 0.898359 0.039062 0.059343
4 0.078480 0.308712 0.039062 0.059343
4 0.220526 0.755682 0.039062 0.059343
2 0.609020 0.256944 0.029119 0.051768
8 0.292259 0.748106 0.039062 0.059343
3 0.337713 0.361742 0.039062 0.059343
2 0.767401 0.486742 0.029119 0.051768
7 0.412287 0.879419 0.039062 0.059343
7 0.726207 0.249369 0.039062 0.059343
3 0.955611 0.145833 0.039062 0.059343
4 0.416548 0.130682 0.039062 0.059343
0 0.544034 0.662247 0.068182 0.077020
3 0.825639 0.309975 0.039062 0.059343
4 0.048651 0.914773 0.039062 0.059343
5 0.477628 0.254419 0.039062 0.059343
6 0.158736 0.950126 0.039062 0.059343
6 0.444957 0.672348 0.039062 0.059343
8 0.685014 0.717803 0.039062 0.059343
6 0.318537 0.857955 0.039062 0.059343
5 0.480469 0.554924 0.039062 0.059343
1 0.687500 0.842803 0.068182 0.077020
2 0.985440 0.354167 0.029119 0.051768
1 0.586648 0.908460 0.068182 0.077020
2 0.016690 0.081439 0.029119 0.051768
0 0.710938 0.130682 0.068182 0.077020
7 0.595526 0.520833 0.039062 0.059343
2 0.962003 0.427399 0.029119 0.051768
7 0.084872 0.700126 0.039062 0.059343
5 0.919389 0.913510 0.039062 0.059343
8 0.187855 0.087753 0.039062 0.059343
2 0.275923 0.166035 0.029119 0.051768
4 0.155895 0.524621 0.039062 0.059343
1 0.554688 0.053662 0.068182 0.077020
