1 0.661932 0.149621 0.068182 0.077020
8 0.202770 0.533460 0.039062 0.059343
5 0.275213 0.443813 0.039062 0.059343
4 0.104048 0.703914 0.039062 0.059343
8 0.355469 0.299874 0.039062 0.059343
8 0.825639 0.284722 0.039062 0.059343
0 0.787642 0.759470 0.068182 0.077020
4 0.150923 0.037247 0.039062 0.059343
6 0.657315 0.880682 0.039062 0.059343
1 0.085938 0.884470 0.068182 0.077020
7 0.422940 0.504419 0.039062 0.059343
6 0.161577 0.244318 0.039062 0.059343
0 0.821023 0.480429 0.068182 0.077020
8 0.443537 0.706439 0.039062 0.059343
7 0.221236 0.729167 0.039062 0.059343
3 0.082741 0.260732 0.039062 0.059343
5 0.838423 0.868056 0.039062 0.059343
6 0.918679 0.561237 0.039062 0.059343
7 0.853338 0.116793 0.039062 0.059343
7 0.935724 0.644571 0.039062 0.059343
