8 0.174361 0.943813 0.039062 0.059343
8 0.347656 0.554924 0.039062 0.059343
3 0.095526 0.341540 0.039062 0.059343
4 0.653054 0.533460 0.039062 0.059343
4 0.408736 0.061237 0.039062 0.059343
7 0.229759 0.282197 0.039062 0.059343
1 0.920455 0.674874 0.068182 0.077020
7 0.590554 0.847854 0.039062 0.059343
0 0.564631 0.476641 0.068182 0.077020
6 0.923651 0.479167 0.039062 0.059343
3 0.057884 0.109217 0.039062 0.059343
7 0.285156 0.363005 0.039062 0.059343
7 0.019531 0.716540 0.039062 0.059343
3 0.807884 0.067551 0.039062 0.059343
7 0.974077 0.288510 0.039062 0.059343
1 0.540483 0.332702 0.068182 0.077020
4 0.699929 0.267045 0.039062 0.059343
7 0.334872 0.051136 0.039062 0.059343
5 0.669389 0.666035 0.039062 0.059343
2 0.412287 0.275884 0.029119 0.051768
5 0.789418 0.484217 0.039062 0.059343
3 0.422230 0.674874 0.039062 0.059343
7 0.542969 0.144571 0.039062 0.059343
0 0.335227 0.902146 0.068182 0.077020
4 0.424361 0.456439 0.039062 0.059343
0 0.414773 0.870581 0.068182 0.077020
0 0.070312 0.917298 0.068182 0.077020
3 0.024503 0.474116 0.039062 0.059343
6 0.791548 0.847854 0.039062 0.059343
3 0.555753 0.634470 0.039062 0.059343
