2 0.643821 0.672348 0.029119 0.051768
2 0.898082 0.230429 0.029119 0.051768
3 0.036577 0.905934 0.039062 0.059343
1 0.306108 0.340278 0.068182 0.077020
5 0.340554 0.883207 0.039062 0.059343
7 0.840554 0.071338 0.039062 0.059343
7 0.175781 0.440025 0.039062 0.059343
0 0.938210 0.087753 0.068182 0.077020
1 0.037642 0.072601 0.068182 0.077020
7 0.480469 0.089015 0.039062 0.059343
8 0.903764 0.469066 0.039062 0.059343
7 0.772372 0.340278 0.039062 0.059343
4 0.846946 0.535985 0.039062 0.059343
2 0.569247 0.446338 0.029119 0.051768
1 0.421875 0.291035 0.068182 0.077020
8 0.791548 0.953914 0.039062 0.059343
1 0.159091 0.253157 0.068182 0.077020
5 0.274503 0.089015 0.039062 0.059343
3 0.920810 0.650884 0.039062 0.059343
4 0.037287 0.235480 0.039062 0.059343
2 0.693537 0.830177 0.029119 0.051768
1 0.166193 0.734217 0.068182 0.077020
6 0.530895 0.765783 0.039062 0.059343
1 0.303977 0.446338 0.068182 0.077020
8 0.204190 0.850379 0.039062 0.059343
1 0.583807 0.106692 0.068182 0.077020
2 0.697798 0.436237 0.029119 0.051768
2 0.479048 0.866793 0.029119 0.051768
8 0.028054 0.491793 0.039062 0.059343
3 0.082741 0.658460 0.039062 0.059343
4 0.412997 0.634470 0.039062 0.059343
1 0.707386 0.321338 0.068182 0.077020
1 0.566051 0.299874 0.068182 0.077020
5 0.437145 0.477904 0.039062 0.059343
1 0.288352 0.745581 0.068182 0.077020
5 0.714134 0.032197 0.039062 0.059343
