0 0.290483 0.948864 0.068182 0.077020
1 0.303267 0.697601 0.068182 0.077020
3 0.088423 0.716540 0.039062 0.059343
3 0.402344 0.058712 0.039062 0.059343
3 0.827770 0.336490 0.039062 0.059343
3 0.275923 0.035985 0.039062 0.059343
8 0.435724 0.707702 0.039062 0.059343
1 0.676847 0.136995 0.068182 0.077020
7 0.087713 0.546086 0.039062 0.059343
7 0.182173 0.241793 0.039062 0.059343
0 0.293324 0.253157 0.068182 0.077020
0 0.076705 0.046086 0.068182 0.077020
4 0.220526 0.166035 0.039062 0.059343
5 0.554332 0.679924 0.039062 0.059343
7 0.926491 0.288510 0.039062 0.059343
7 0.146662 0.691288 0.039062 0.059343
8 0.701349 0.907197 0.039062 0.059343
8 0.665128 0.274621 0.039062 0.059343
6 0.966264 0.731692 0.039062 0.059343
6 0.539418 0.354167 0.039062 0.059343
0 0.707386 0.506944 0.068182 0.077020
1 0.835938 0.894571 0.068182 0.077020
0 0.787642 0.708965 0.068182 0.077020
1 0.834517 0.458965 0.068182 0.077020
5 0.537287 0.051136 0.039062 0.059343
0 0.205966 0.945076 0.068182 0.077020
0 0.460227 0.931187 0.068182 0.077020
5 0.100497 0.361742 0.039062 0.059343
5 0.535866 0.945076 0.039062 0.059343
1 0.926847 0.501894 0.068182 0.077020
