1 0.409801 0.758207 0.068182 0.077020
5 0.524503 0.107955 0.039062 0.059343
1 0.206676 0.539773 0.068182 0.077020
5 0.182884 0.727904 0.039062 0.059343
4 0.525213 0.702652 0.039062 0.059343
4 0.103338 0.649621 0.039062 0.059343
8 0.270241 0.868056 0.039062 0.059343
2 0.930043 0.880682 0.029119 0.051768
2 0.422230 0.311237 0.029119 0.051768
7 0.021662 0.070076 0.039062 0.059343
2 0.830611 0.678662 0.029119 0.051768
2 0.597656 0.876894 0.029119 0.051768
5 0.209162 0.114268 0.039062 0.059343
8 0.271662 0.727904 0.039062 0.059343
8 0.853338 0.474116 0.039062 0.059343
0 0.679688 0.528409 0.068182 0.077020
8 0.714134 0.659722 0.039062 0.059343
4 0.318537 0.075126 0.039062 0.059343
4 0.104759 0.958965 0.039062 0.059343
5 0.459872 0.116793 0.039062 0.059343
8 0.147372 0.938763 0.039062 0.059343
