2 0.534446 0.460227 0.029119 0.051768
1 0.915483 0.548611 0.068182 0.077020
0 0.336648 0.126894 0.068182 0.077020
5 0.722656 0.503157 0.039062 0.059343
7 0.900923 0.263258 0.039062 0.059343
4 0.922230 0.710227 0.039062 0.059343
8 0.069247 0.942551 0.039062 0.059343
6 0.081321 0.539773 0.039062 0.059343
7 0.155185 0.840278 0.039062 0.059343
8 0.799361 0.243056 0.039062 0.059343
2 0.018821 0.714015 0.029119 0.051768
3 0.661577 0.125631 0.039062 0.059343
2 0.337713 0.472854 0.029119 0.051768
3 0.693537 0.924874 0.039062 0.059343
4 0.344815 0.693813 0.039062 0.059343
0 0.441761 0.932449 0.068182 0.077020
8 0.030895 0.056187 0.039062 0.059343
5 0.431463 0.317551 0.039062 0.059343
7 0.162287 0.256944 0.039062 0.059343
0 0.210227 0.734217 0.068182 0.077020
1 0.424006 0.096591 0.068182 0.077020
0 0.299716 0.274621 0.068182 0.077020
6 0.446378 0.528409 0.039062 0.059343
1 0.792614 0.038510 0.068182 0.077020
1 0.464489 0.748106 0.068182 0.077020
1 0.563920 0.756944 0.068182 0.077020
0 0.927557 0.846591 0.068182 0.077020
8 0.039418 0.264520 0.039062 0.059343
7 0.531605 0.044823 0.039062 0.059343
0 0.288352 0.932449 0.068182 0.077020
7 0.588423 0.264520 0.039062 0.059343
6 0.839134 0.909722 0.039062 0.059343
5 0.973366 0.147096 0.039062 0.059343
8 0.644531 0.687500 0.039062 0.059343
3 0.662287 0.333965 0.039062 0.059343
7 0.844105 0.548611 0.039062 0.059343
