1 0.421875 0.491793 0.068182 0.077020
6 0.900213 0.099116 0.039062 0.059343
3 0.672940 0.649621 0.039062 0.059343
7 0.105469 0.566288 0.039062 0.059343
7 0.431463 0.364268 0.039062 0.059343
8 0.544389 0.085227 0.039062 0.059343
6 0.180043 0.510732 0.039062 0.059343
1 0.294034 0.057449 0.068182 0.077020
5 0.649503 0.962753 0.039062 0.059343
7 0.814276 0.095328 0.039062 0.059343
8 0.189986 0.706439 0.039062 0.059343
1 0.916193 0.240530 0.068182 0.077020
8 0.648793 0.234217 0.039062 0.059343
5 0.723366 0.523359 0.039062 0.059343
0 0.212358 0.350379 0.068182 0.077020
4 0.341974 0.452652 0.039062 0.059343
1 0.588778 0.854167 0.068182 0.077020
0 0.036222 0.304924 0.068182 0.077020
2 0.329190 0.908460 0.029119 0.051768
4 0.680043 0.163510 0.039062 0.059343
5 0.814986 0.321338 0.039062 0.059343
8 0.798651 0.644571 0.039062 0.059343
7 0.086293 0.102904 0.039062 0.059343
7 0.319957 0.703914 0.039062 0.059343
8 0.805043 0.474116 0.039062 0.059343
3 0.591264 0.708965 0.039062 0.059343
2 0.975497 0.923611 0.029119 0.051768
1 0.419034 0.844066 0.068182 0.077020
7 0.211293 0.957702 0.039062 0.059343
0 0.578835 0.335227 0.068182 0.077020
6 0.935014 0.544823 0.039062 0.059343
5 0.539418 0.489268 0.039062 0.059343
0 0.044744 0.839015 0.068182 0.077020
7 0.952770 0.683712 0.039062 0.059343
3 0.188565 0.100379 0.039062 0.059343
