3 0.145952 0.162247 0.039062 0.059343
1 0.542614 0.844066 0.068182 0.077020
3 0.335582 0.429924 0.039062 0.059343
2 0.471946 0.556187 0.029119 0.051768
3 0.450639 0.317551 0.039062 0.059343
4 0.770241 0.139520 0.039062 0.059343
2 0.925071 0.499369 0.029119 0.051768
1 0.294744 0.321338 0.068182 0.077020
8 0.806463 0.666035 0.039062 0.059343
4 0.040128 0.323864 0.039062 0.059343
5 0.343395 0.947601 0.039062 0.059343
0 0.323864 0.683712 0.068182 0.077020
6 0.175781 0.522096 0.039062 0.059343
4 0.917969 0.136995 0.039062 0.059343
3 0.524503 0.710227 0.039062 0.059343
1 0.686790 0.940025 0.068182 0.077020
0 0.037642 0.751894 0.068182 0.077020
2 0.096946 0.849116 0.029119 0.051768
7 0.714134 0.246843 0.039062 0.059343
8 0.781605 0.289773 0.039062 0.059343
6 0.473366 0.919823 0.039062 0.059343
4 0.932884 0.950126 0.039062 0.059343
