4 0.346236 0.532197 0.039062 0.059343
6 0.192827 0.914773 0.039062 0.059343
3 0.596946 0.515783 0.039062 0.059343
5 0.769531 0.306187 0.039062 0.059343
8 0.440696 0.874369 0.039062 0.059343
6 0.037997 0.126894 0.039062 0.059343
4 0.470526 0.631944 0.039062 0.059343
3 0.037997 0.893308 0.039062 0.059343
5 0.020952 0.532197 0.039062 0.059343
5 0.979759 0.732955 0.039062 0.059343
1 0.322443 0.724116 0.068182 0.077020
0 0.546875 0.144571 0.068182 0.077020
3 0.716974 0.464015 0.039062 0.059343
4 0.933594 0.143308 0.039062 0.059343
5 0.808594 0.537247 0.039062 0.059343
6 0.417259 0.235480 0.039062 0.059343
2 0.177202 0.119318 0.029119 0.051768
7 0.565696 0.360480 0.039062 0.059343
8 0.042259 0.279672 0.039062 0.059343
3 0.269531 0.349116 0.039062 0.059343
