3 0.042969 0.467803 0.039062 0.059343
7 0.831321 0.346591 0.039062 0.059343
3 0.084872 0.129419 0.039062 0.059343
0 0.678267 0.749369 0.068182 0.077020
1 0.830966 0.138258 0.068182 0.077020
8 0.601918 0.062500 0.039062 0.059343
6 0.283736 0.765783 0.039062 0.059343
4 0.582031 0.899621 0.039062 0.059343
4 0.910866 0.432449 0.039062 0.059343
4 0.195668 0.255682 0.039062 0.059343
5 0.584162 0.726641 0.039062 0.059343
6 0.805753 0.541035 0.039062 0.059343
8 0.412997 0.080177 0.039062 0.059343
1 0.937500 0.105429 0.068182 0.077020
3 0.812855 0.830177 0.039062 0.059343
3 0.807173 0.748106 0.039062 0.059343
1 0.919034 0.315025 0.068182 0.077020
6 0.319957 0.135732 0.039062 0.059343
8 0.332031 0.878157 0.039062 0.059343
0 0.681108 0.522096 0.068182 0.077020
5 0.201349 0.532197 0.039062 0.059343
2 0.591264 0.366793 0.029119 0.051768
8 0.096946 0.831439 0.039062 0.059343
4 0.704190 0.148359 0.039062 0.059343
4 0.530895 0.528409 0.039062 0.059343
1 0.294034 0.549874 0.068182 0.077020
2 0.185724 0.096591 0.029119 0.051768
0 0.078835 0.357955 0.068182 0.077020
2 0.292259 0.283460 0.029119 0.051768
5 0.222656 0.650884 0.039062 0.059343
2 0.022372 0.671086 0.029119 0.051768
0 0.958807 0.955177 0.068182 0.077020
4 0.419389 0.638258 0.039062 0.059343
0 0.911932 0.687500 0.068182 0.077020
2 0.715554 0.291035 0.029119 0.051768
2 0.200639 0.922348 0.029119 0.051768
6 0.458452 0.837753 0.039062 0.059343
