2 0.184304 0.273359 0.029119 0.051768
5 0.446378 0.839015 0.039062 0.059343
1 0.699574 0.530934 0.068182 0.077020
0 0.039062 0.850379 0.068182 0.077020
2 0.192116 0.482955 0.029119 0.051768
4 0.895952 0.523359 0.039062 0.059343
3 0.070668 0.065025 0.039062 0.059343
5 0.599787 0.678662 0.039062 0.059343
5 0.436435 0.167298 0.039062 0.059343
6 0.020952 0.275884 0.039062 0.059343
3 0.431463 0.761995 0.039062 0.059343
8 0.149503 0.157197 0.039062 0.059343
0 0.293324 0.280934 0.068182 0.077020
3 0.528764 0.465278 0.039062 0.059343
6 0.649503 0.720328 0.039062 0.059343
8 0.819957 0.940025 0.039062 0.059343
4 0.922230 0.094066 0.039062 0.059343
0 0.418324 0.250631 0.068182 0.077020
1 0.662642 0.859217 0.068182 0.077020
6 0.528054 0.880682 0.039062 0.059343
5 0.713423 0.360480 0.039062 0.059343
6 0.314276 0.750631 0.039062 0.059343
2 0.053622 0.571338 0.029119 0.051768
2 0.428622 0.491793 0.029119 0.051768
8 0.786577 0.232955 0.039062 0.059343
8 0.032315 0.765783 0.039062 0.059343
0 0.554688 0.263258 0.068182 0.077020
1 0.796165 0.111742 0.068182 0.077020
4 0.170810 0.874369 0.039062 0.059343
