0 0.411932 0.905934 0.068182 0.077020
5 0.435724 0.073864 0.039062 0.059343
3 0.417969 0.565025 0.039062 0.059343
0 0.556818 0.239268 0.068182 0.077020
4 0.653764 0.049874 0.039062 0.059343
4 0.025213 0.337753 0.039062 0.059343
8 0.199929 0.085227 0.039062 0.059343
0 0.185369 0.642045 0.068182 0.077020
1 0.683949 0.445076 0.068182 0.077020
4 0.785866 0.432449 0.039062 0.059343
8 0.101207 0.669823 0.039062 0.059343
3 0.552202 0.546086 0.039062 0.059343
1 0.047585 0.885732 0.068182 0.077020
1 0.322443 0.672348 0.068182 0.077020
7 0.667259 0.261995 0.039062 0.059343
0 0.793324 0.900884 0.068182 0.077020
2 0.464134 0.234217 0.029119 0.051768
7 0.774503 0.636995 0.039062 0.059343
8 0.948509 0.690025 0.039062 0.059343
8 0.930043 0.086490 0.039062 0.059343
4 0.595526 0.053662 0.039062 0.059343
2 0.590554 0.693813 0.029119 0.051768
