4 0.964134 0.115530 0.039062 0.059343
6 0.591974 0.344066 0.039062 0.059343
2 0.212713 0.280934 0.029119 0.051768
3 0.671520 0.696338 0.039062 0.059343
3 0.545810 0.524621 0.039062 0.059343
3 0.791548 0.323864 0.039062 0.059343
6 0.954190 0.754419 0.039062 0.059343
8 0.282315 0.966540 0.039062 0.059343
6 0.941406 0.451389 0.039062 0.059343
6 0.408736 0.554924 0.039062 0.059343
2 0.981179 0.354167 0.029119 0.051768
4 0.566406 0.169823 0.039062 0.059343
1 0.090909 0.138258 0.068182 0.077020
5 0.034446 0.767045 0.039062 0.059343
1 0.068182 0.441288 0.068182 0.077020
5 0.941406 0.857955 0.039062 0.059343
8 0.415128 0.350379 0.039062 0.059343
2 0.766690 0.035985 0.029119 0.051768
7 0.700639 0.910985 0.039062 0.059343
3 0.704901 0.075126 0.039062 0.059343
5 0.177912 0.724116 0.039062 0.059343
7 0.351207 0.309975 0.039062 0.059343
3 0.047940 0.249369 0.039062 0.059343
2 0.219105 0.847854 0.029119 0.051768
5 0.209162 0.532197 0.039062 0.059343
