4 0.151634 0.855429 0.039062 0.059343
1 0.206676 0.692551 0.068182 0.077020
0 0.292614 0.553662 0.068182 0.077020
1 0.085938 0.548611 0.068182 0.077020
1 0.421875 0.692551 0.068182 0.077020
4 0.604759 0.755682 0.039062 0.059343
5 0.912997 0.160985 0.039062 0.059343
2 0.685014 0.246843 0.029119 0.051768
7 0.084872 0.320076 0.039062 0.059343
3 0.326349 0.650884 0.039062 0.059343
1 0.948153 0.331439 0.068182 0.077020
0 0.315341 0.121843 0.068182 0.077020
5 0.579190 0.488005 0.039062 0.059343
4 0.457031 0.466540 0.039062 0.059343
7 0.051491 0.145833 0.039062 0.059343
0 0.561790 0.874369 0.068182 0.077020
8 0.819957 0.663510 0.039062 0.059343
3 0.326349 0.366793 0.039062 0.059343
6 0.541548 0.081439 0.039062 0.059343
3 0.684304 0.679924 0.039062 0.059343
3 0.175071 0.063763 0.039062 0.059343
6 0.180043 0.437500 0.039062 0.059343
6 0.711293 0.964015 0.039062 0.059343
4 0.820668 0.847854 0.039062 0.059343
5 0.927202 0.875631 0.039062 0.059343
1 0.659091 0.519571 0.068182 0.077020
6 0.420810 0.265783 0.039062 0.059343
2 0.932884 0.703914 0.029119 0.051768
0 0.159801 0.320076 0.068182 0.077020
6 0.319247 0.928662 0.039062 0.059343
6 0.773793 0.131944 0.039062 0.059343
1 0.036932 0.958965 0.068182 0.077020
5 0.400213 0.104167 0.039062 0.059343
6 0.817827 0.263258 0.039062 0.059343
2 0.591264 0.326389 0.029119 0.051768
