0 0.089489 0.688763 0.068182 0.077020
0 0.191051 0.309975 0.068182 0.077020
3 0.590554 0.232955 0.039062 0.059343
5 0.956321 0.119318 0.039062 0.059343
0 0.925426 0.851641 0.068182 0.077020
4 0.100497 0.515783 0.039062 0.059343
0 0.409801 0.952652 0.068182 0.077020
3 0.798651 0.471591 0.039062 0.059343
0 0.331676 0.559975 0.068182 0.077020
6 0.418679 0.672348 0.039062 0.059343
1 0.212358 0.490530 0.068182 0.077020
3 0.092685 0.340278 0.039062 0.059343
1 0.823864 0.741793 0.068182 0.077020
5 0.284446 0.134470 0.039062 0.059343
5 0.049361 0.847854 0.039062 0.059343
3 0.938565 0.309975 0.039062 0.059343
7 0.781605 0.269571 0.039062 0.059343
0 0.544034 0.094066 0.068182 0.077020
5 0.906605 0.688763 0.039062 0.059343
8 0.334872 0.702652 0.039062 0.059343
1 0.694602 0.928662 0.068182 0.077020
1 0.192472 0.895833 0.068182 0.077020
4 0.332741 0.845328 0.039062 0.059343
4 0.683594 0.240530 0.039062 0.059343
7 0.548651 0.888258 0.039062 0.059343
3 0.915128 0.484217 0.039062 0.059343
0 0.678267 0.547348 0.068182 0.077020
3 0.214844 0.034722 0.039062 0.059343
4 0.170099 0.703914 0.039062 0.059343
1 0.572443 0.534722 0.068182 0.077020
6 0.690696 0.687500 0.039062 0.059343
0 0.669034 0.063763 0.068182 0.077020
