8 0.405895 0.082702 0.039062 0.059343
2 0.978338 0.898359 0.029119 0.051768
4 0.322798 0.239268 0.039062 0.059343
2 0.817827 0.770833 0.029119 0.051768
4 0.089844 0.482955 0.039062 0.059343
2 0.293679 0.950126 0.029119 0.051768
7 0.604759 0.890783 0.039062 0.059343
8 0.842685 0.119318 0.039062 0.059343
6 0.655895 0.734217 0.039062 0.059343
0 0.176136 0.679924 0.068182 0.077020
5 0.317116 0.450126 0.039062 0.059343
1 0.715909 0.110480 0.068182 0.077020
4 0.525923 0.070076 0.039062 0.059343
5 0.399503 0.768308 0.039062 0.059343
1 0.915483 0.051136 0.068182 0.077020
3 0.069247 0.347854 0.039062 0.059343
6 0.941406 0.725379 0.039062 0.059343
2 0.154474 0.486742 0.029119 0.051768
8 0.298651 0.105429 0.039062 0.059343
4 0.535866 0.268308 0.039062 0.059343
1 0.463068 0.888258 0.068182 0.077020
5 0.692827 0.339015 0.039062 0.059343
0 0.815341 0.297348 0.068182 0.077020
1 0.933949 0.533460 0.068182 0.077020
5 0.093395 0.847854 0.039062 0.059343
4 0.050781 0.717803 0.039062 0.059343
7 0.721236 0.485480 0.039062 0.059343
8 0.170099 0.936237 0.039062 0.059343
8 0.408736 0.494318 0.039062 0.059343
6 0.522372 0.467803 0.039062 0.059343
3 0.086293 0.139520 0.039062 0.059343
8 0.829901 0.568813 0.039062 0.059343
8 0.798651 0.910985 0.039062 0.059343
7 0.423651 0.273359 0.039062 0.059343
0 0.159091 0.070076 0.068182 0.077020
1 0.700284 0.875631 0.068182 0.077020
0 0.321023 0.644571 0.068182 0.077020
1 0.172585 0.298611 0.068182 0.077020
8 0.592685 0.730429 0.039062 0.059343
