5 0.413707 0.542298 0.039062 0.059343
3 0.957031 0.863005 0.039062 0.059343
5 0.295810 0.525884 0.039062 0.059343
5 0.707741 0.739268 0.039062 0.059343
5 0.519531 0.166035 0.039062 0.059343
7 0.071378 0.037247 0.039062 0.059343
5 0.346236 0.283460 0.039062 0.059343
2 0.981179 0.059975 0.029119 0.051768
2 0.711293 0.265783 0.029119 0.051768
6 0.034446 0.695076 0.039062 0.059343
1 0.950284 0.519571 0.068182 0.077020
2 0.556463 0.456439 0.029119 0.051768
1 0.198864 0.687500 0.068182 0.077020
3 0.189986 0.363005 0.039062 0.059343
4 0.665838 0.496843 0.039062 0.059343
8 0.463423 0.272096 0.039062 0.059343
4 0.187855 0.870581 0.039062 0.059343
7 0.548651 0.917298 0.039062 0.059343
5 0.673651 0.938763 0.039062 0.059343
2 0.293679 0.961490 0.029119 0.051768
