7 0.667259 0.447601 0.039062 0.059343
8 0.336293 0.879419 0.039062 0.059343
3 0.455611 0.148359 0.039062 0.059343
0 0.326705 0.347854 0.068182 0.077020
1 0.665483 0.139520 0.068182 0.077020
8 0.717685 0.756944 0.039062 0.059343
0 0.421165 0.538510 0.068182 0.077020
4 0.523082 0.436237 0.039062 0.059343
2 0.767401 0.965278 0.029119 0.051768
5 0.175781 0.658460 0.039062 0.059343
6 0.845526 0.767045 0.039062 0.059343
4 0.314986 0.034722 0.039062 0.059343
5 0.805043 0.515783 0.039062 0.059343
3 0.700639 0.965278 0.039062 0.059343
3 0.410156 0.263258 0.039062 0.059343
0 0.437500 0.649621 0.068182 0.077020
4 0.967685 0.631944 0.039062 0.059343
0 0.808949 0.304924 0.068182 0.077020
2 0.818537 0.119318 0.029119 0.051768
5 0.271662 0.445076 0.039062 0.059343
4 0.905895 0.075126 0.039062 0.059343
