7 0.182173 0.876894 0.039062 0.059343
0 0.829545 0.287247 0.068182 0.077020
6 0.797940 0.034722 0.039062 0.059343
1 0.058949 0.346591 0.068182 0.077020
7 0.409446 0.495581 0.039062 0.059343
8 0.051491 0.650884 0.039062 0.059343
4 0.338423 0.647096 0.039062 0.059343
7 0.974787 0.149621 0.039062 0.059343
2 0.531605 0.900884 0.029119 0.051768
3 0.306463 0.544823 0.039062 0.059343
8 0.294389 0.354167 0.039062 0.059343
1 0.463778 0.904672 0.068182 0.077020
0 0.210938 0.275884 0.068182 0.077020
4 0.530895 0.109217 0.039062 0.059343
3 0.400213 0.150884 0.039062 0.059343
6 0.150923 0.091540 0.039062 0.059343
6 0.532315 0.465278 0.039062 0.059343
4 0.947088 0.321338 0.039062 0.059343
7 0.050781 0.845328 0.039062 0.059343
5 0.550071 0.354167 0.039062 0.059343
5 0.942116 0.953914 0.039062 0.059343
8 0.815696 0.874369 0.039062 0.059343
7 0.444957 0.269571 0.039062 0.059343
4 0.084872 0.494318 0.039062 0.059343
5 0.346236 0.934975 0.039062 0.059343
5 0.979048 0.485480 0.039062 0.059343
1 0.666903 0.302399 0.068182 0.077020
4 0.432884 0.644571 0.039062 0.059343
6 0.787287 0.565025 0.039062 0.059343
7 0.145952 0.664773 0.039062 0.059343
2 0.810724 0.717803 0.029119 0.051768
2 0.944247 0.648359 0.029119 0.051768
