8 0.037287 0.085227 0.039062 0.059343
8 0.403764 0.711490 0.039062 0.059343
3 0.801491 0.844066 0.039062 0.059343
5 0.457741 0.442551 0.039062 0.059343
8 0.343395 0.755682 0.039062 0.059343
6 0.089134 0.566288 0.039062 0.059343
7 0.718395 0.051136 0.039062 0.059343
6 0.212003 0.073864 0.039062 0.059343
7 0.831321 0.157197 0.039062 0.059343
4 0.341264 0.251894 0.039062 0.059343
8 0.572798 0.034722 0.039062 0.059343
2 0.912287 0.341540 0.029119 0.051768
1 0.167614 0.736742 0.068182 0.077020
4 0.577770 0.840278 0.039062 0.059343
3 0.190696 0.914773 0.039062 0.059343
4 0.332031 0.933712 0.039062 0.059343
2 0.015270 0.873106 0.029119 0.051768
5 0.930043 0.744318 0.039062 0.059343
1 0.929688 0.895833 0.068182 0.077020
3 0.776634 0.649621 0.039062 0.059343
2 0.410866 0.962753 0.029119 0.051768
2 0.954190 0.142045 0.029119 0.051768
