2 0.077060 0.238005 0.029119 0.051768
4 0.430043 0.705177 0.039062 0.059343
2 0.984730 0.506944 0.029119 0.051768
8 0.151634 0.298611 0.039062 0.059343
3 0.546520 0.465278 0.039062 0.059343
1 0.435369 0.149621 0.068182 0.077020
7 0.769531 0.761995 0.039062 0.059343
7 0.296520 0.914773 0.039062 0.059343
4 0.555043 0.851641 0.039062 0.059343
0 0.698153 0.256944 0.068182 0.077020
4 0.323509 0.148359 0.039062 0.059343
0 0.947443 0.345328 0.068182 0.077020
6 0.578480 0.706439 0.039062 0.059343
0 0.210227 0.126894 0.068182 0.077020
7 0.898082 0.086490 0.039062 0.059343
3 0.823509 0.066288 0.039062 0.059343
3 0.567827 0.047348 0.039062 0.059343
3 0.925071 0.933712 0.039062 0.059343
7 0.570668 0.294823 0.039062 0.059343
5 0.280895 0.739268 0.039062 0.059343
7 0.772372 0.549874 0.039062 0.059343
8 0.038707 0.868056 0.039062 0.059343
0 0.414062 0.269571 0.068182 0.077020
0 0.423295 0.879419 0.068182 0.077020
0 0.284091 0.280934 0.068182 0.077020
4 0.067827 0.138258 0.039062 0.059343
8 0.322088 0.440025 0.039062 0.059343
4 0.936435 0.649621 0.039062 0.059343
2 0.678622 0.131944 0.029119 0.051768
6 0.718395 0.452652 0.039062 0.059343
8 0.034446 0.558712 0.039062 0.059343
1 0.210938 0.693813 0.068182 0.077020
4 0.413707 0.532197 0.039062 0.059343
5 0.191406 0.932449 0.039062 0.059343
3 0.660866 0.840278 0.039062 0.059343
8 0.661577 0.702652 0.039062 0.059343
8 0.853338 0.232955 0.039062 0.059343
