3 0.557884 0.256944 0.039062 0.059343
6 0.677202 0.258207 0.039062 0.059343
0 0.340199 0.066288 0.068182 0.077020
4 0.556463 0.951389 0.039062 0.059343
8 0.182884 0.369318 0.039062 0.059343
5 0.851918 0.514520 0.039062 0.059343
3 0.050781 0.288510 0.039062 0.059343
5 0.790128 0.042298 0.039062 0.059343
1 0.665483 0.155934 0.068182 0.077020
3 0.711293 0.535985 0.039062 0.059343
6 0.021662 0.500631 0.039062 0.059343
6 0.155895 0.669823 0.039062 0.059343
3 0.945668 0.562500 0.039062 0.059343
3 0.436435 0.034722 0.039062 0.059343
1 0.563920 0.147096 0.068182 0.077020
4 0.427912 0.341540 0.039062 0.059343
0 0.409091 0.934975 0.068182 0.077020
7 0.948509 0.888258 0.039062 0.059343
2 0.052202 0.139520 0.029119 0.051768
7 0.427202 0.690025 0.039062 0.059343
3 0.777344 0.347854 0.039062 0.059343
1 0.159091 0.452652 0.068182 0.077020
0 0.796875 0.910985 0.068182 0.077020
6 0.980469 0.339015 0.039062 0.059343
5 0.712003 0.875631 0.039062 0.059343
