6 0.328480 0.902146 0.039062 0.059343
3 0.837003 0.657197 0.039062 0.059343
7 0.074929 0.634470 0.039062 0.059343
8 0.704901 0.467803 0.039062 0.059343
1 0.045455 0.049874 0.068182 0.077020
3 0.944957 0.263258 0.039062 0.059343
5 0.058594 0.517045 0.039062 0.059343
3 0.519531 0.260732 0.039062 0.059343
7 0.832031 0.557449 0.039062 0.059343
1 0.049716 0.889520 0.068182 0.077020
1 0.417614 0.486742 0.068182 0.077020
1 0.934659 0.460227 0.068182 0.077020
3 0.553622 0.044823 0.039062 0.059343
1 0.795455 0.912247 0.068182 0.077020
8 0.148793 0.453914 0.039062 0.059343
8 0.921520 0.767045 0.039062 0.059343
3 0.595526 0.436237 0.039062 0.059343
2 0.462713 0.716540 0.029119 0.051768
0 0.329545 0.652146 0.068182 0.077020
0 0.826705 0.354167 0.068182 0.077020
3 0.462713 0.091540 0.039062 0.059343
