4 0.829901 0.921086 0.039062 0.059343
2 0.297230 0.471591 0.029119 0.051768
7 0.548651 0.730429 0.039062 0.059343
1 0.082386 0.744318 0.068182 0.077020
3 0.695668 0.892045 0.039062 0.059343
4 0.155895 0.923611 0.039062 0.059343
0 0.671875 0.110480 0.068182 0.077020
5 0.305753 0.664773 0.039062 0.059343
1 0.536222 0.328914 0.068182 0.077020
7 0.718395 0.236742 0.039062 0.059343
2 0.276634 0.168561 0.029119 0.051768
7 0.104759 0.914773 0.039062 0.059343
8 0.072088 0.313763 0.039062 0.059343
1 0.056818 0.457702 0.068182 0.077020
3 0.939986 0.687500 0.039062 0.059343
8 0.803622 0.078914 0.039062 0.059343
0 0.452415 0.755682 0.068182 0.077020
6 0.428622 0.465278 0.039062 0.059343
2 0.732599 0.479167 0.029119 0.051768
2 0.834872 0.696338 0.029119 0.051768
6 0.190696 0.115530 0.039062 0.059343
4 0.584162 0.128157 0.039062 0.059343
6 0.780895 0.442551 0.039062 0.059343
1 0.313920 0.883207 0.068182 0.077020
4 0.841264 0.355429 0.039062 0.059343
4 0.467685 0.828914 0.039062 0.059343
6 0.908736 0.558712 0.039062 0.059343
0 0.564631 0.952652 0.068182 0.077020
4 0.913707 0.357955 0.039062 0.059343
6 0.174361 0.441288 0.039062 0.059343
7 0.597656 0.515783 0.039062 0.059343
4 0.903764 0.059975 0.039062 0.059343
4 0.204190 0.693813 0.039062 0.059343
1 0.188920 0.260732 0.068182 0.077020
0 0.458807 0.147096 0.068182 0.077020
3 0.444247 0.342803 0.039062 0.059343
