7 0.084162 0.509470 0.039062 0.059343
4 0.661577 0.672348 0.039062 0.059343
7 0.530185 0.043561 0.039062 0.059343
4 0.909446 0.673611 0.039062 0.059343
8 0.671520 0.485480 0.039062 0.059343
0 0.963778 0.919823 0.068182 0.077020
8 0.316406 0.722854 0.039062 0.059343
3 0.450639 0.711490 0.039062 0.059343
3 0.907315 0.489268 0.039062 0.059343
8 0.802202 0.163510 0.039062 0.059343
6 0.847656 0.563763 0.039062 0.059343
2 0.810724 0.354167 0.029119 0.051768
6 0.945668 0.243056 0.039062 0.059343
1 0.420455 0.921086 0.068182 0.077020
3 0.151634 0.318813 0.039062 0.059343
8 0.475497 0.460227 0.039062 0.059343
2 0.069957 0.169823 0.029119 0.051768
1 0.066051 0.697601 0.068182 0.077020
2 0.221236 0.030934 0.029119 0.051768
2 0.100497 0.283460 0.029119 0.051768
1 0.286932 0.085227 0.068182 0.077020
6 0.542259 0.854167 0.039062 0.059343
0 0.818182 0.947601 0.068182 0.077020
1 0.292614 0.359217 0.068182 0.077020
8 0.680043 0.914773 0.039062 0.059343
1 0.454545 0.311237 0.068182 0.077020
7 0.328480 0.480429 0.039062 0.059343
5 0.405895 0.115530 0.039062 0.059343
0 0.675426 0.270833 0.068182 0.077020
1 0.178267 0.746843 0.068182 0.077020
7 0.814986 0.667298 0.039062 0.059343
