0 0.056818 0.933712 0.068182 0.077020
4 0.687145 0.315025 0.039062 0.059343
1 0.067472 0.482955 0.068182 0.077020
6 0.200639 0.701389 0.039062 0.059343
1 0.835227 0.643308 0.068182 0.077020
8 0.940696 0.919823 0.039062 0.059343
1 0.414773 0.889520 0.068182 0.077020
7 0.341264 0.940025 0.039062 0.059343
8 0.479759 0.033460 0.039062 0.059343
3 0.189276 0.438763 0.039062 0.059343
1 0.297585 0.284722 0.068182 0.077020
3 0.819247 0.277146 0.039062 0.059343
3 0.434304 0.691288 0.039062 0.059343
5 0.605469 0.309975 0.039062 0.059343
3 0.928622 0.049874 0.039062 0.059343
3 0.685724 0.111742 0.039062 0.059343
6 0.908736 0.452652 0.039062 0.059343
8 0.566406 0.164773 0.039062 0.059343
8 0.279474 0.129419 0.039062 0.059343
6 0.341264 0.652146 0.039062 0.059343
6 0.850497 0.077652 0.039062 0.059343
8 0.076349 0.042298 0.039062 0.059343
6 0.958452 0.355429 0.039062 0.059343
0 0.919034 0.691288 0.068182 0.077020
4 0.520241 0.648359 0.039062 0.059343
5 0.314986 0.514520 0.039062 0.059343
