3 0.932884 0.538510 0.039062 0.059343
3 0.148082 0.164773 0.039062 0.059343
2 0.393111 0.859217 0.029119 0.051768
3 0.478338 0.230429 0.039062 0.059343
0 0.940341 0.673611 0.068182 0.077020
0 0.960938 0.277146 0.068182 0.077020
7 0.304332 0.640783 0.039062 0.059343
5 0.823509 0.354167 0.039062 0.059343
7 0.806463 0.087753 0.039062 0.059343
4 0.841264 0.932449 0.039062 0.059343
3 0.084162 0.743056 0.039062 0.059343
8 0.283026 0.330177 0.039062 0.059343
7 0.573509 0.835227 0.039062 0.059343
8 0.543679 0.158460 0.039062 0.059343
6 0.436435 0.144571 0.039062 0.059343
2 0.785866 0.508207 0.029119 0.051768
4 0.672230 0.830177 0.039062 0.059343
8 0.214134 0.738005 0.039062 0.059343
8 0.082741 0.120581 0.039062 0.059343
2 0.395241 0.669823 0.029119 0.051768
3 0.523793 0.639520 0.039062 0.059343
3 0.295810 0.114268 0.039062 0.059343
6 0.963423 0.934975 0.039062 0.059343
5 0.337713 0.484217 0.039062 0.059343
8 0.208452 0.489268 0.039062 0.059343
3 0.845526 0.755682 0.039062 0.059343
3 0.574929 0.438763 0.039062 0.059343
5 0.670099 0.532197 0.039062 0.059343
8 0.082031 0.556187 0.039062 0.059343
1 0.671875 0.250631 0.068182 0.077020
8 0.948509 0.087753 0.039062 0.059343
6 0.045099 0.238005 0.039062 0.059343
7 0.091974 0.940025 0.039062 0.059343
4 0.645952 0.648359 0.039062 0.059343
5 0.461293 0.475379 0.039062 0.059343
2 0.713423 0.038510 0.029119 0.051768
7 0.529474 0.366793 0.039062 0.059343
3 0.330611 0.947601 0.039062 0.059343
5 0.197798 0.863005 0.039062 0.059343
5 0.209162 0.320076 0.039062 0.059343
