4 0.689276 0.273359 0.039062 0.059343
2 0.900213 0.436237 0.029119 0.051768
7 0.215554 0.109217 0.039062 0.059343
2 0.687855 0.518308 0.029119 0.051768
7 0.905895 0.306187 0.039062 0.059343
0 0.965199 0.883207 0.068182 0.077020
4 0.971946 0.724116 0.039062 0.059343
5 0.582741 0.703914 0.039062 0.059343
5 0.834872 0.748106 0.039062 0.059343
4 0.555043 0.261995 0.039062 0.059343
6 0.854048 0.835227 0.039062 0.059343
4 0.473366 0.298611 0.039062 0.059343
4 0.536577 0.120581 0.039062 0.059343
4 0.292969 0.655934 0.039062 0.059343
5 0.214134 0.744318 0.039062 0.059343
1 0.583807 0.870581 0.068182 0.077020
5 0.228338 0.556187 0.039062 0.059343
2 0.719105 0.041035 0.029119 0.051768
1 0.206676 0.326389 0.068182 0.077020
6 0.344105 0.957702 0.039062 0.059343
2 0.074219 0.481692 0.029119 0.051768
4 0.479759 0.726641 0.039062 0.059343
1 0.431108 0.849116 0.068182 0.077020
5 0.832741 0.505682 0.039062 0.059343
4 0.311435 0.164773 0.039062 0.059343
0 0.800426 0.333965 0.068182 0.077020
1 0.931818 0.149621 0.068182 0.077020
7 0.549361 0.456439 0.039062 0.059343
7 0.198509 0.926136 0.039062 0.059343
6 0.780185 0.051136 0.039062 0.059343
8 0.077770 0.659722 0.039062 0.059343
2 0.463423 0.442551 0.029119 0.051768
4 0.682884 0.908460 0.039062 0.059343
5 0.036577 0.235480 0.039062 0.059343
7 0.661577 0.663510 0.039062 0.059343
8 0.297940 0.547348 0.039062 0.059343
