7 0.647372 0.654672 0.039062 0.059343
2 0.156605 0.062500 0.029119 0.051768
7 0.466974 0.051136 0.039062 0.059343
2 0.459162 0.232955 0.029119 0.051768
7 0.534446 0.130682 0.039062 0.059343
6 0.089844 0.232955 0.039062 0.059343
7 0.659446 0.042298 0.039062 0.059343
7 0.821378 0.299874 0.039062 0.059343
5 0.165838 0.480429 0.039062 0.059343
2 0.267401 0.110480 0.029119 0.051768
5 0.148793 0.725379 0.039062 0.059343
1 0.085938 0.100379 0.068182 0.077020
0 0.188210 0.250631 0.068182 0.077020
2 0.690696 0.913510 0.029119 0.051768
8 0.962713 0.488005 0.039062 0.059343
4 0.934304 0.246843 0.039062 0.059343
8 0.602628 0.436237 0.039062 0.059343
1 0.919034 0.914773 0.068182 0.077020
0 0.058239 0.712753 0.068182 0.077020
2 0.696378 0.557449 0.029119 0.051768
5 0.270952 0.902146 0.039062 0.059343
5 0.585582 0.331439 0.039062 0.059343
5 0.685014 0.336490 0.039062 0.059343
5 0.332741 0.744318 0.039062 0.059343
7 0.920099 0.653409 0.039062 0.059343
5 0.471946 0.682449 0.039062 0.059343
8 0.319247 0.446338 0.039062 0.059343
7 0.079190 0.837753 0.039062 0.059343
5 0.585582 0.844066 0.039062 0.059343
0 0.457386 0.481692 0.068182 0.077020
2 0.187855 0.899621 0.029119 0.051768
7 0.793679 0.831439 0.039062 0.059343
6 0.842685 0.765783 0.039062 0.059343
6 0.843395 0.106692 0.039062 0.059343
5 0.477628 0.892045 0.039062 0.059343
3 0.047230 0.493056 0.039062 0.059343
0 0.945312 0.159722 0.068182 0.077020
5 0.552912 0.715278 0.039062 0.059343
