0 0.336648 0.123106 0.068182 0.077020
8 0.545099 0.291035 0.039062 0.059343
4 0.966974 0.741793 0.039062 0.059343
7 0.408736 0.905934 0.039062 0.059343
2 0.608310 0.894571 0.029119 0.051768
3 0.720526 0.452652 0.039062 0.059343
3 0.059304 0.744318 0.039062 0.059343
1 0.807528 0.116793 0.068182 0.077020
0 0.047585 0.297348 0.068182 0.077020
1 0.043324 0.143308 0.068182 0.077020
1 0.928977 0.875631 0.068182 0.077020
2 0.797940 0.364268 0.029119 0.051768
4 0.531605 0.032197 0.039062 0.059343
1 0.427557 0.708965 0.068182 0.077020
7 0.661577 0.744318 0.039062 0.059343
7 0.790838 0.504419 0.039062 0.059343
5 0.426491 0.052399 0.039062 0.059343
4 0.342685 0.537247 0.039062 0.059343
0 0.296875 0.886995 0.068182 0.077020
8 0.154474 0.943813 0.039062 0.059343
3 0.292969 0.768308 0.039062 0.059343
6 0.406605 0.359217 0.039062 0.059343
