2 0.694247 0.518308 0.029119 0.051768
0 0.089489 0.654672 0.068182 0.077020
6 0.349787 0.722854 0.039062 0.059343
3 0.094815 0.347854 0.039062 0.059343
4 0.472656 0.251894 0.039062 0.059343
2 0.290128 0.302399 0.029119 0.051768
7 0.156605 0.140783 0.039062 0.059343
6 0.037997 0.092803 0.039062 0.059343
8 0.449219 0.768308 0.039062 0.059343
6 0.704190 0.966540 0.039062 0.059343
1 0.928977 0.100379 0.068182 0.077020
7 0.052202 0.958965 0.039062 0.059343
0 0.185369 0.879419 0.068182 0.077020
3 0.658026 0.707702 0.039062 0.059343
1 0.689631 0.057449 0.068182 0.077020
6 0.801491 0.690025 0.039062 0.059343
1 0.064631 0.557449 0.068182 0.077020
7 0.529474 0.842803 0.039062 0.059343
5 0.833452 0.086490 0.039062 0.059343
8 0.585582 0.167298 0.039062 0.059343
1 0.173295 0.339015 0.068182 0.077020
2 0.187145 0.724116 0.029119 0.051768
