0 0.319602 0.669823 0.068182 0.077020
4 0.711293 0.361742 0.039062 0.059343
3 0.216974 0.067551 0.039062 0.059343
8 0.550071 0.292298 0.039062 0.059343
8 0.177912 0.676136 0.039062 0.059343
2 0.312145 0.035985 0.029119 0.051768
7 0.470526 0.455177 0.039062 0.059343
1 0.960227 0.899621 0.068182 0.077020
2 0.414418 0.967803 0.029119 0.051768
1 0.965199 0.508207 0.068182 0.077020
1 0.073153 0.705177 0.068182 0.077020
2 0.404474 0.701389 0.029119 0.051768
1 0.049006 0.065025 0.068182 0.077020
5 0.956321 0.270833 0.039062 0.059343
3 0.032315 0.898359 0.039062 0.059343
4 0.543679 0.034722 0.039062 0.059343
7 0.844815 0.720328 0.039062 0.059343
2 0.732599 0.135732 0.029119 0.051768
6 0.667259 0.924874 0.039062 0.059343
5 0.917259 0.655934 0.039062 0.059343
