7 0.404474 0.881944 0.039062 0.059343
0 0.928977 0.274621 0.068182 0.077020
7 0.579190 0.962753 0.039062 0.059343
2 0.780895 0.318813 0.029119 0.051768
3 0.221946 0.539773 0.039062 0.059343
0 0.080966 0.068813 0.068182 0.077020
8 0.469815 0.282197 0.039062 0.059343
5 0.281605 0.350379 0.039062 0.059343
6 0.715554 0.692551 0.039062 0.059343
0 0.064631 0.644571 0.068182 0.077020
3 0.960582 0.169823 0.039062 0.059343
7 0.782315 0.135732 0.039062 0.059343
2 0.469105 0.653409 0.029119 0.051768
8 0.605469 0.667298 0.039062 0.059343
0 0.077415 0.240530 0.068182 0.077020
5 0.207741 0.363005 0.039062 0.059343
8 0.930043 0.496843 0.039062 0.059343
3 0.592685 0.475379 0.039062 0.059343
1 0.828835 0.524621 0.068182 0.077020
3 0.782315 0.852904 0.039062 0.059343
7 0.955611 0.696338 0.039062 0.059343
2 0.341264 0.448864 0.029119 0.051768
4 0.212713 0.078914 0.039062 0.059343
8 0.096946 0.870581 0.039062 0.059343
