7 0.177912 0.471591 0.039062 0.059343
5 0.959162 0.065025 0.039062 0.059343
3 0.710582 0.870581 0.039062 0.059343
2 0.834872 0.115530 0.029119 0.051768
8 0.667259 0.754419 0.039062 0.059343
3 0.730469 0.234217 0.039062 0.059343
1 0.678267 0.457702 0.068182 0.077020
0 0.196023 0.081439 0.068182 0.077020
3 0.409446 0.711490 0.039062 0.059343
1 0.034801 0.878157 0.068182 0.077020
0 0.689631 0.086490 0.068182 0.077020
6 0.427912 0.154672 0.039062 0.059343
5 0.464844 0.870581 0.039062 0.059343
6 0.030185 0.525884 0.039062 0.059343
1 0.789773 0.466540 0.068182 0.077020
0 0.316761 0.155934 0.068182 0.077020
3 0.549361 0.511995 0.039062 0.059343
1 0.076705 0.697601 0.068182 0.077020
5 0.307884 0.278409 0.039062 0.059343
0 0.958807 0.881944 0.068182 0.077020
7 0.581321 0.866793 0.039062 0.059343
2 0.350497 0.889520 0.029119 0.051768
4 0.782315 0.683712 0.039062 0.059343
2 0.208452 0.833965 0.029119 0.051768
4 0.170099 0.261995 0.039062 0.059343
