8 0.309304 0.707702 0.039062 0.059343
2 0.580611 0.428662 0.029119 0.051768
0 0.322443 0.135732 0.068182 0.077020
5 0.842685 0.546086 0.039062 0.059343
3 0.058594 0.111742 0.039062 0.059343
2 0.932884 0.533460 0.029119 0.051768
5 0.660156 0.048611 0.039062 0.059343
1 0.562500 0.840278 0.068182 0.077020
4 0.454901 0.096591 0.039062 0.059343
4 0.172230 0.068813 0.039062 0.059343
2 0.428622 0.652146 0.029119 0.051768
4 0.797940 0.864268 0.039062 0.059343
1 0.191051 0.955177 0.068182 0.077020
0 0.698864 0.956439 0.068182 0.077020
7 0.835582 0.669823 0.039062 0.059343
8 0.724077 0.450126 0.039062 0.059343
2 0.414418 0.934975 0.029119 0.051768
3 0.560724 0.735480 0.039062 0.059343
4 0.308594 0.517045 0.039062 0.059343
8 0.951349 0.231692 0.039062 0.059343
6 0.152344 0.634470 0.039062 0.059343
4 0.946378 0.908460 0.039062 0.059343
2 0.225497 0.352904 0.029119 0.051768
1 0.808239 0.258207 0.068182 0.077020
5 0.560014 0.164773 0.039062 0.059343
5 0.099787 0.346591 0.039062 0.059343
5 0.076349 0.501894 0.039062 0.059343
2 0.069957 0.929924 0.029119 0.051768
2 0.889560 0.658460 0.029119 0.051768
7 0.670810 0.245581 0.039062 0.059343
