8 0.539418 0.157197 0.039062 0.059343
5 0.199929 0.931187 0.039062 0.059343
4 0.181463 0.355429 0.039062 0.059343
2 0.535156 0.245581 0.029119 0.051768
0 0.959517 0.663510 0.068182 0.077020
0 0.063920 0.308712 0.068182 0.077020
3 0.670099 0.907197 0.039062 0.059343
1 0.418324 0.542298 0.068182 0.077020
3 0.824929 0.695076 0.039062 0.059343
7 0.420810 0.054924 0.039062 0.059343
1 0.792614 0.272096 0.068182 0.077020
3 0.721236 0.288510 0.039062 0.059343
8 0.954190 0.318813 0.039062 0.059343
8 0.349077 0.893308 0.039062 0.059343
1 0.060369 0.893308 0.068182 0.077020
8 0.979759 0.903409 0.039062 0.059343
4 0.839134 0.559975 0.039062 0.059343
1 0.834517 0.115530 0.068182 0.077020
3 0.586293 0.544823 0.039062 0.059343
1 0.056108 0.082702 0.068182 0.077020
1 0.178267 0.095328 0.068182 0.077020
8 0.063565 0.525884 0.039062 0.059343
7 0.169389 0.635732 0.039062 0.059343
3 0.440696 0.655934 0.039062 0.059343
1 0.960938 0.493056 0.068182 0.077020
