7 0.281605 0.451389 0.039062 0.059343
3 0.589844 0.866793 0.039062 0.059343
3 0.964844 0.110480 0.039062 0.059343
0 0.575284 0.311237 0.068182 0.077020
7 0.435724 0.763258 0.039062 0.059343
5 0.570668 0.691288 0.039062 0.059343
8 0.794389 0.924874 0.039062 0.059343
3 0.204901 0.048611 0.039062 0.059343
2 0.471946 0.147096 0.029119 0.051768
5 0.525923 0.465278 0.039062 0.059343
2 0.601918 0.167298 0.029119 0.051768
2 0.846236 0.234217 0.029119 0.051768
1 0.952415 0.914773 0.068182 0.077020
1 0.793324 0.099116 0.068182 0.077020
0 0.051847 0.057449 0.068182 0.077020
5 0.681463 0.341540 0.039062 0.059343
0 0.038352 0.729167 0.068182 0.077020
8 0.837713 0.511995 0.039062 0.059343
8 0.670099 0.947601 0.039062 0.059343
0 0.670455 0.708965 0.068182 0.077020
1 0.935369 0.537247 0.068182 0.077020
0 0.936790 0.351641 0.068182 0.077020
8 0.345526 0.062500 0.039062 0.059343
6 0.282315 0.888258 0.039062 0.059343
3 0.963423 0.758207 0.039062 0.059343
4 0.097656 0.339015 0.039062 0.059343
7 0.225497 0.884470 0.039062 0.059343
7 0.355469 0.701389 0.039062 0.059343
1 0.203125 0.738005 0.068182 0.077020
4 0.699219 0.440025 0.039062 0.059343
5 0.717685 0.049874 0.039062 0.059343
3 0.396662 0.927399 0.039062 0.059343
3 0.058594 0.916035 0.039062 0.059343
4 0.474787 0.264520 0.039062 0.059343
6 0.081321 0.490530 0.039062 0.059343
4 0.477628 0.464015 0.039062 0.059343
