5 0.307884 0.754419 0.039062 0.059343
3 0.927912 0.464015 0.039062 0.059343
6 0.776634 0.278409 0.039062 0.059343
2 0.439986 0.032197 0.029119 0.051768
2 0.602628 0.553662 0.029119 0.051768
2 0.800071 0.889520 0.029119 0.051768
1 0.590909 0.755682 0.068182 0.077020
6 0.023082 0.710227 0.039062 0.059343
7 0.221236 0.707702 0.039062 0.059343
0 0.306108 0.265783 0.068182 0.077020
4 0.582031 0.364268 0.039062 0.059343
3 0.398793 0.767045 0.039062 0.059343
0 0.180398 0.250631 0.068182 0.077020
2 0.474077 0.518308 0.029119 0.051768
8 0.977628 0.080177 0.039062 0.059343
0 0.933239 0.840278 0.068182 0.077020
8 0.970526 0.710227 0.039062 0.059343
6 0.332741 0.874369 0.039062 0.059343
7 0.657315 0.684975 0.039062 0.059343
6 0.051491 0.344066 0.039062 0.059343
1 0.710227 0.111742 0.068182 0.077020
2 0.937855 0.263258 0.029119 0.051768
5 0.438565 0.928662 0.039062 0.059343
7 0.777344 0.708965 0.039062 0.059343
1 0.196023 0.513258 0.068182 0.077020
