1 0.203835 0.732955 0.068182 0.077020
4 0.069957 0.888258 0.039062 0.059343
1 0.915483 0.840278 0.068182 0.077020
0 0.691761 0.270833 0.068182 0.077020
3 0.552912 0.549874 0.039062 0.059343
2 0.597656 0.159722 0.029119 0.051768
5 0.564986 0.664773 0.039062 0.059343
1 0.686790 0.942551 0.068182 0.077020
3 0.905895 0.080177 0.039062 0.059343
6 0.437855 0.168561 0.039062 0.059343
4 0.960582 0.750631 0.039062 0.059343
5 0.224787 0.095328 0.039062 0.059343
8 0.432884 0.727904 0.039062 0.059343
2 0.819957 0.119318 0.029119 0.051768
3 0.846946 0.700126 0.039062 0.059343
5 0.028054 0.643308 0.039062 0.059343
1 0.324574 0.715278 0.068182 0.077020
6 0.660156 0.436237 0.039062 0.059343
2 0.015980 0.491793 0.029119 0.051768
4 0.069247 0.231692 0.039062 0.059343
2 0.593395 0.916035 0.029119 0.051768
0 0.696733 0.058712 0.068182 0.077020
5 0.215554 0.926136 0.039062 0.059343
1 0.840909 0.504419 0.068182 0.077020
0 0.311790 0.284722 0.068182 0.077020
7 0.947798 0.299874 0.039062 0.059343
3 0.400213 0.898359 0.039062 0.059343
0 0.290483 0.929924 0.068182 0.077020
2 0.909446 0.567551 0.029119 0.051768
0 0.661932 0.638258 0.068182 0.077020
6 0.225497 0.263258 0.039062 0.059343
0 0.456676 0.532197 0.068182 0.077020
0 0.176136 0.503157 0.068182 0.077020
