7 0.781605 0.496843 0.039062 0.059343
3 0.069247 0.741793 0.039062 0.059343
4 0.215554 0.243056 0.039062 0.059343
2 0.280185 0.123106 0.029119 0.051768
5 0.947088 0.320076 0.039062 0.059343
3 0.557173 0.668561 0.039062 0.059343
8 0.948509 0.096591 0.039062 0.059343
3 0.952060 0.753157 0.039062 0.059343
3 0.079190 0.465278 0.039062 0.059343
4 0.400213 0.671086 0.039062 0.059343
0 0.460227 0.320076 0.068182 0.077020
0 0.200994 0.883207 0.068182 0.077020
6 0.068537 0.860480 0.039062 0.059343
3 0.905895 0.464015 0.039062 0.059343
8 0.726207 0.510732 0.039062 0.059343
7 0.520241 0.152146 0.039062 0.059343
5 0.059304 0.113005 0.039062 0.059343
4 0.594815 0.828914 0.039062 0.059343
0 0.307528 0.273359 0.068182 0.077020
3 0.918679 0.835227 0.039062 0.059343
7 0.685014 0.839015 0.039062 0.059343
6 0.468395 0.547348 0.039062 0.059343
3 0.394531 0.107955 0.039062 0.059343
5 0.454190 0.897096 0.039062 0.059343
8 0.527344 0.530934 0.039062 0.059343
