0 0.433949 0.355429 0.068182 0.077020
0 0.806818 0.267045 0.068182 0.077020
7 0.849787 0.559975 0.039062 0.059343
4 0.102628 0.672348 0.039062 0.059343
4 0.557884 0.368056 0.039062 0.059343
0 0.676847 0.159722 0.068182 0.077020
5 0.716974 0.566288 0.039062 0.059343
6 0.831321 0.081439 0.039062 0.059343
0 0.294744 0.239268 0.068182 0.077020
1 0.953835 0.722854 0.068182 0.077020
3 0.923651 0.962753 0.039062 0.059343
1 0.713068 0.710227 0.068182 0.077020
8 0.448509 0.142045 0.039062 0.059343
2 0.948509 0.482955 0.029119 0.051768
5 0.296520 0.081439 0.039062 0.059343
3 0.215554 0.913510 0.039062 0.059343
4 0.574929 0.655934 0.039062 0.059343
3 0.172940 0.054924 0.039062 0.059343
7 0.795810 0.765783 0.039062 0.059343
6 0.821378 0.880682 0.039062 0.059343
0 0.056108 0.842803 0.068182 0.077020
