1 0.328835 0.114268 0.068182 0.077020
2 0.553622 0.331439 0.029119 0.051768
6 0.588423 0.945076 0.039062 0.059343
0 0.449574 0.113005 0.068182 0.077020
0 0.426847 0.253157 0.068182 0.077020
8 0.221946 0.701389 0.039062 0.059343
5 0.101918 0.948864 0.039062 0.059343
1 0.713778 0.240530 0.068182 0.077020
1 0.682528 0.085227 0.068182 0.077020
7 0.979048 0.267045 0.039062 0.059343
1 0.338778 0.662247 0.068182 0.077020
5 0.939276 0.155934 0.039062 0.059343
0 0.083097 0.743056 0.068182 0.077020
3 0.310724 0.477904 0.039062 0.059343
2 0.794389 0.104167 0.029119 0.051768
6 0.701349 0.701389 0.039062 0.059343
1 0.453835 0.548611 0.068182 0.077020
2 0.774503 0.719066 0.029119 0.051768
2 0.344815 0.953914 0.029119 0.051768
0 0.965909 0.840278 0.068182 0.077020
8 0.104759 0.113005 0.039062 0.059343
6 0.545810 0.485480 0.039062 0.059343
