6 0.780895 0.885732 0.039062 0.059343
6 0.905895 0.763258 0.039062 0.059343
1 0.051847 0.110480 0.068182 0.077020
6 0.589134 0.249369 0.039062 0.059343
2 0.664418 0.357955 0.029119 0.051768
0 0.801136 0.443813 0.068182 0.077020
6 0.103338 0.869318 0.039062 0.059343
7 0.324219 0.856692 0.039062 0.059343
2 0.472656 0.246843 0.029119 0.051768
0 0.583807 0.452652 0.068182 0.077020
6 0.725497 0.706439 0.039062 0.059343
8 0.772372 0.727904 0.039062 0.059343
2 0.442116 0.881944 0.029119 0.051768
5 0.940696 0.879419 0.039062 0.059343
1 0.323153 0.298611 0.068182 0.077020
4 0.297230 0.669823 0.039062 0.059343
2 0.420099 0.626894 0.029119 0.051768
6 0.163707 0.481692 0.039062 0.059343
7 0.549361 0.140783 0.039062 0.059343
6 0.970526 0.356692 0.039062 0.059343
4 0.645952 0.918561 0.039062 0.059343
0 0.171875 0.933712 0.068182 0.077020
2 0.695668 0.446338 0.029119 0.051768
8 0.299361 0.431187 0.039062 0.059343
1 0.797585 0.349116 0.068182 0.077020
4 0.052912 0.645833 0.039062 0.059343
3 0.314276 0.068813 0.039062 0.059343
4 0.084162 0.260732 0.039062 0.059343
4 0.574219 0.942551 0.039062 0.059343
3 0.535156 0.765783 0.039062 0.059343
7 0.444957 0.568813 0.039062 0.059343
7 0.979759 0.083965 0.039062 0.059343
2 0.155895 0.361742 0.029119 0.051768
3 0.937145 0.556187 0.039062 0.059343
1 0.165483 0.652146 0.068182 0.077020
3 0.479048 0.145833 0.039062 0.059343
5 0.829190 0.142045 0.039062 0.059343
2 0.047940 0.530934 0.029119 0.051768
6 0.665128 0.078914 0.039062 0.059343
2 0.214134 0.048611 0.029119 0.051768
