3 0.158736 0.054924 0.039062 0.059343
3 0.466264 0.448864 0.039062 0.059343
4 0.903054 0.460227 0.039062 0.059343
2 0.231179 0.496843 0.029119 0.051768
5 0.555043 0.434975 0.039062 0.059343
0 0.051847 0.339015 0.068182 0.077020
8 0.830611 0.503157 0.039062 0.059343
4 0.691406 0.765783 0.039062 0.059343
0 0.173295 0.707702 0.068182 0.077020
3 0.307173 0.691288 0.039062 0.059343
2 0.070668 0.904672 0.029119 0.051768
8 0.907315 0.166035 0.039062 0.059343
8 0.282315 0.443813 0.039062 0.059343
7 0.416548 0.763258 0.039062 0.059343
5 0.574929 0.831439 0.039062 0.059343
2 0.734730 0.450126 0.029119 0.051768
6 0.272372 0.104167 0.039062 0.059343
5 0.903764 0.232955 0.039062 0.059343
0 0.825284 0.849116 0.068182 0.077020
1 0.710227 0.928662 0.068182 0.077020
3 0.942116 0.653409 0.039062 0.059343
5 0.790128 0.309975 0.039062 0.059343
6 0.827770 0.065025 0.039062 0.059343
4 0.444247 0.044823 0.039062 0.059343
6 0.199219 0.881944 0.039062 0.059343
7 0.466974 0.904672 0.039062 0.059343
5 0.062145 0.700126 0.039062 0.059343
8 0.677202 0.318813 0.039062 0.059343
5 0.051491 0.140783 0.039062 0.059343
