8 0.037287 0.894571 0.039062 0.059343
5 0.769531 0.740530 0.039062 0.059343
4 0.178622 0.549874 0.039062 0.059343
7 0.952770 0.700126 0.039062 0.059343
2 0.660156 0.470328 0.029119 0.051768
7 0.104759 0.559975 0.039062 0.059343
5 0.045810 0.130682 0.039062 0.059343
3 0.096236 0.296086 0.039062 0.059343
0 0.963068 0.908460 0.068182 0.077020
2 0.609730 0.462753 0.029119 0.051768
6 0.809304 0.945076 0.039062 0.059343
3 0.530185 0.679924 0.039062 0.059343
2 0.216974 0.294823 0.029119 0.051768
1 0.308949 0.282197 0.068182 0.077020
1 0.411222 0.708965 0.068182 0.077020
8 0.312855 0.957702 0.039062 0.059343
6 0.689276 0.249369 0.039062 0.059343
8 0.150923 0.693813 0.039062 0.059343
4 0.950639 0.306187 0.039062 0.059343
8 0.215554 0.128157 0.039062 0.059343
6 0.459162 0.503157 0.039062 0.059343
8 0.565696 0.100379 0.039062 0.059343
6 0.074219 0.671086 0.039062 0.059343
7 0.398082 0.352904 0.039062 0.059343
1 0.539773 0.303662 0.068182 0.077020
1 0.673295 0.897096 0.068182 0.077020
1 0.808239 0.067551 0.068182 0.077020
7 0.456321 0.067551 0.039062 0.059343
7 0.694957 0.658460 0.039062 0.059343
3 0.530185 0.888258 0.039062 0.059343
7 0.355469 0.095328 0.039062 0.059343
4 0.192827 0.878157 0.039062 0.059343
3 0.966974 0.152146 0.039062 0.059343
