0 0.909801 0.842803 0.068182 0.077020
2 0.311435 0.833965 0.029119 0.051768
2 0.338423 0.071338 0.029119 0.051768
5 0.088423 0.966540 0.039062 0.059343
4 0.650213 0.643308 0.039062 0.059343
7 0.200639 0.744318 0.039062 0.059343
1 0.791193 0.285985 0.068182 0.077020
6 0.648082 0.562500 0.039062 0.059343
1 0.185369 0.328914 0.068182 0.077020
3 0.072798 0.734217 0.039062 0.059343
7 0.532315 0.518308 0.039062 0.059343
5 0.405895 0.041035 0.039062 0.059343
3 0.323509 0.245581 0.039062 0.059343
6 0.840554 0.928662 0.039062 0.059343
3 0.230469 0.149621 0.039062 0.059343
3 0.335582 0.523359 0.039062 0.059343
6 0.445668 0.642045 0.039062 0.059343
2 0.844105 0.557449 0.029119 0.051768
2 0.832741 0.652146 0.029119 0.051768
2 0.082031 0.517045 0.029119 0.051768
0 0.038352 0.149621 0.068182 0.077020
6 0.949929 0.245581 0.039062 0.059343
4 0.714844 0.323864 0.039062 0.059343
0 0.184659 0.943813 0.068182 0.077020
1 0.573153 0.296086 0.068182 0.077020
5 0.807884 0.168561 0.039062 0.059343
8 0.461293 0.452652 0.039062 0.059343
6 0.528054 0.662247 0.039062 0.059343
3 0.701349 0.861742 0.039062 0.059343
0 0.191051 0.462753 0.068182 0.077020
3 0.528764 0.913510 0.039062 0.059343
4 0.402344 0.841540 0.039062 0.059343
