2 0.153054 0.850379 0.029119 0.051768
2 0.348366 0.356692 0.029119 0.051768
2 0.914418 0.922348 0.029119 0.051768
0 0.203125 0.514520 0.068182 0.077020
8 0.560014 0.924874 0.039062 0.059343
8 0.832031 0.947601 0.039062 0.059343
6 0.658736 0.936237 0.039062 0.059343
8 0.461293 0.274621 0.039062 0.059343
8 0.794389 0.298611 0.039062 0.059343
1 0.917614 0.258207 0.068182 0.077020
4 0.305043 0.667298 0.039062 0.059343
6 0.148793 0.313763 0.039062 0.059343
8 0.832031 0.445076 0.039062 0.059343
1 0.911222 0.650884 0.068182 0.077020
4 0.068537 0.437500 0.039062 0.059343
3 0.412997 0.503157 0.039062 0.059343
6 0.414418 0.115530 0.039062 0.059343
7 0.316406 0.542298 0.039062 0.059343
7 0.283736 0.948864 0.039062 0.059343
1 0.159091 0.144571 0.068182 0.077020
4 0.701349 0.345328 0.039062 0.059343
4 0.025213 0.154672 0.039062 0.059343
5 0.532315 0.131944 0.039062 0.059343
1 0.927557 0.075126 0.068182 0.077020
1 0.790483 0.722854 0.068182 0.077020
8 0.543679 0.528409 0.039062 0.059343
0 0.331676 0.076389 0.068182 0.077020
3 0.979048 0.551136 0.039062 0.059343
4 0.685724 0.053662 0.039062 0.059343
7 0.072798 0.767045 0.039062 0.059343
