6 0.410156 0.345328 0.039062 0.059343
2 0.807173 0.102904 0.029119 0.051768
8 0.052912 0.561237 0.039062 0.059343
0 0.073153 0.320076 0.068182 0.077020
4 0.560014 0.229167 0.039062 0.059343
2 0.032315 0.121843 0.029119 0.051768
8 0.906605 0.832702 0.039062 0.059343
8 0.289418 0.105429 0.039062 0.059343
7 0.954901 0.080177 0.039062 0.059343
5 0.432884 0.910985 0.039062 0.059343
4 0.555043 0.644571 0.039062 0.059343
7 0.780185 0.892045 0.039062 0.059343
4 0.905895 0.735480 0.039062 0.059343
3 0.456321 0.072601 0.039062 0.059343
1 0.690341 0.047348 0.068182 0.077020
1 0.177557 0.890783 0.068182 0.077020
5 0.044389 0.684975 0.039062 0.059343
6 0.167259 0.087753 0.039062 0.059343
2 0.598366 0.162247 0.029119 0.051768
0 0.700284 0.275884 0.068182 0.077020
4 0.549361 0.931187 0.039062 0.059343
5 0.697088 0.657197 0.039062 0.059343
