4 0.675781 0.495581 0.039062 0.059343
4 0.714844 0.311237 0.039062 0.059343
4 0.946378 0.716540 0.039062 0.059343
3 0.569247 0.494318 0.039062 0.059343
5 0.064986 0.121843 0.039062 0.059343
7 0.398793 0.941288 0.039062 0.059343
6 0.654474 0.167298 0.039062 0.059343
1 0.803267 0.056187 0.068182 0.077020
2 0.810014 0.855429 0.029119 0.051768
5 0.521662 0.089015 0.039062 0.059343
4 0.145241 0.111742 0.039062 0.059343
5 0.295810 0.760732 0.039062 0.059343
5 0.073509 0.258207 0.039062 0.059343
6 0.313565 0.072601 0.039062 0.059343
3 0.225497 0.712753 0.039062 0.059343
1 0.817472 0.649621 0.068182 0.077020
5 0.683594 0.912247 0.039062 0.059343
8 0.962003 0.917298 0.039062 0.059343
1 0.320312 0.317551 0.068182 0.077020
5 0.177912 0.455177 0.039062 0.059343
0 0.086648 0.636995 0.068182 0.077020
1 0.070312 0.556187 0.068182 0.077020
1 0.542614 0.850379 0.068182 0.077020
4 0.803622 0.567551 0.039062 0.059343
2 0.425071 0.308712 0.029119 0.051768
2 0.840554 0.294823 0.029119 0.051768
2 0.312145 0.957702 0.029119 0.051768
3 0.729048 0.659722 0.039062 0.059343
1 0.917614 0.481692 0.068182 0.077020
2 0.908026 0.280934 0.029119 0.051768
8 0.964134 0.144571 0.039062 0.059343
