2 0.464844 0.735480 0.029119 0.051768
7 0.084872 0.956439 0.039062 0.059343
1 0.428977 0.327652 0.068182 0.077020
5 0.020952 0.438763 0.039062 0.059343
0 0.794034 0.261995 0.068182 0.077020
5 0.787287 0.052399 0.039062 0.059343
7 0.171520 0.465278 0.039062 0.059343
2 0.479759 0.965278 0.029119 0.051768
8 0.280895 0.048611 0.039062 0.059343
1 0.166903 0.056187 0.068182 0.077020
4 0.081321 0.677399 0.039062 0.059343
2 0.765980 0.871843 0.029119 0.051768
2 0.653054 0.679924 0.029119 0.051768
7 0.595526 0.301136 0.039062 0.059343
3 0.902344 0.107955 0.039062 0.059343
2 0.690696 0.561237 0.029119 0.051768
6 0.067827 0.328914 0.039062 0.059343
3 0.674361 0.066288 0.039062 0.059343
2 0.144531 0.678662 0.029119 0.051768
5 0.318537 0.918561 0.039062 0.059343
1 0.453125 0.143308 0.068182 0.077020
0 0.909801 0.267045 0.068182 0.077020
3 0.430753 0.455177 0.039062 0.059343
4 0.036577 0.066288 0.039062 0.059343
2 0.803622 0.678662 0.029119 0.051768
7 0.653054 0.866793 0.039062 0.059343
0 0.912642 0.952652 0.068182 0.077020
5 0.179332 0.279672 0.039062 0.059343
8 0.689276 0.249369 0.039062 0.059343
5 0.327770 0.681187 0.039062 0.059343
4 0.545099 0.904672 0.039062 0.059343
4 0.598366 0.166035 0.039062 0.059343
7 0.915128 0.687500 0.039062 0.059343
1 0.830966 0.551136 0.068182 0.077020
4 0.557884 0.559975 0.039062 0.059343
0 0.911932 0.448864 0.068182 0.077020
