1 0.049716 0.885732 0.068182 0.077020
5 0.910156 0.730429 0.039062 0.059343
4 0.058594 0.532197 0.039062 0.059343
6 0.697798 0.702652 0.039062 0.059343
4 0.065696 0.711490 0.039062 0.059343
2 0.571378 0.655934 0.029119 0.051768
4 0.410156 0.743056 0.039062 0.059343
3 0.276634 0.330177 0.039062 0.059343
3 0.973366 0.056187 0.039062 0.059343
1 0.448153 0.947601 0.068182 0.077020
6 0.691406 0.871843 0.039062 0.059343
2 0.699929 0.360480 0.029119 0.051768
1 0.175426 0.899621 0.068182 0.077020
1 0.286932 0.697601 0.068182 0.077020
7 0.545099 0.494318 0.039062 0.059343
1 0.705256 0.139520 0.068182 0.077020
7 0.667969 0.450126 0.039062 0.059343
3 0.818537 0.703914 0.039062 0.059343
0 0.933239 0.241793 0.068182 0.077020
1 0.285511 0.479167 0.068182 0.077020
5 0.834872 0.433712 0.039062 0.059343
6 0.395241 0.339015 0.039062 0.059343
3 0.919389 0.833965 0.039062 0.059343
5 0.164418 0.148359 0.039062 0.059343
6 0.548651 0.339015 0.039062 0.059343
1 0.811080 0.907197 0.068182 0.077020
8 0.225497 0.481692 0.039062 0.059343
8 0.343395 0.094066 0.039062 0.059343
5 0.918679 0.504419 0.039062 0.059343
1 0.539773 0.143308 0.068182 0.077020
1 0.813920 0.339015 0.068182 0.077020
0 0.444602 0.094066 0.068182 0.077020
