6 0.797940 0.548611 0.039062 0.059343
5 0.338423 0.073864 0.039062 0.059343
0 0.187500 0.900884 0.068182 0.077020
4 0.569957 0.249369 0.039062 0.059343
8 0.685724 0.876894 0.039062 0.059343
7 0.098366 0.846591 0.039062 0.059343
8 0.790128 0.914773 0.039062 0.059343
8 0.043679 0.663510 0.039062 0.059343
5 0.172230 0.517045 0.039062 0.059343
5 0.037997 0.366793 0.039062 0.059343
6 0.599787 0.739268 0.039062 0.059343
8 0.925781 0.649621 0.039062 0.059343
3 0.653054 0.500631 0.039062 0.059343
4 0.438565 0.717803 0.039062 0.059343
8 0.648082 0.250631 0.039062 0.059343
0 0.578125 0.460227 0.068182 0.077020
8 0.672940 0.663510 0.039062 0.059343
6 0.230469 0.263258 0.039062 0.059343
2 0.400923 0.466540 0.029119 0.051768
3 0.939986 0.442551 0.039062 0.059343
1 0.038352 0.071338 0.068182 0.077020
4 0.312145 0.647096 0.039062 0.059343
1 0.465909 0.908460 0.068182 0.077020
6 0.314986 0.474116 0.039062 0.059343
