7 0.824219 0.110480 0.039062 0.059343
5 0.969815 0.443813 0.039062 0.059343
4 0.528054 0.101641 0.039062 0.059343
5 0.581321 0.283460 0.039062 0.059343
4 0.403054 0.871843 0.039062 0.059343
8 0.346946 0.955177 0.039062 0.059343
4 0.045810 0.462753 0.039062 0.059343
3 0.554332 0.499369 0.039062 0.059343
6 0.692827 0.062500 0.039062 0.059343
1 0.063210 0.946338 0.068182 0.077020
4 0.289418 0.111742 0.039062 0.059343
8 0.682884 0.529672 0.039062 0.059343
4 0.430753 0.448864 0.039062 0.059343
5 0.820668 0.364268 0.039062 0.059343
5 0.937855 0.332702 0.039062 0.059343
8 0.153054 0.533460 0.039062 0.059343
2 0.960582 0.690025 0.029119 0.051768
2 0.178622 0.832702 0.029119 0.051768
5 0.976918 0.149621 0.039062 0.059343
4 0.073509 0.339015 0.039062 0.059343
1 0.210227 0.318813 0.068182 0.077020
0 0.705256 0.320076 0.068182 0.077020
2 0.178622 0.667298 0.029119 0.051768
8 0.478338 0.114268 0.039062 0.059343
7 0.039418 0.726641 0.039062 0.059343
1 0.461648 0.666035 0.068182 0.077020
7 0.807173 0.530934 0.039062 0.059343
0 0.798295 0.732955 0.068182 0.077020
3 0.064276 0.168561 0.039062 0.059343
8 0.573509 0.934975 0.039062 0.059343
7 0.716974 0.871843 0.039062 0.059343
