3 0.940696 0.936237 0.039062 0.059343
8 0.797230 0.469066 0.039062 0.059343
4 0.562855 0.895833 0.039062 0.059343
4 0.067116 0.839015 0.039062 0.059343
8 0.549361 0.510732 0.039062 0.059343
5 0.723366 0.283460 0.039062 0.059343
0 0.458807 0.465278 0.068182 0.077020
1 0.331676 0.500631 0.068182 0.077020
6 0.461293 0.293561 0.039062 0.059343
7 0.549361 0.763258 0.039062 0.059343
3 0.057884 0.321338 0.039062 0.059343
4 0.281605 0.140783 0.039062 0.059343
5 0.912287 0.464015 0.039062 0.059343
1 0.549006 0.159722 0.068182 0.077020
4 0.022372 0.051136 0.039062 0.059343
0 0.424716 0.724116 0.068182 0.077020
8 0.684304 0.462753 0.039062 0.059343
4 0.840554 0.841540 0.039062 0.059343
3 0.091974 0.650884 0.039062 0.059343
7 0.174361 0.561237 0.039062 0.059343
3 0.905185 0.350379 0.039062 0.059343
5 0.327060 0.681187 0.039062 0.059343
7 0.037287 0.431187 0.039062 0.059343
6 0.454901 0.967803 0.039062 0.059343
0 0.203125 0.106692 0.068182 0.077020
5 0.337713 0.326389 0.039062 0.059343
8 0.326349 0.946338 0.039062 0.059343
4 0.922940 0.166035 0.039062 0.059343
6 0.172940 0.672348 0.039062 0.059343
7 0.723366 0.885732 0.039062 0.059343
2 0.675781 0.149621 0.029119 0.051768
