8 0.927202 0.147096 0.039062 0.059343
1 0.088778 0.499369 0.068182 0.077020
3 0.939986 0.635732 0.039062 0.059343
6 0.827770 0.534722 0.039062 0.059343
0 0.286932 0.320076 0.068182 0.077020
8 0.695668 0.351641 0.039062 0.059343
1 0.931818 0.950126 0.068182 0.077020
7 0.694957 0.933712 0.039062 0.059343
8 0.471946 0.638258 0.039062 0.059343
6 0.280895 0.114268 0.039062 0.059343
0 0.682528 0.116793 0.068182 0.077020
4 0.042969 0.898359 0.039062 0.059343
7 0.322798 0.859217 0.039062 0.059343
8 0.800071 0.256944 0.039062 0.059343
2 0.219815 0.066288 0.029119 0.051768
5 0.593395 0.655934 0.039062 0.059343
3 0.922940 0.544823 0.039062 0.059343
2 0.442116 0.445076 0.029119 0.051768
0 0.833807 0.945076 0.068182 0.077020
0 0.434659 0.086490 0.068182 0.077020
4 0.349077 0.676136 0.039062 0.059343
0 0.681818 0.717803 0.068182 0.077020
0 0.806108 0.062500 0.068182 0.077020
4 0.556463 0.527146 0.039062 0.059343
2 0.523793 0.058712 0.029119 0.051768
6 0.937855 0.326389 0.039062 0.059343
