3 0.690696 0.760732 0.039062 0.059343
4 0.325639 0.234217 0.039062 0.059343
7 0.301491 0.763258 0.039062 0.059343
8 0.903764 0.768308 0.039062 0.059343
5 0.941406 0.452652 0.039062 0.059343
0 0.422585 0.898359 0.068182 0.077020
6 0.323509 0.043561 0.039062 0.059343
5 0.095526 0.658460 0.039062 0.059343
0 0.585227 0.517045 0.068182 0.077020
1 0.555398 0.703914 0.068182 0.077020
5 0.452770 0.154672 0.039062 0.059343
2 0.841264 0.472854 0.029119 0.051768
8 0.027344 0.309975 0.039062 0.059343
0 0.556108 0.134470 0.068182 0.077020
2 0.787287 0.149621 0.029119 0.051768
7 0.435014 0.499369 0.039062 0.059343
5 0.552202 0.239268 0.039062 0.059343
2 0.165128 0.668561 0.029119 0.051768
0 0.301847 0.538510 0.068182 0.077020
0 0.210938 0.246843 0.068182 0.077020
3 0.096946 0.147096 0.039062 0.059343
6 0.923651 0.852904 0.039062 0.059343
8 0.718395 0.494318 0.039062 0.059343
7 0.043679 0.464015 0.039062 0.059343
3 0.598366 0.842803 0.039062 0.059343
6 0.677912 0.960227 0.039062 0.059343
0 0.433949 0.671086 0.068182 0.077020
1 0.799006 0.318813 0.068182 0.077020
1 0.296165 0.913510 0.068182 0.077020
8 0.651634 0.337753 0.039062 0.059343
1 0.950994 0.139520 0.068182 0.077020
