0 0.675426 0.102904 0.068182 0.077020
2 0.673651 0.559975 0.029119 0.051768
8 0.772372 0.099116 0.039062 0.059343
7 0.966264 0.344066 0.039062 0.059343
1 0.041193 0.878157 0.068182 0.077020
1 0.178977 0.950126 0.068182 0.077020
0 0.453125 0.841540 0.068182 0.077020
3 0.980469 0.438763 0.039062 0.059343
6 0.281605 0.953914 0.039062 0.059343
0 0.051847 0.352904 0.068182 0.077020
7 0.475497 0.296086 0.039062 0.059343
8 0.540838 0.748106 0.039062 0.059343
8 0.322088 0.504419 0.039062 0.059343
2 0.692116 0.921086 0.029119 0.051768
2 0.641690 0.226641 0.029119 0.051768
6 0.074219 0.671086 0.039062 0.059343
2 0.100497 0.557449 0.029119 0.051768
7 0.794389 0.229167 0.039062 0.059343
2 0.305043 0.163510 0.029119 0.051768
2 0.287997 0.649621 0.029119 0.051768
6 0.054332 0.139520 0.039062 0.059343
6 0.699929 0.644571 0.039062 0.059343
0 0.178977 0.515783 0.068182 0.077020
