0 0.053267 0.038510 0.068182 0.077020
1 0.210938 0.854167 0.068182 0.077020
6 0.692827 0.142045 0.039062 0.059343
7 0.424361 0.539773 0.039062 0.059343
4 0.458452 0.663510 0.039062 0.059343
8 0.405895 0.880682 0.039062 0.059343
0 0.036222 0.905934 0.068182 0.077020
2 0.895241 0.956439 0.029119 0.051768
0 0.159091 0.519571 0.068182 0.077020
6 0.941406 0.145833 0.039062 0.059343
5 0.813565 0.105429 0.039062 0.059343
4 0.704901 0.638258 0.039062 0.059343
1 0.669034 0.456439 0.068182 0.077020
4 0.786577 0.693813 0.039062 0.059343
6 0.270241 0.676136 0.039062 0.059343
8 0.797230 0.832702 0.039062 0.059343
1 0.048295 0.541035 0.068182 0.077020
2 0.604048 0.129419 0.029119 0.051768
7 0.189276 0.125631 0.039062 0.059343
4 0.425781 0.066288 0.039062 0.059343
6 0.284446 0.556187 0.039062 0.059343
5 0.398793 0.275884 0.039062 0.059343
4 0.079901 0.294823 0.039062 0.059343
8 0.337713 0.342803 0.039062 0.059343
7 0.917969 0.556187 0.039062 0.059343
4 0.942827 0.676136 0.039062 0.059343
1 0.683949 0.857955 0.068182 0.077020
6 0.709872 0.254419 0.039062 0.059343
8 0.541548 0.229167 0.039062 0.059343
6 0.852628 0.301136 0.039062 0.059343
3 0.189986 0.267045 0.039062 0.059343
7 0.200639 0.673611 0.039062 0.059343
4 0.093395 0.628157 0.039062 0.059343
0 0.301136 0.857955 0.068182 0.077020
6 0.770952 0.514520 0.039062 0.059343
0 0.579545 0.559975 0.068182 0.077020
6 0.908736 0.311237 0.039062 0.059343
5 0.564986 0.866793 0.039062 0.059343
8 0.564276 0.631944 0.039062 0.059343
