5 0.534446 0.169823 0.039062 0.059343
8 0.821378 0.840278 0.039062 0.059343
5 0.346946 0.529672 0.039062 0.059343
4 0.180753 0.032197 0.039062 0.059343
7 0.037997 0.878157 0.039062 0.059343
5 0.961293 0.139520 0.039062 0.059343
7 0.658026 0.856692 0.039062 0.059343
7 0.677912 0.049874 0.039062 0.059343
1 0.541193 0.886995 0.068182 0.077020
5 0.189276 0.428662 0.039062 0.059343
2 0.481179 0.833965 0.029119 0.051768
1 0.836648 0.647096 0.068182 0.077020
4 0.952770 0.325126 0.039062 0.059343
7 0.353338 0.124369 0.039062 0.059343
6 0.719105 0.339015 0.039062 0.059343
2 0.844105 0.095328 0.029119 0.051768
2 0.035156 0.518308 0.029119 0.051768
4 0.348366 0.339015 0.039062 0.059343
5 0.808594 0.369318 0.039062 0.059343
2 0.393111 0.356692 0.029119 0.051768
0 0.288352 0.927399 0.068182 0.077020
6 0.459872 0.751894 0.039062 0.059343
7 0.843395 0.513258 0.039062 0.059343
8 0.207741 0.655934 0.039062 0.059343
4 0.724787 0.677399 0.039062 0.059343
2 0.476918 0.557449 0.029119 0.051768
6 0.346236 0.635732 0.039062 0.059343
1 0.045455 0.250631 0.068182 0.077020
1 0.203125 0.922348 0.068182 0.077020
6 0.571378 0.335227 0.039062 0.059343
7 0.417969 0.148359 0.039062 0.059343
8 0.601918 0.746843 0.039062 0.059343
2 0.189986 0.361742 0.029119 0.051768
0 0.589489 0.458965 0.068182 0.077020
0 0.680398 0.451389 0.068182 0.077020
8 0.898082 0.479167 0.039062 0.059343
