6 0.167969 0.903409 0.039062 0.059343
6 0.563565 0.900884 0.039062 0.059343
1 0.058949 0.486742 0.068182 0.077020
0 0.337358 0.121843 0.068182 0.077020
1 0.081676 0.912247 0.068182 0.077020
7 0.823509 0.144571 0.039062 0.059343
3 0.795810 0.250631 0.039062 0.059343
3 0.817116 0.681187 0.039062 0.059343
4 0.730469 0.097854 0.039062 0.059343
8 0.726207 0.239268 0.039062 0.059343
5 0.094105 0.120581 0.039062 0.059343
5 0.590554 0.315025 0.039062 0.059343
3 0.941406 0.283460 0.039062 0.059343
4 0.782315 0.556187 0.039062 0.059343
6 0.408736 0.095328 0.039062 0.059343
0 0.192472 0.543561 0.068182 0.077020
4 0.040838 0.241793 0.039062 0.059343
4 0.592685 0.683712 0.039062 0.059343
5 0.964844 0.966540 0.039062 0.059343
7 0.602628 0.136995 0.039062 0.059343
1 0.944602 0.139520 0.068182 0.077020
0 0.460938 0.279672 0.068182 0.077020
7 0.334162 0.532197 0.039062 0.059343
5 0.401634 0.553662 0.039062 0.059343
6 0.325639 0.692551 0.039062 0.059343
5 0.469815 0.864268 0.039062 0.059343
0 0.698864 0.714015 0.068182 0.077020
6 0.196378 0.059975 0.039062 0.059343
2 0.589134 0.427399 0.029119 0.051768
6 0.199219 0.703914 0.039062 0.059343
3 0.147372 0.350379 0.039062 0.059343
3 0.847656 0.836490 0.039062 0.059343
4 0.901634 0.734217 0.039062 0.059343
2 0.685014 0.875631 0.029119 0.051768
8 0.685014 0.453914 0.039062 0.059343
