6 0.960582 0.316288 0.039062 0.059343
0 0.090199 0.139520 0.068182 0.077020
4 0.602628 0.096591 0.039062 0.059343
1 0.034091 0.739268 0.068182 0.077020
0 0.812500 0.048611 0.068182 0.077020
6 0.302912 0.763258 0.039062 0.059343
8 0.103338 0.950126 0.039062 0.059343
6 0.028054 0.524621 0.039062 0.059343
2 0.279474 0.532197 0.029119 0.051768
1 0.561080 0.712753 0.068182 0.077020
1 0.196023 0.506944 0.068182 0.077020
8 0.827060 0.485480 0.039062 0.059343
6 0.291548 0.118056 0.039062 0.059343
6 0.702770 0.768308 0.039062 0.059343
8 0.692116 0.272096 0.039062 0.059343
8 0.350497 0.363005 0.039062 0.059343
5 0.468395 0.921086 0.039062 0.059343
1 0.459517 0.268308 0.068182 0.077020
3 0.699219 0.831439 0.039062 0.059343
4 0.770241 0.638258 0.039062 0.059343
8 0.162287 0.863005 0.039062 0.059343
1 0.963068 0.533460 0.068182 0.077020
4 0.951349 0.163510 0.039062 0.059343
3 0.224787 0.642045 0.039062 0.059343
6 0.443537 0.143308 0.039062 0.059343
3 0.534446 0.340278 0.039062 0.059343
8 0.596946 0.847854 0.039062 0.059343
8 0.468395 0.477904 0.039062 0.059343
2 0.984730 0.769571 0.029119 0.051768
2 0.428622 0.658460 0.029119 0.051768
2 0.596946 0.455177 0.029119 0.051768
6 0.822798 0.272096 0.039062 0.059343
