0 0.814631 0.654672 0.068182 0.077020
5 0.189276 0.230429 0.039062 0.059343
4 0.415838 0.866793 0.039062 0.059343
2 0.093395 0.065025 0.029119 0.051768
3 0.199929 0.095328 0.039062 0.059343
2 0.052202 0.265783 0.029119 0.051768
8 0.327770 0.514520 0.039062 0.059343
0 0.084517 0.916035 0.068182 0.077020
4 0.724077 0.139520 0.039062 0.059343
2 0.403764 0.429924 0.029119 0.051768
7 0.770952 0.041035 0.039062 0.059343
3 0.965554 0.731692 0.039062 0.059343
6 0.664418 0.493056 0.039062 0.059343
0 0.329545 0.914773 0.068182 0.077020
7 0.041548 0.471591 0.039062 0.059343
7 0.529474 0.325126 0.039062 0.059343
5 0.069957 0.649621 0.039062 0.059343
4 0.465554 0.166035 0.039062 0.059343
3 0.969105 0.503157 0.039062 0.059343
1 0.910511 0.842803 0.068182 0.077020
1 0.563920 0.490530 0.068182 0.077020
6 0.221946 0.510732 0.039062 0.059343
