5 0.791548 0.673611 0.039062 0.059343
6 0.074929 0.326389 0.039062 0.059343
4 0.920810 0.501894 0.039062 0.059343
2 0.670099 0.083965 0.029119 0.051768
6 0.703480 0.339015 0.039062 0.059343
7 0.034446 0.046086 0.039062 0.059343
5 0.812855 0.450126 0.039062 0.059343
7 0.469105 0.073864 0.039062 0.059343
3 0.170099 0.923611 0.039062 0.059343
1 0.035511 0.942551 0.068182 0.077020
8 0.057173 0.630682 0.039062 0.059343
4 0.712003 0.888258 0.039062 0.059343
7 0.699929 0.734217 0.039062 0.059343
3 0.199929 0.568813 0.039062 0.059343
7 0.300071 0.475379 0.039062 0.059343
1 0.943892 0.871843 0.068182 0.077020
5 0.941406 0.081439 0.039062 0.059343
7 0.787997 0.058712 0.039062 0.059343
7 0.556463 0.855429 0.039062 0.059343
4 0.145241 0.121843 0.039062 0.059343
