2 0.687145 0.260732 0.029119 0.051768
1 0.414773 0.644571 0.068182 0.077020
3 0.310724 0.120581 0.039062 0.059343
5 0.963423 0.344066 0.039062 0.059343
3 0.228338 0.501894 0.039062 0.059343
4 0.918679 0.106692 0.039062 0.059343
7 0.412997 0.114268 0.039062 0.059343
2 0.942827 0.927399 0.029119 0.051768
4 0.178622 0.070076 0.039062 0.059343
4 0.564986 0.940025 0.039062 0.059343
0 0.568892 0.707702 0.068182 0.077020
5 0.718395 0.510732 0.039062 0.059343
6 0.400213 0.956439 0.039062 0.059343
8 0.545810 0.475379 0.039062 0.059343
0 0.178977 0.953914 0.068182 0.077020
4 0.048651 0.081439 0.039062 0.059343
3 0.207031 0.331439 0.039062 0.059343
8 0.479759 0.327652 0.039062 0.059343
7 0.038707 0.549874 0.039062 0.059343
4 0.295810 0.357955 0.039062 0.059343
4 0.175071 0.722854 0.039062 0.059343
1 0.056818 0.250631 0.068182 0.077020
5 0.554332 0.330177 0.039062 0.059343
3 0.822798 0.698864 0.039062 0.059343
4 0.690696 0.942551 0.039062 0.059343
7 0.658736 0.712753 0.039062 0.059343
4 0.944247 0.650884 0.039062 0.059343
5 0.699929 0.107955 0.039062 0.059343
0 0.449574 0.559975 0.068182 0.077020
0 0.806108 0.308712 0.068182 0.077020
3 0.578480 0.144571 0.039062 0.059343
7 0.067116 0.835227 0.039062 0.059343
0 0.327415 0.662247 0.068182 0.077020
0 0.036932 0.701389 0.068182 0.077020
2 0.769531 0.913510 0.029119 0.051768
7 0.311435 0.479167 0.039062 0.059343
6 0.940696 0.432449 0.039062 0.059343
6 0.807884 0.029672 0.039062 0.059343
8 0.783026 0.476641 0.039062 0.059343
5 0.335582 0.890783 0.039062 0.059343
