5 0.204190 0.541035 0.039062 0.059343
3 0.548651 0.081439 0.039062 0.059343
2 0.694957 0.671086 0.029119 0.051768
3 0.729759 0.861742 0.039062 0.059343
6 0.808594 0.077652 0.039062 0.059343
6 0.185724 0.325126 0.039062 0.059343
7 0.164418 0.966540 0.039062 0.059343
4 0.787997 0.743056 0.039062 0.059343
7 0.314986 0.248106 0.039062 0.059343
7 0.711293 0.524621 0.039062 0.059343
4 0.785866 0.320076 0.039062 0.059343
2 0.410866 0.344066 0.029119 0.051768
6 0.050071 0.048611 0.039062 0.059343
1 0.960938 0.956439 0.068182 0.077020
2 0.796520 0.947601 0.029119 0.051768
4 0.932173 0.710227 0.039062 0.059343
1 0.037642 0.740530 0.068182 0.077020
0 0.448864 0.705177 0.068182 0.077020
6 0.297940 0.450126 0.039062 0.059343
8 0.898793 0.081439 0.039062 0.059343
7 0.270241 0.947601 0.039062 0.059343
6 0.954190 0.535985 0.039062 0.059343
3 0.844815 0.534722 0.039062 0.059343
6 0.912997 0.279672 0.039062 0.059343
3 0.344815 0.708965 0.039062 0.059343
4 0.577770 0.932449 0.039062 0.059343
4 0.022372 0.428662 0.039062 0.059343
1 0.576705 0.337753 0.068182 0.077020
3 0.329190 0.166035 0.039062 0.059343
5 0.692827 0.100379 0.039062 0.059343
8 0.042259 0.851641 0.039062 0.059343
7 0.431463 0.163510 0.039062 0.059343
1 0.588068 0.638258 0.068182 0.077020
6 0.419389 0.482955 0.039062 0.059343
1 0.674006 0.344066 0.068182 0.077020
8 0.189986 0.642045 0.039062 0.059343
5 0.180753 0.049874 0.039062 0.059343
5 0.555043 0.467803 0.039062 0.059343
5 0.474787 0.876894 0.039062 0.059343
