5 0.275923 0.466540 0.039062 0.059343
5 0.298651 0.092803 0.039062 0.059343
3 0.680043 0.342803 0.039062 0.059343
1 0.824574 0.864268 0.068182 0.077020
7 0.412287 0.556187 0.039062 0.059343
2 0.214134 0.298611 0.029119 0.051768
1 0.333807 0.890783 0.068182 0.077020
1 0.076705 0.245581 0.068182 0.077020
7 0.091264 0.630682 0.039062 0.059343
8 0.315696 0.296086 0.039062 0.059343
2 0.530185 0.538510 0.029119 0.051768
8 0.584162 0.907197 0.039062 0.059343
5 0.698509 0.741793 0.039062 0.059343
5 0.974787 0.485480 0.039062 0.059343
0 0.299006 0.698864 0.068182 0.077020
0 0.546165 0.258207 0.068182 0.077020
2 0.956321 0.256944 0.029119 0.051768
4 0.447088 0.346591 0.039062 0.059343
5 0.077060 0.476641 0.039062 0.059343
2 0.150923 0.919823 0.029119 0.051768
1 0.799716 0.244318 0.068182 0.077020
4 0.903054 0.861742 0.039062 0.059343
1 0.950284 0.119318 0.068182 0.077020
5 0.829901 0.628157 0.039062 0.059343
8 0.415128 0.716540 0.039062 0.059343
0 0.437500 0.922348 0.068182 0.077020
6 0.727628 0.123106 0.039062 0.059343
