3 0.719105 0.889520 0.039062 0.059343
4 0.035156 0.735480 0.039062 0.059343
6 0.351918 0.135732 0.039062 0.059343
6 0.675071 0.556187 0.039062 0.059343
7 0.337713 0.910985 0.039062 0.059343
7 0.650213 0.072601 0.039062 0.059343
2 0.790128 0.948864 0.029119 0.051768
6 0.054332 0.119318 0.039062 0.059343
1 0.450994 0.856692 0.068182 0.077020
2 0.955611 0.159722 0.029119 0.051768
1 0.796875 0.523359 0.068182 0.077020
0 0.911222 0.645833 0.068182 0.077020
0 0.191761 0.888258 0.068182 0.077020
8 0.324929 0.340278 0.039062 0.059343
5 0.398082 0.451389 0.039062 0.059343
8 0.230469 0.543561 0.039062 0.059343
1 0.446733 0.077652 0.068182 0.077020
3 0.276634 0.436237 0.039062 0.059343
4 0.543679 0.289773 0.039062 0.059343
3 0.189986 0.337753 0.039062 0.059343
5 0.193537 0.071338 0.039062 0.059343
7 0.793679 0.342803 0.039062 0.059343
2 0.515980 0.629419 0.029119 0.051768
5 0.669389 0.696338 0.039062 0.059343
4 0.034446 0.955177 0.039062 0.059343
6 0.897372 0.270833 0.039062 0.059343
0 0.784091 0.640783 0.068182 0.077020
3 0.770241 0.100379 0.039062 0.059343
7 0.036577 0.277146 0.039062 0.059343
4 0.295810 0.764520 0.039062 0.059343
2 0.052912 0.504419 0.029119 0.051768
4 0.556463 0.945076 0.039062 0.059343
3 0.714134 0.320076 0.039062 0.059343
1 0.948153 0.863005 0.068182 0.077020
3 0.566406 0.116793 0.039062 0.059343
8 0.590554 0.503157 0.039062 0.059343
