2 0.082031 0.304924 0.029119 0.051768
5 0.413707 0.264520 0.039062 0.059343
3 0.413707 0.855429 0.039062 0.059343
6 0.552912 0.744318 0.039062 0.059343
7 0.023793 0.475379 0.039062 0.059343
0 0.419744 0.657197 0.068182 0.077020
7 0.680753 0.751894 0.039062 0.059343
2 0.291548 0.317551 0.029119 0.051768
8 0.177202 0.952652 0.039062 0.059343
0 0.586648 0.860480 0.068182 0.077020
7 0.782315 0.645833 0.039062 0.059343
4 0.225497 0.046086 0.039062 0.059343
5 0.151634 0.765783 0.039062 0.059343
8 0.605469 0.251894 0.039062 0.059343
0 0.711648 0.120581 0.068182 0.077020
1 0.191051 0.345328 0.068182 0.077020
5 0.030185 0.871843 0.039062 0.059343
6 0.839134 0.033460 0.039062 0.059343
4 0.969815 0.509470 0.039062 0.059343
2 0.910866 0.936237 0.029119 0.051768
3 0.325639 0.881944 0.039062 0.059343
6 0.154474 0.488005 0.039062 0.059343
3 0.030895 0.738005 0.039062 0.059343
1 0.693892 0.533460 0.068182 0.077020
0 0.311080 0.102904 0.068182 0.077020
1 0.444602 0.447601 0.068182 0.077020
4 0.672230 0.866793 0.039062 0.059343
4 0.314986 0.551136 0.039062 0.059343
7 0.546520 0.135732 0.039062 0.059343
2 0.457741 0.158460 0.029119 0.051768
3 0.807173 0.509470 0.039062 0.059343
7 0.851207 0.875631 0.039062 0.059343
5 0.928622 0.076389 0.039062 0.059343
5 0.283736 0.712753 0.039062 0.059343
1 0.080966 0.134470 0.068182 0.077020
0 0.916193 0.740530 0.068182 0.077020
7 0.590554 0.568813 0.039062 0.059343
