4 0.704901 0.763258 0.039062 0.059343
4 0.532315 0.871843 0.039062 0.059343
0 0.322443 0.543561 0.068182 0.077020
3 0.688565 0.561237 0.039062 0.059343
3 0.926491 0.369318 0.039062 0.059343
0 0.190341 0.559975 0.068182 0.077020
7 0.829901 0.956439 0.039062 0.059343
1 0.575994 0.255682 0.068182 0.077020
1 0.796875 0.525884 0.068182 0.077020
2 0.214134 0.856692 0.029119 0.051768
0 0.558239 0.494318 0.068182 0.077020
1 0.416193 0.916035 0.068182 0.077020
3 0.428622 0.469066 0.039062 0.059343
5 0.417969 0.282197 0.039062 0.059343
1 0.714489 0.056187 0.068182 0.077020
7 0.844105 0.047348 0.039062 0.059343
8 0.427202 0.636995 0.039062 0.059343
0 0.559659 0.751894 0.068182 0.077020
4 0.299361 0.868056 0.039062 0.059343
1 0.051136 0.450126 0.068182 0.077020
4 0.030895 0.364268 0.039062 0.059343
1 0.299006 0.672348 0.068182 0.077020
1 0.693892 0.884470 0.068182 0.077020
7 0.935014 0.630682 0.039062 0.059343
4 0.545099 0.101641 0.039062 0.059343
0 0.683949 0.238005 0.068182 0.077020
7 0.841974 0.231692 0.039062 0.059343
2 0.305043 0.076389 0.029119 0.051768
