7 0.469105 0.048611 0.039062 0.059343
2 0.903054 0.856692 0.029119 0.051768
7 0.920810 0.674874 0.039062 0.059343
2 0.350497 0.488005 0.029119 0.051768
0 0.056108 0.259470 0.068182 0.077020
3 0.183594 0.097854 0.039062 0.059343
3 0.653764 0.349116 0.039062 0.059343
1 0.823153 0.477904 0.068182 0.077020
6 0.314276 0.107955 0.039062 0.059343
3 0.099787 0.879419 0.039062 0.059343
3 0.342685 0.232955 0.039062 0.059343
7 0.824929 0.130682 0.039062 0.059343
8 0.778054 0.648359 0.039062 0.059343
7 0.187145 0.251894 0.039062 0.059343
3 0.434304 0.236742 0.039062 0.059343
2 0.320668 0.650884 0.029119 0.051768
4 0.471946 0.499369 0.039062 0.059343
5 0.216264 0.678662 0.039062 0.059343
6 0.540838 0.768308 0.039062 0.059343
1 0.175426 0.490530 0.068182 0.077020
8 0.701349 0.062500 0.039062 0.059343
6 0.456321 0.768308 0.039062 0.059343
7 0.030185 0.547348 0.039062 0.059343
1 0.439631 0.895833 0.068182 0.077020
0 0.168324 0.900884 0.068182 0.077020
2 0.557884 0.506944 0.029119 0.051768
0 0.917614 0.455177 0.068182 0.077020
1 0.039062 0.138258 0.068182 0.077020
