1 0.701705 0.293561 0.068182 0.077020
6 0.442116 0.452652 0.039062 0.059343
3 0.946378 0.499369 0.039062 0.059343
0 0.691051 0.049874 0.068182 0.077020
2 0.982599 0.700126 0.029119 0.051768
0 0.428267 0.734217 0.068182 0.077020
7 0.201349 0.350379 0.039062 0.059343
4 0.944247 0.936237 0.039062 0.059343
6 0.569247 0.700126 0.039062 0.059343
0 0.563210 0.493056 0.068182 0.077020
5 0.038707 0.307449 0.039062 0.059343
2 0.551491 0.861742 0.029119 0.051768
8 0.679332 0.635732 0.039062 0.059343
2 0.199929 0.827652 0.029119 0.051768
1 0.805398 0.870581 0.068182 0.077020
4 0.075639 0.549874 0.039062 0.059343
0 0.540483 0.265783 0.068182 0.077020
1 0.165483 0.721591 0.068182 0.077020
7 0.555043 0.162247 0.039062 0.059343
5 0.300071 0.428662 0.039062 0.059343
3 0.846946 0.109217 0.039062 0.059343
2 0.403764 0.370581 0.029119 0.051768
0 0.075994 0.147096 0.068182 0.077020
4 0.354048 0.149621 0.039062 0.059343
4 0.333452 0.839015 0.039062 0.059343
5 0.696378 0.908460 0.039062 0.059343
