3 0.346946 0.235480 0.039062 0.059343
3 0.404474 0.155934 0.039062 0.059343
4 0.474077 0.923611 0.039062 0.059343
4 0.327770 0.746843 0.039062 0.059343
1 0.693182 0.719066 0.068182 0.077020
5 0.094815 0.466540 0.039062 0.059343
0 0.945312 0.067551 0.068182 0.077020
5 0.818537 0.682449 0.039062 0.059343
4 0.155895 0.659722 0.039062 0.059343
7 0.061435 0.351641 0.039062 0.059343
0 0.060369 0.703914 0.068182 0.077020
5 0.855469 0.231692 0.039062 0.059343
7 0.411577 0.707702 0.039062 0.059343
8 0.680043 0.859217 0.039062 0.059343
4 0.583452 0.568813 0.039062 0.059343
7 0.721236 0.249369 0.039062 0.059343
2 0.435014 0.352904 0.029119 0.051768
0 0.070312 0.155934 0.068182 0.077020
6 0.842685 0.855429 0.039062 0.059343
7 0.579901 0.751894 0.039062 0.059343
0 0.541193 0.859217 0.068182 0.077020
0 0.807528 0.048611 0.068182 0.077020
8 0.712713 0.034722 0.039062 0.059343
0 0.210227 0.046086 0.068182 0.077020
4 0.568537 0.359217 0.039062 0.059343
6 0.898793 0.303662 0.039062 0.059343
5 0.950639 0.442551 0.039062 0.059343
1 0.325994 0.144571 0.068182 0.077020
4 0.065696 0.960227 0.039062 0.059343
1 0.335227 0.494318 0.068182 0.077020
6 0.955611 0.863005 0.039062 0.059343
0 0.331676 0.902146 0.068182 0.077020
5 0.144531 0.284722 0.039062 0.059343
1 0.183239 0.484217 0.068182 0.077020
