3 0.270952 0.696338 0.039062 0.059343
6 0.533736 0.719066 0.039062 0.059343
0 0.706676 0.674874 0.068182 0.077020
8 0.082741 0.946338 0.039062 0.059343
7 0.800071 0.841540 0.039062 0.059343
2 0.600497 0.366793 0.029119 0.051768
2 0.788707 0.078914 0.029119 0.051768
1 0.329545 0.273359 0.068182 0.077020
5 0.169389 0.727904 0.039062 0.059343
3 0.412997 0.510732 0.039062 0.059343
4 0.916548 0.466540 0.039062 0.059343
1 0.816761 0.246843 0.068182 0.077020
4 0.570668 0.940025 0.039062 0.059343
0 0.308239 0.546086 0.068182 0.077020
3 0.409446 0.715278 0.039062 0.059343
8 0.581321 0.537247 0.039062 0.059343
6 0.933594 0.698864 0.039062 0.059343
2 0.231889 0.485480 0.029119 0.051768
2 0.100497 0.640783 0.029119 0.051768
3 0.932173 0.236742 0.039062 0.059343
3 0.037997 0.277146 0.039062 0.059343
0 0.707386 0.116793 0.068182 0.077020
