1 0.316051 0.354167 0.068182 0.077020
0 0.303977 0.494318 0.068182 0.077020
7 0.144531 0.956439 0.039062 0.059343
0 0.669034 0.345328 0.068182 0.077020
2 0.518821 0.749369 0.029119 0.051768
0 0.909091 0.519571 0.068182 0.077020
5 0.433594 0.836490 0.039062 0.059343
2 0.660156 0.436237 0.029119 0.051768
2 0.580611 0.229167 0.029119 0.051768
3 0.215554 0.337753 0.039062 0.059343
0 0.916903 0.068813 0.068182 0.077020
0 0.827415 0.690025 0.068182 0.077020
8 0.429332 0.101641 0.039062 0.059343
5 0.822798 0.491793 0.039062 0.059343
8 0.653764 0.089015 0.039062 0.059343
3 0.567116 0.452652 0.039062 0.059343
7 0.022372 0.034722 0.039062 0.059343
8 0.854759 0.158460 0.039062 0.059343
3 0.436435 0.667298 0.039062 0.059343
2 0.040128 0.830177 0.029119 0.051768
5 0.352628 0.724116 0.039062 0.059343
7 0.406605 0.434975 0.039062 0.059343
1 0.298295 0.893308 0.068182 0.077020
0 0.328835 0.090278 0.068182 0.077020
4 0.545810 0.966540 0.039062 0.059343
7 0.912997 0.678662 0.039062 0.059343
1 0.076705 0.346591 0.068182 0.077020
2 0.807173 0.326389 0.029119 0.051768
