4 0.716974 0.054924 0.039062 0.059343
4 0.157315 0.534722 0.039062 0.059343
7 0.196378 0.341540 0.039062 0.059343
1 0.587358 0.725379 0.068182 0.077020
8 0.946378 0.268308 0.039062 0.059343
0 0.178977 0.106692 0.068182 0.077020
7 0.341974 0.904672 0.039062 0.059343
6 0.959872 0.926136 0.039062 0.059343
0 0.174006 0.922348 0.068182 0.077020
0 0.066761 0.480429 0.068182 0.077020
1 0.305398 0.677399 0.068182 0.077020
5 0.430753 0.678662 0.039062 0.059343
3 0.795810 0.051136 0.039062 0.059343
4 0.939276 0.157197 0.039062 0.059343
2 0.968395 0.475379 0.029119 0.051768
1 0.452415 0.869318 0.068182 0.077020
3 0.831321 0.451389 0.039062 0.059343
5 0.424361 0.094066 0.039062 0.059343
6 0.344105 0.148359 0.039062 0.059343
1 0.183239 0.730429 0.068182 0.077020
5 0.692116 0.498106 0.039062 0.059343
7 0.931463 0.674874 0.039062 0.059343
5 0.562145 0.940025 0.039062 0.059343
6 0.666548 0.761995 0.039062 0.059343
3 0.550781 0.278409 0.039062 0.059343
3 0.574219 0.058712 0.039062 0.059343
3 0.576349 0.530934 0.039062 0.059343
2 0.105469 0.231692 0.029119 0.051768
