5 0.946378 0.082702 0.039062 0.059343
1 0.786222 0.456439 0.068182 0.077020
1 0.674716 0.871843 0.068182 0.077020
4 0.933594 0.506944 0.039062 0.059343
3 0.712713 0.474116 0.039062 0.059343
3 0.523082 0.042298 0.039062 0.059343
7 0.900923 0.669823 0.039062 0.059343
7 0.211293 0.154672 0.039062 0.059343
8 0.728338 0.633207 0.039062 0.059343
6 0.021662 0.150884 0.039062 0.059343
7 0.577060 0.307449 0.039062 0.059343
8 0.800781 0.090278 0.039062 0.059343
6 0.320668 0.541035 0.039062 0.059343
1 0.291903 0.876894 0.068182 0.077020
2 0.643111 0.083965 0.029119 0.051768
0 0.203125 0.520833 0.068182 0.077020
8 0.922940 0.827652 0.039062 0.059343
7 0.452060 0.667298 0.039062 0.059343
5 0.980469 0.356692 0.039062 0.059343
4 0.850497 0.337753 0.039062 0.059343
0 0.447443 0.143308 0.068182 0.077020
5 0.782315 0.841540 0.039062 0.059343
8 0.535156 0.527146 0.039062 0.059343
0 0.338068 0.076389 0.068182 0.077020
3 0.048651 0.662247 0.039062 0.059343
4 0.520952 0.874369 0.039062 0.059343
5 0.592685 0.729167 0.039062 0.059343
3 0.094815 0.860480 0.039062 0.059343
4 0.050071 0.485480 0.039062 0.059343
