8 0.583452 0.249369 0.039062 0.059343
8 0.692827 0.255682 0.039062 0.059343
2 0.539418 0.500631 0.029119 0.051768
7 0.202060 0.302399 0.039062 0.059343
4 0.330611 0.340278 0.039062 0.059343
0 0.170455 0.505682 0.068182 0.077020
2 0.976207 0.734217 0.029119 0.051768
4 0.430043 0.109217 0.039062 0.059343
3 0.800071 0.691288 0.039062 0.059343
1 0.437500 0.687500 0.068182 0.077020
3 0.022372 0.461490 0.039062 0.059343
8 0.042969 0.244318 0.039062 0.059343
7 0.682884 0.556187 0.039062 0.059343
4 0.690696 0.876894 0.039062 0.059343
4 0.599077 0.047348 0.039062 0.059343
2 0.768111 0.347854 0.029119 0.051768
4 0.682884 0.724116 0.039062 0.059343
0 0.056108 0.139520 0.068182 0.077020
7 0.211293 0.729167 0.039062 0.059343
7 0.179332 0.107955 0.039062 0.059343
4 0.304332 0.052399 0.039062 0.059343
2 0.410866 0.230429 0.029119 0.051768
8 0.911577 0.116793 0.039062 0.059343
0 0.943182 0.556187 0.068182 0.077020
8 0.343395 0.647096 0.039062 0.059343
6 0.949219 0.279672 0.039062 0.059343
5 0.071378 0.919823 0.039062 0.059343
3 0.586293 0.905934 0.039062 0.059343
