3 0.207031 0.067551 0.039062 0.059343
1 0.805398 0.309975 0.068182 0.077020
8 0.695668 0.837753 0.039062 0.059343
2 0.015270 0.447601 0.029119 0.051768
2 0.280895 0.429924 0.029119 0.051768
1 0.825284 0.446338 0.068182 0.077020
4 0.405895 0.128157 0.039062 0.059343
4 0.290128 0.091540 0.039062 0.059343
0 0.188920 0.466540 0.068182 0.077020
4 0.602628 0.890783 0.039062 0.059343
3 0.808594 0.698864 0.039062 0.059343
8 0.211293 0.739268 0.039062 0.059343
6 0.653054 0.712753 0.039062 0.059343
7 0.958452 0.653409 0.039062 0.059343
4 0.814986 0.072601 0.039062 0.059343
8 0.436435 0.563763 0.039062 0.059343
7 0.781605 0.895833 0.039062 0.059343
3 0.224787 0.914773 0.039062 0.059343
5 0.407315 0.309975 0.039062 0.059343
4 0.091974 0.712753 0.039062 0.059343
4 0.440696 0.639520 0.039062 0.059343
2 0.095526 0.049874 0.029119 0.051768
0 0.052557 0.254419 0.068182 0.077020
0 0.692472 0.087753 0.068182 0.077020
5 0.454901 0.886995 0.039062 0.059343
3 0.542969 0.164773 0.039062 0.059343
5 0.099077 0.855429 0.039062 0.059343
