3 0.787287 0.961490 0.039062 0.059343
0 0.159091 0.898359 0.068182 0.077020
1 0.715199 0.501894 0.068182 0.077020
1 0.088778 0.878157 0.068182 0.077020
2 0.944957 0.124369 0.029119 0.051768
8 0.822798 0.732955 0.039062 0.059343
4 0.960582 0.677399 0.039062 0.059343
2 0.699929 0.932449 0.029119 0.051768
2 0.030185 0.442551 0.029119 0.051768
6 0.937145 0.455177 0.039062 0.059343
5 0.821378 0.318813 0.039062 0.059343
3 0.442827 0.448864 0.039062 0.059343
3 0.395952 0.881944 0.039062 0.059343
4 0.533026 0.317551 0.039062 0.059343
7 0.685014 0.686237 0.039062 0.059343
8 0.577060 0.447601 0.039062 0.059343
7 0.194957 0.691288 0.039062 0.059343
4 0.972656 0.307449 0.039062 0.059343
3 0.459162 0.758207 0.039062 0.059343
1 0.174006 0.544823 0.068182 0.077020
4 0.574219 0.048611 0.039062 0.059343
1 0.835227 0.144571 0.068182 0.077020
4 0.930753 0.898359 0.039062 0.059343
0 0.311080 0.701389 0.068182 0.077020
3 0.604048 0.940025 0.039062 0.059343
0 0.316051 0.950126 0.068182 0.077020
1 0.207386 0.072601 0.068182 0.077020
6 0.337003 0.061237 0.039062 0.059343
6 0.806463 0.552399 0.039062 0.059343
7 0.478338 0.147096 0.039062 0.059343
