3 0.842685 0.528409 0.039062 0.059343
1 0.825994 0.697601 0.068182 0.077020
1 0.054688 0.884470 0.068182 0.077020
7 0.342685 0.335227 0.039062 0.059343
4 0.050071 0.631944 0.039062 0.059343
2 0.305043 0.470328 0.029119 0.051768
6 0.523082 0.687500 0.039062 0.059343
7 0.324929 0.875631 0.039062 0.059343
1 0.937500 0.488005 0.068182 0.077020
7 0.791548 0.138258 0.039062 0.059343
4 0.170810 0.551136 0.039062 0.059343
4 0.694957 0.126894 0.039062 0.059343
1 0.683949 0.488005 0.068182 0.077020
4 0.701349 0.321338 0.039062 0.059343
0 0.432528 0.527146 0.068182 0.077020
5 0.957031 0.719066 0.039062 0.059343
5 0.944247 0.076389 0.039062 0.059343
1 0.964489 0.356692 0.068182 0.077020
7 0.075639 0.245581 0.039062 0.059343
1 0.086648 0.457702 0.068182 0.077020
8 0.536577 0.453914 0.039062 0.059343
5 0.428622 0.335227 0.039062 0.059343
0 0.672585 0.653409 0.068182 0.077020
7 0.304332 0.101641 0.039062 0.059343
7 0.780185 0.832702 0.039062 0.059343
5 0.344105 0.676136 0.039062 0.059343
3 0.549361 0.833965 0.039062 0.059343
2 0.228338 0.966540 0.029119 0.051768
1 0.787642 0.345328 0.068182 0.077020
7 0.396662 0.044823 0.039062 0.059343
4 0.191406 0.686237 0.039062 0.059343
7 0.678622 0.918561 0.039062 0.059343
1 0.563210 0.326389 0.068182 0.077020
6 0.190696 0.135732 0.039062 0.059343
8 0.454901 0.852904 0.039062 0.059343
3 0.922940 0.952652 0.039062 0.059343
3 0.589134 0.123106 0.039062 0.059343
7 0.418679 0.672348 0.039062 0.059343
