7 0.680043 0.128157 0.039062 0.059343
7 0.273082 0.688763 0.039062 0.059343
3 0.933594 0.642045 0.039062 0.059343
6 0.667969 0.236742 0.039062 0.059343
4 0.897372 0.490530 0.039062 0.059343
7 0.583452 0.102904 0.039062 0.059343
0 0.082386 0.101641 0.068182 0.077020
3 0.930043 0.265783 0.039062 0.059343
6 0.547230 0.511995 0.039062 0.059343
2 0.139560 0.493056 0.029119 0.051768
1 0.166903 0.650884 0.068182 0.077020
0 0.078835 0.898359 0.068182 0.077020
4 0.160156 0.837753 0.039062 0.059343
5 0.598366 0.934975 0.039062 0.059343
5 0.823509 0.130682 0.039062 0.059343
3 0.077060 0.503157 0.039062 0.059343
3 0.572798 0.289773 0.039062 0.059343
1 0.039062 0.352904 0.068182 0.077020
1 0.183949 0.318813 0.068182 0.077020
0 0.431818 0.360480 0.068182 0.077020
5 0.676491 0.546086 0.039062 0.059343
7 0.090554 0.751894 0.039062 0.059343
1 0.290483 0.948864 0.068182 0.077020
0 0.821733 0.663510 0.068182 0.077020
3 0.147372 0.157197 0.039062 0.059343
7 0.538707 0.750631 0.039062 0.059343
4 0.932884 0.866793 0.039062 0.059343
2 0.849787 0.926136 0.029119 0.051768
5 0.322798 0.249369 0.039062 0.059343
0 0.698153 0.676136 0.068182 0.077020
8 0.814276 0.328914 0.039062 0.059343
2 0.708452 0.839015 0.029119 0.051768
7 0.354759 0.450126 0.039062 0.059343
6 0.328480 0.043561 0.039062 0.059343
7 0.966974 0.076389 0.039062 0.059343
