0 0.159091 0.070076 0.068182 0.077020
4 0.909446 0.741793 0.039062 0.059343
7 0.312855 0.239268 0.039062 0.059343
0 0.210227 0.852904 0.068182 0.077020
2 0.041548 0.025884 0.029119 0.051768
7 0.583452 0.107955 0.039062 0.059343
3 0.067827 0.854167 0.039062 0.059343
7 0.717685 0.486742 0.039062 0.059343
0 0.046165 0.515783 0.068182 0.077020
5 0.044389 0.336490 0.039062 0.059343
2 0.412997 0.285985 0.029119 0.051768
6 0.665838 0.735480 0.039062 0.059343
2 0.732599 0.246843 0.029119 0.051768
8 0.693537 0.957702 0.039062 0.059343
1 0.198864 0.238005 0.068182 0.077020
1 0.327415 0.155934 0.068182 0.077020
5 0.590554 0.447601 0.039062 0.059343
7 0.797230 0.714015 0.039062 0.059343
0 0.929688 0.104167 0.068182 0.077020
6 0.297230 0.885732 0.039062 0.059343
2 0.970526 0.913510 0.029119 0.051768
1 0.700994 0.128157 0.068182 0.077020
3 0.099077 0.653409 0.039062 0.059343
3 0.600497 0.736742 0.039062 0.059343
4 0.898793 0.254419 0.039062 0.059343
7 0.173651 0.645833 0.039062 0.059343
4 0.448509 0.941288 0.039062 0.059343
5 0.930753 0.505682 0.039062 0.059343
8 0.466264 0.491793 0.039062 0.059343
1 0.328125 0.476641 0.068182 0.077020
7 0.477628 0.654672 0.039062 0.059343
4 0.789418 0.280934 0.039062 0.059343
2 0.766690 0.837753 0.029119 0.051768
6 0.530895 0.318813 0.039062 0.059343
8 0.577060 0.888258 0.039062 0.059343
4 0.802202 0.080177 0.039062 0.059343
6 0.445668 0.101641 0.039062 0.059343
8 0.820668 0.543561 0.039062 0.059343
7 0.157315 0.499369 0.039062 0.059343
