2 0.235440 0.898359 0.029119 0.051768
5 0.848366 0.708965 0.039062 0.059343
8 0.535156 0.090278 0.039062 0.059343
1 0.071733 0.303662 0.068182 0.077020
0 0.454545 0.107955 0.068182 0.077020
3 0.270241 0.758207 0.039062 0.059343
8 0.407315 0.965278 0.039062 0.059343
1 0.535511 0.450126 0.068182 0.077020
0 0.167614 0.356692 0.068182 0.077020
5 0.084872 0.566288 0.039062 0.059343
2 0.900213 0.960227 0.029119 0.051768
6 0.463423 0.301136 0.039062 0.059343
1 0.443182 0.725379 0.068182 0.077020
5 0.819957 0.104167 0.039062 0.059343
6 0.912287 0.283460 0.039062 0.059343
7 0.074929 0.865530 0.039062 0.059343
1 0.944602 0.130682 0.068182 0.077020
7 0.180043 0.080177 0.039062 0.059343
6 0.663707 0.529672 0.039062 0.059343
3 0.408026 0.431187 0.039062 0.059343
3 0.595526 0.328914 0.039062 0.059343
7 0.024503 0.749369 0.039062 0.059343
7 0.550781 0.662247 0.039062 0.059343
5 0.979759 0.697601 0.039062 0.059343
7 0.278054 0.101641 0.039062 0.059343
4 0.224787 0.472854 0.039062 0.059343
0 0.671165 0.886995 0.068182 0.077020
0 0.590199 0.837753 0.068182 0.077020
7 0.691406 0.124369 0.039062 0.059343
8 0.795810 0.534722 0.039062 0.059343
