7 0.721946 0.445076 0.039062 0.059343
4 0.056463 0.830177 0.039062 0.059343
4 0.947088 0.163510 0.039062 0.059343
8 0.187855 0.859217 0.039062 0.059343
7 0.560724 0.143308 0.039062 0.059343
4 0.530895 0.567551 0.039062 0.059343
3 0.455611 0.145833 0.039062 0.059343
5 0.145241 0.044823 0.039062 0.059343
3 0.701349 0.110480 0.039062 0.059343
4 0.077770 0.361742 0.039062 0.059343
7 0.185014 0.547348 0.039062 0.059343
5 0.562145 0.873106 0.039062 0.059343
0 0.073153 0.482955 0.068182 0.077020
2 0.474787 0.259470 0.029119 0.051768
0 0.455966 0.702652 0.068182 0.077020
2 0.408736 0.894571 0.029119 0.051768
6 0.916548 0.548611 0.039062 0.059343
2 0.833452 0.658460 0.029119 0.051768
5 0.670810 0.232955 0.039062 0.059343
7 0.588423 0.719066 0.039062 0.059343
2 0.204190 0.321338 0.029119 0.051768
4 0.927202 0.890783 0.039062 0.059343
8 0.410866 0.474116 0.039062 0.059343
4 0.676491 0.705177 0.039062 0.059343
7 0.289418 0.717803 0.039062 0.059343
4 0.696378 0.876894 0.039062 0.059343
2 0.775213 0.839015 0.029119 0.051768
0 0.832386 0.133207 0.068182 0.077020
8 0.330611 0.499369 0.039062 0.059343
1 0.039062 0.744318 0.068182 0.077020
2 0.832031 0.541035 0.029119 0.051768
5 0.284446 0.285985 0.039062 0.059343
1 0.924716 0.732955 0.068182 0.077020
3 0.895952 0.283460 0.039062 0.059343
