6 0.095526 0.908460 0.039062 0.059343
0 0.676136 0.110480 0.068182 0.077020
1 0.186790 0.307449 0.068182 0.077020
4 0.780895 0.032197 0.039062 0.059343
4 0.155895 0.428662 0.039062 0.059343
8 0.274503 0.753157 0.039062 0.059343
1 0.071733 0.100379 0.068182 0.077020
1 0.310369 0.889520 0.068182 0.077020
4 0.715554 0.307449 0.039062 0.059343
1 0.541193 0.243056 0.068182 0.077020
3 0.447798 0.168561 0.039062 0.059343
0 0.199574 0.731692 0.068182 0.077020
8 0.480469 0.650884 0.039062 0.059343
6 0.035866 0.341540 0.039062 0.059343
4 0.353338 0.240530 0.039062 0.059343
6 0.849077 0.479167 0.039062 0.059343
1 0.670455 0.481692 0.068182 0.077020
8 0.097656 0.518308 0.039062 0.059343
2 0.768111 0.875631 0.029119 0.051768
8 0.645952 0.912247 0.039062 0.059343
8 0.549361 0.874369 0.039062 0.059343
3 0.566406 0.633207 0.039062 0.059343
3 0.589844 0.046086 0.039062 0.059343
0 0.835227 0.700126 0.068182 0.077020
6 0.292969 0.147096 0.039062 0.059343
