3 0.305753 0.942551 0.039062 0.059343
8 0.702770 0.633207 0.039062 0.059343
4 0.782315 0.544823 0.039062 0.059343
4 0.040838 0.453914 0.039062 0.059343
6 0.582031 0.886995 0.039062 0.059343
1 0.188920 0.110480 0.068182 0.077020
4 0.828480 0.668561 0.039062 0.059343
1 0.960938 0.549874 0.068182 0.077020
2 0.697088 0.307449 0.029119 0.051768
8 0.809304 0.154672 0.039062 0.059343
3 0.329190 0.719066 0.039062 0.059343
5 0.571378 0.344066 0.039062 0.059343
1 0.414062 0.514520 0.068182 0.077020
2 0.166548 0.711490 0.029119 0.051768
4 0.805043 0.876894 0.039062 0.059343
8 0.183594 0.524621 0.039062 0.059343
8 0.327770 0.260732 0.039062 0.059343
0 0.590909 0.046086 0.068182 0.077020
2 0.453480 0.119318 0.029119 0.051768
1 0.174716 0.304924 0.068182 0.077020
8 0.432884 0.706439 0.039062 0.059343
6 0.332031 0.043561 0.039062 0.059343
3 0.645952 0.460227 0.039062 0.059343
6 0.665838 0.960227 0.039062 0.059343
5 0.961293 0.948864 0.039062 0.059343
7 0.969815 0.052399 0.039062 0.059343
7 0.557884 0.451389 0.039062 0.059343
3 0.394531 0.345328 0.039062 0.059343
6 0.087003 0.631944 0.039062 0.059343
6 0.452060 0.919823 0.039062 0.059343
7 0.956321 0.322601 0.039062 0.059343
8 0.104048 0.076389 0.039062 0.059343
8 0.052202 0.254419 0.039062 0.059343
0 0.958807 0.682449 0.068182 0.077020
6 0.040838 0.955177 0.039062 0.059343
6 0.800071 0.317551 0.039062 0.059343
6 0.573509 0.705177 0.039062 0.059343
