8 0.897372 0.082702 0.039062 0.059343
1 0.462358 0.097854 0.068182 0.077020
7 0.434304 0.655934 0.039062 0.059343
5 0.544389 0.940025 0.039062 0.059343
4 0.058594 0.344066 0.039062 0.059343
6 0.779474 0.145833 0.039062 0.059343
4 0.026634 0.628157 0.039062 0.059343
3 0.831321 0.342803 0.039062 0.059343
4 0.184304 0.316288 0.039062 0.059343
1 0.571733 0.667298 0.068182 0.077020
6 0.191406 0.962753 0.039062 0.059343
8 0.352628 0.243056 0.039062 0.059343
4 0.023793 0.501894 0.039062 0.059343
4 0.532315 0.504419 0.039062 0.059343
4 0.964134 0.248106 0.039062 0.059343
8 0.778054 0.886995 0.039062 0.059343
8 0.349077 0.494318 0.039062 0.059343
8 0.596946 0.282197 0.039062 0.059343
4 0.729759 0.754419 0.039062 0.059343
7 0.417969 0.491793 0.039062 0.059343
1 0.305398 0.124369 0.068182 0.077020
