7 0.023793 0.629419 0.039062 0.059343
7 0.902344 0.089015 0.039062 0.059343
6 0.435014 0.232955 0.039062 0.059343
0 0.335938 0.246843 0.068182 0.077020
3 0.165128 0.466540 0.039062 0.059343
2 0.554332 0.438763 0.029119 0.051768
8 0.556463 0.235480 0.039062 0.059343
3 0.658736 0.472854 0.039062 0.059343
8 0.197798 0.169823 0.039062 0.059343
0 0.919034 0.712753 0.068182 0.077020
2 0.470526 0.514520 0.029119 0.051768
3 0.276634 0.698864 0.039062 0.059343
0 0.034091 0.140783 0.068182 0.077020
4 0.467685 0.919823 0.039062 0.059343
2 0.649503 0.297348 0.029119 0.051768
1 0.797585 0.147096 0.068182 0.077020
1 0.210227 0.264520 0.068182 0.077020
0 0.562500 0.941288 0.068182 0.077020
5 0.047230 0.945076 0.039062 0.059343
0 0.931818 0.884470 0.068182 0.077020
0 0.540483 0.070076 0.068182 0.077020
8 0.394531 0.030934 0.039062 0.059343
