4 0.165128 0.135732 0.039062 0.059343
4 0.576349 0.091540 0.039062 0.059343
4 0.928622 0.543561 0.039062 0.059343
3 0.591264 0.686237 0.039062 0.059343
2 0.681463 0.730429 0.029119 0.051768
0 0.833807 0.556187 0.068182 0.077020
3 0.785866 0.900884 0.039062 0.059343
7 0.095526 0.126894 0.039062 0.059343
2 0.204190 0.299874 0.029119 0.051768
2 0.060724 0.231692 0.029119 0.051768
2 0.420099 0.671086 0.029119 0.051768
4 0.935724 0.967803 0.039062 0.059343
7 0.460582 0.243056 0.039062 0.059343
1 0.962358 0.727904 0.068182 0.077020
7 0.144531 0.885732 0.039062 0.059343
0 0.441761 0.462753 0.068182 0.077020
3 0.090554 0.910985 0.039062 0.059343
8 0.035156 0.672348 0.039062 0.059343
4 0.689986 0.856692 0.039062 0.059343
1 0.191051 0.450126 0.068182 0.077020
2 0.279474 0.072601 0.029119 0.051768
4 0.350497 0.565025 0.039062 0.059343
6 0.903054 0.321338 0.039062 0.059343
