3 0.695668 0.038510 0.039062 0.059343
8 0.845526 0.506944 0.039062 0.059343
3 0.556463 0.130682 0.039062 0.059343
4 0.974787 0.528409 0.039062 0.059343
2 0.291548 0.320076 0.029119 0.051768
0 0.589489 0.315025 0.068182 0.077020
2 0.459162 0.335227 0.029119 0.051768
6 0.459872 0.530934 0.039062 0.059343
5 0.601207 0.658460 0.039062 0.059343
6 0.444957 0.067551 0.039062 0.059343
4 0.522372 0.474116 0.039062 0.059343
7 0.935724 0.322601 0.039062 0.059343
8 0.185724 0.030934 0.039062 0.059343
8 0.082741 0.924874 0.039062 0.059343
3 0.269531 0.912247 0.039062 0.059343
1 0.829545 0.846591 0.068182 0.077020
6 0.653054 0.657197 0.039062 0.059343
6 0.312855 0.561237 0.039062 0.059343
0 0.951705 0.943813 0.068182 0.077020
7 0.779474 0.072601 0.039062 0.059343
5 0.023793 0.048611 0.039062 0.059343
2 0.685724 0.351641 0.029119 0.051768
5 0.682884 0.828914 0.039062 0.059343
4 0.209162 0.291035 0.039062 0.059343
8 0.542969 0.830177 0.039062 0.059343
2 0.942116 0.044823 0.029119 0.051768
5 0.292969 0.162247 0.039062 0.059343
