3 0.528054 0.429924 0.039062 0.059343
0 0.816051 0.852904 0.068182 0.077020
3 0.279474 0.304924 0.039062 0.059343
3 0.229048 0.316288 0.039062 0.059343
4 0.033736 0.662247 0.039062 0.059343
4 0.841264 0.352904 0.039062 0.059343
6 0.028054 0.842803 0.039062 0.059343
3 0.966264 0.696338 0.039062 0.059343
3 0.937145 0.125631 0.039062 0.059343
8 0.571378 0.667298 0.039062 0.059343
5 0.400213 0.707702 0.039062 0.059343
6 0.477628 0.238005 0.039062 0.059343
0 0.941051 0.878157 0.068182 0.077020
0 0.564631 0.119318 0.068182 0.077020
1 0.057528 0.056187 0.068182 0.077020
6 0.299361 0.937500 0.039062 0.059343
8 0.173651 0.559975 0.039062 0.059343
2 0.670810 0.559975 0.029119 0.051768
0 0.925426 0.495581 0.068182 0.077020
2 0.154474 0.760732 0.029119 0.051768
3 0.186435 0.110480 0.039062 0.059343
2 0.390270 0.510732 0.029119 0.051768
1 0.340199 0.493056 0.068182 0.077020
1 0.813920 0.755682 0.068182 0.077020
4 0.564986 0.336490 0.039062 0.059343
