8 0.846946 0.663510 0.039062 0.059343
4 0.979759 0.938763 0.039062 0.059343
2 0.610440 0.086490 0.029119 0.051768
2 0.911577 0.748106 0.029119 0.051768
4 0.350497 0.354167 0.039062 0.059343
6 0.572088 0.320076 0.039062 0.059343
6 0.067116 0.342803 0.039062 0.059343
0 0.435369 0.701389 0.068182 0.077020
6 0.026634 0.655934 0.039062 0.059343
5 0.395241 0.919823 0.039062 0.059343
3 0.689986 0.458965 0.039062 0.059343
8 0.075639 0.032197 0.039062 0.059343
8 0.177202 0.758207 0.039062 0.059343
7 0.802912 0.850379 0.039062 0.059343
6 0.097656 0.445076 0.039062 0.059343
2 0.940696 0.260732 0.029119 0.051768
8 0.031605 0.893308 0.039062 0.059343
7 0.550781 0.674874 0.039062 0.059343
3 0.912287 0.106692 0.039062 0.059343
6 0.312855 0.109217 0.039062 0.059343
7 0.648793 0.229167 0.039062 0.059343
