3 0.778764 0.650884 0.039062 0.059343
1 0.186080 0.342803 0.068182 0.077020
0 0.664062 0.494318 0.068182 0.077020
5 0.062855 0.754419 0.039062 0.059343
2 0.056463 0.938763 0.029119 0.051768
7 0.207741 0.155934 0.039062 0.059343
6 0.468395 0.135732 0.039062 0.059343
0 0.922585 0.345328 0.068182 0.077020
8 0.593395 0.118056 0.039062 0.059343
4 0.182173 0.846591 0.039062 0.059343
5 0.910866 0.042298 0.039062 0.059343
8 0.469815 0.458965 0.039062 0.059343
0 0.540483 0.316288 0.068182 0.077020
5 0.438565 0.710227 0.039062 0.059343
3 0.792969 0.543561 0.039062 0.059343
6 0.270952 0.143308 0.039062 0.059343
4 0.098366 0.166035 0.039062 0.059343
5 0.723366 0.644571 0.039062 0.059343
7 0.707031 0.245581 0.039062 0.059343
2 0.034446 0.503157 0.029119 0.051768
8 0.566406 0.429924 0.039062 0.059343
0 0.321023 0.495581 0.068182 0.077020
4 0.187145 0.729167 0.039062 0.059343
6 0.724787 0.155934 0.039062 0.059343
7 0.345526 0.923611 0.039062 0.059343
6 0.350497 0.253157 0.039062 0.059343
8 0.273793 0.708965 0.039062 0.059343
2 0.535866 0.825126 0.029119 0.051768
3 0.844815 0.129419 0.039062 0.059343
4 0.969105 0.458965 0.039062 0.059343
