2 0.214134 0.764520 0.029119 0.051768
3 0.278054 0.464015 0.039062 0.059343
5 0.701349 0.863005 0.039062 0.059343
6 0.171520 0.875631 0.039062 0.059343
4 0.079190 0.035985 0.039062 0.059343
2 0.044389 0.370581 0.029119 0.051768
1 0.793324 0.892045 0.068182 0.077020
1 0.565341 0.706439 0.068182 0.077020
2 0.895241 0.458965 0.029119 0.051768
0 0.328835 0.692551 0.068182 0.077020
7 0.405185 0.250631 0.039062 0.059343
1 0.920455 0.952652 0.068182 0.077020
8 0.177202 0.260732 0.039062 0.059343
4 0.287997 0.328914 0.039062 0.059343
1 0.081676 0.547348 0.068182 0.077020
7 0.903054 0.169823 0.039062 0.059343
5 0.935014 0.301136 0.039062 0.059343
1 0.333807 0.075126 0.068182 0.077020
8 0.426491 0.565025 0.039062 0.059343
8 0.809304 0.563763 0.039062 0.059343
4 0.462713 0.960227 0.039062 0.059343
3 0.821378 0.320076 0.039062 0.059343
3 0.653764 0.274621 0.039062 0.059343
6 0.688565 0.667298 0.039062 0.059343
8 0.450639 0.104167 0.039062 0.059343
0 0.916903 0.714015 0.068182 0.077020
8 0.187855 0.445076 0.039062 0.059343
2 0.025213 0.768308 0.029119 0.051768
5 0.326349 0.897096 0.039062 0.059343
2 0.728338 0.485480 0.029119 0.051768
5 0.417259 0.748106 0.039062 0.059343
5 0.221946 0.159722 0.039062 0.059343
5 0.604759 0.236742 0.039062 0.059343
8 0.709872 0.149621 0.039062 0.059343
