6 0.095526 0.327652 0.039062 0.059343
6 0.343395 0.638258 0.039062 0.059343
2 0.275923 0.849116 0.029119 0.051768
5 0.964844 0.543561 0.039062 0.059343
7 0.534446 0.157197 0.039062 0.059343
2 0.527344 0.451389 0.029119 0.051768
7 0.044389 0.716540 0.039062 0.059343
7 0.909446 0.254419 0.039062 0.059343
5 0.477628 0.258207 0.039062 0.059343
1 0.213068 0.946338 0.068182 0.077020
4 0.694247 0.049874 0.039062 0.059343
0 0.794034 0.731692 0.068182 0.077020
5 0.537997 0.893308 0.039062 0.059343
0 0.793324 0.491793 0.068182 0.077020
8 0.405185 0.440025 0.039062 0.059343
1 0.946023 0.087753 0.068182 0.077020
4 0.330611 0.241793 0.039062 0.059343
6 0.416548 0.144571 0.039062 0.059343
5 0.714134 0.753157 0.039062 0.059343
5 0.187145 0.510732 0.039062 0.059343
0 0.931108 0.898359 0.068182 0.077020
5 0.728338 0.831439 0.039062 0.059343
2 0.058594 0.967803 0.029119 0.051768
