4 0.709872 0.518308 0.039062 0.059343
4 0.290128 0.157197 0.039062 0.059343
7 0.769531 0.889520 0.039062 0.059343
5 0.064276 0.476641 0.039062 0.059343
1 0.090199 0.297348 0.068182 0.077020
4 0.596946 0.315025 0.039062 0.059343
0 0.818892 0.355429 0.068182 0.077020
2 0.765980 0.474116 0.029119 0.051768
8 0.547230 0.927399 0.039062 0.059343
0 0.457386 0.730429 0.068182 0.077020
5 0.558594 0.464015 0.039062 0.059343
4 0.438565 0.841540 0.039062 0.059343
4 0.422230 0.477904 0.039062 0.059343
3 0.217685 0.643308 0.039062 0.059343
8 0.181463 0.297348 0.039062 0.059343
8 0.190696 0.462753 0.039062 0.059343
3 0.349077 0.883207 0.039062 0.059343
5 0.480469 0.059975 0.039062 0.059343
6 0.932173 0.431187 0.039062 0.059343
3 0.952060 0.722854 0.039062 0.059343
6 0.409446 0.285985 0.039062 0.059343
8 0.308594 0.556187 0.039062 0.059343
3 0.035866 0.083965 0.039062 0.059343
8 0.917259 0.330177 0.039062 0.059343
