2 0.353338 0.926136 0.029119 0.051768
1 0.212358 0.755682 0.068182 0.077020
1 0.163352 0.289773 0.068182 0.077020
2 0.557884 0.424874 0.029119 0.051768
1 0.441051 0.311237 0.068182 0.077020
6 0.321378 0.565025 0.039062 0.059343
8 0.920099 0.552399 0.039062 0.059343
7 0.555043 0.767045 0.039062 0.059343
5 0.584872 0.082702 0.039062 0.059343
0 0.427557 0.058712 0.068182 0.077020
2 0.435014 0.952652 0.029119 0.051768
3 0.797230 0.053662 0.039062 0.059343
4 0.830611 0.745581 0.039062 0.059343
7 0.292259 0.253157 0.039062 0.059343
5 0.223366 0.450126 0.039062 0.059343
4 0.704901 0.956439 0.039062 0.059343
6 0.055043 0.679924 0.039062 0.059343
8 0.082741 0.465278 0.039062 0.059343
1 0.960227 0.287247 0.068182 0.077020
7 0.535156 0.866793 0.039062 0.059343
6 0.165838 0.964015 0.039062 0.059343
4 0.951349 0.052399 0.039062 0.059343
0 0.170455 0.153409 0.068182 0.077020
3 0.582031 0.356692 0.039062 0.059343
4 0.072088 0.940025 0.039062 0.059343
7 0.967685 0.667298 0.039062 0.059343
6 0.465554 0.568813 0.039062 0.059343
4 0.952770 0.960227 0.039062 0.059343
2 0.031605 0.337753 0.029119 0.051768
8 0.651634 0.243056 0.039062 0.059343
0 0.664773 0.701389 0.068182 0.077020
0 0.826705 0.307449 0.068182 0.077020
6 0.819957 0.913510 0.039062 0.059343
2 0.727628 0.443813 0.029119 0.051768
1 0.318892 0.159722 0.068182 0.077020
0 0.711648 0.157197 0.068182 0.077020
2 0.451349 0.758207 0.029119 0.051768
7 0.272372 0.630682 0.039062 0.059343
6 0.812855 0.503157 0.039062 0.059343
5 0.055753 0.152146 0.039062 0.059343
