3 0.196378 0.873106 0.039062 0.059343
2 0.906605 0.504419 0.029119 0.051768
3 0.905895 0.947601 0.039062 0.059343
0 0.053267 0.345328 0.068182 0.077020
3 0.724787 0.500631 0.039062 0.059343
4 0.847656 0.034722 0.039062 0.059343
7 0.080611 0.514520 0.039062 0.059343
7 0.316406 0.732955 0.039062 0.059343
5 0.340554 0.441288 0.039062 0.059343
3 0.841264 0.756944 0.039062 0.059343
7 0.655185 0.341540 0.039062 0.059343
1 0.329545 0.039773 0.068182 0.077020
1 0.535511 0.280934 0.068182 0.077020
4 0.812855 0.938763 0.039062 0.059343
1 0.426136 0.095328 0.068182 0.077020
5 0.194247 0.149621 0.039062 0.059343
3 0.181463 0.312500 0.039062 0.059343
7 0.059304 0.859217 0.039062 0.059343
6 0.813565 0.284722 0.039062 0.059343
5 0.427202 0.895833 0.039062 0.059343
3 0.584872 0.951389 0.039062 0.059343
