1 0.187500 0.658460 0.068182 0.077020
7 0.771662 0.663510 0.039062 0.059343
7 0.291548 0.845328 0.039062 0.059343
0 0.196733 0.147096 0.068182 0.077020
7 0.778764 0.455177 0.039062 0.059343
8 0.847656 0.874369 0.039062 0.059343
8 0.462713 0.240530 0.039062 0.059343
4 0.701349 0.857955 0.039062 0.059343
1 0.926136 0.062500 0.068182 0.077020
4 0.807173 0.299874 0.039062 0.059343
0 0.575994 0.066288 0.068182 0.077020
0 0.083097 0.744318 0.068182 0.077020
8 0.658736 0.636995 0.039062 0.059343
0 0.416903 0.511995 0.068182 0.077020
2 0.273082 0.342803 0.029119 0.051768
2 0.729759 0.471591 0.029119 0.051768
8 0.057884 0.058712 0.039062 0.059343
8 0.562855 0.649621 0.039062 0.059343
5 0.021662 0.549874 0.039062 0.059343
3 0.950639 0.519571 0.039062 0.059343
1 0.551847 0.953914 0.068182 0.077020
5 0.326349 0.679924 0.039062 0.059343
8 0.833452 0.107955 0.039062 0.059343
7 0.148793 0.562500 0.039062 0.059343
4 0.975497 0.245581 0.039062 0.059343
6 0.278764 0.166035 0.039062 0.059343
5 0.403764 0.669823 0.039062 0.059343
6 0.395241 0.936237 0.039062 0.059343
7 0.076349 0.950126 0.039062 0.059343
5 0.919389 0.888258 0.039062 0.059343
