4 0.328480 0.236742 0.039062 0.059343
3 0.308594 0.169823 0.039062 0.059343
1 0.188920 0.273359 0.068182 0.077020
6 0.189986 0.693813 0.039062 0.059343
7 0.694957 0.846591 0.039062 0.059343
0 0.699574 0.518308 0.068182 0.077020
3 0.800781 0.527146 0.039062 0.059343
6 0.955611 0.708965 0.039062 0.059343
8 0.474077 0.648359 0.039062 0.059343
4 0.773793 0.342803 0.039062 0.059343
2 0.153764 0.048611 0.029119 0.051768
6 0.064276 0.356692 0.039062 0.059343
1 0.543324 0.144571 0.068182 0.077020
4 0.834162 0.928662 0.039062 0.059343
4 0.925781 0.273359 0.039062 0.059343
0 0.306108 0.464015 0.068182 0.077020
1 0.671165 0.717803 0.068182 0.077020
1 0.796875 0.066288 0.068182 0.077020
8 0.082031 0.657197 0.039062 0.059343
8 0.412997 0.919823 0.039062 0.059343
5 0.271662 0.725379 0.039062 0.059343
2 0.765980 0.701389 0.029119 0.051768
4 0.428622 0.474116 0.039062 0.059343
3 0.699929 0.306187 0.039062 0.059343
3 0.412997 0.101641 0.039062 0.059343
2 0.174361 0.495581 0.029119 0.051768
7 0.603338 0.489268 0.039062 0.059343
1 0.421165 0.356692 0.068182 0.077020
1 0.564631 0.917298 0.068182 0.077020
7 0.055043 0.894571 0.039062 0.059343
0 0.571733 0.302399 0.068182 0.077020
0 0.088068 0.532197 0.068182 0.077020
2 0.169389 0.888258 0.029119 0.051768
7 0.044389 0.157197 0.039062 0.059343
8 0.305753 0.966540 0.039062 0.059343
7 0.967685 0.850379 0.039062 0.059343
8 0.721946 0.169823 0.039062 0.059343
