2 0.792969 0.732955 0.029119 0.051768
3 0.453480 0.924874 0.039062 0.059343
0 0.582386 0.293561 0.068182 0.077020
8 0.226918 0.062500 0.039062 0.059343
4 0.648082 0.339015 0.039062 0.059343
8 0.680043 0.926136 0.039062 0.059343
3 0.469815 0.543561 0.039062 0.059343
8 0.900923 0.461490 0.039062 0.059343
0 0.062500 0.082702 0.068182 0.077020
4 0.793679 0.941288 0.039062 0.059343
2 0.344105 0.144571 0.029119 0.051768
4 0.462003 0.124369 0.039062 0.059343
4 0.785866 0.433712 0.039062 0.059343
2 0.702770 0.695076 0.029119 0.051768
8 0.942116 0.716540 0.039062 0.059343
4 0.035156 0.693813 0.039062 0.059343
3 0.065696 0.443813 0.039062 0.059343
5 0.895952 0.313763 0.039062 0.059343
2 0.517401 0.724116 0.029119 0.051768
3 0.165128 0.851641 0.039062 0.059343
6 0.462713 0.693813 0.039062 0.059343
3 0.319957 0.932449 0.039062 0.059343
5 0.658026 0.067551 0.039062 0.059343
8 0.914418 0.159722 0.039062 0.059343
3 0.567827 0.471591 0.039062 0.059343
2 0.713423 0.441288 0.029119 0.051768
5 0.296520 0.722854 0.039062 0.059343
2 0.040838 0.349116 0.029119 0.051768
3 0.979048 0.855429 0.039062 0.059343
1 0.318892 0.551136 0.068182 0.077020
4 0.172940 0.695076 0.039062 0.059343
6 0.522372 0.135732 0.039062 0.059343
7 0.444247 0.296086 0.039062 0.059343
0 0.306818 0.279672 0.068182 0.077020
1 0.823153 0.116793 0.068182 0.077020
3 0.784446 0.359217 0.039062 0.059343
