5 0.699929 0.029672 0.039062 0.059343
2 0.956321 0.532197 0.029119 0.051768
7 0.226918 0.076389 0.039062 0.059343
2 0.186435 0.698864 0.029119 0.051768
8 0.837713 0.248106 0.039062 0.059343
5 0.603338 0.428662 0.039062 0.059343
6 0.523082 0.697601 0.039062 0.059343
4 0.921520 0.066288 0.039062 0.059343
0 0.172585 0.270833 0.068182 0.077020
0 0.066051 0.048611 0.068182 0.077020
7 0.789418 0.657197 0.039062 0.059343
7 0.403054 0.485480 0.039062 0.059343
6 0.651634 0.539773 0.039062 0.059343
5 0.544389 0.041035 0.039062 0.059343
4 0.433594 0.894571 0.039062 0.059343
2 0.051491 0.450126 0.029119 0.051768
4 0.935014 0.629419 0.039062 0.059343
8 0.411577 0.341540 0.039062 0.059343
3 0.047940 0.879419 0.039062 0.059343
5 0.954190 0.244318 0.039062 0.059343
6 0.189986 0.442551 0.039062 0.059343
3 0.294389 0.744318 0.039062 0.059343
6 0.601207 0.844066 0.039062 0.059343
2 0.408026 0.717803 0.029119 0.051768
0 0.704545 0.325126 0.068182 0.077020
6 0.830611 0.873106 0.039062 0.059343
4 0.027344 0.749369 0.039062 0.059343
0 0.831676 0.053662 0.068182 0.077020
5 0.969105 0.922348 0.039062 0.059343
3 0.285866 0.857955 0.039062 0.059343
