2 0.075639 0.436237 0.029119 0.051768
3 0.453480 0.693813 0.039062 0.059343
2 0.562855 0.710227 0.029119 0.051768
4 0.569957 0.153409 0.039062 0.059343
5 0.545810 0.474116 0.039062 0.059343
0 0.041193 0.899621 0.068182 0.077020
3 0.339844 0.905934 0.039062 0.059343
3 0.709872 0.051136 0.039062 0.059343
4 0.472656 0.534722 0.039062 0.059343
3 0.396662 0.249369 0.039062 0.059343
5 0.542969 0.320076 0.039062 0.059343
0 0.678267 0.952652 0.068182 0.077020
3 0.973366 0.363005 0.039062 0.059343
0 0.330966 0.105429 0.068182 0.077020
2 0.179332 0.719066 0.029119 0.051768
0 0.946733 0.078914 0.068182 0.077020
8 0.332741 0.648359 0.039062 0.059343
1 0.562500 0.873106 0.068182 0.077020
4 0.442116 0.902146 0.039062 0.059343
5 0.452060 0.113005 0.039062 0.059343
7 0.725497 0.740530 0.039062 0.059343
5 0.189276 0.910985 0.039062 0.059343
7 0.059304 0.129419 0.039062 0.059343
1 0.321023 0.533460 0.068182 0.077020
1 0.215199 0.437500 0.068182 0.077020
6 0.726918 0.291035 0.039062 0.059343
2 0.802202 0.048611 0.029119 0.051768
8 0.709162 0.490530 0.039062 0.059343
3 0.186435 0.366793 0.039062 0.059343
5 0.832741 0.485480 0.039062 0.059343
8 0.957031 0.932449 0.039062 0.059343
8 0.145241 0.115530 0.039062 0.059343
5 0.087713 0.687500 0.039062 0.059343
