7 0.292969 0.707702 0.039062 0.059343
2 0.152344 0.888258 0.029119 0.051768
2 0.094815 0.239268 0.029119 0.051768
2 0.890270 0.763258 0.029119 0.051768
8 0.832031 0.090278 0.039062 0.059343
4 0.671520 0.899621 0.039062 0.059343
0 0.570312 0.515783 0.068182 0.077020
4 0.680753 0.523359 0.039062 0.059343
3 0.975497 0.235480 0.039062 0.059343
4 0.687855 0.330177 0.039062 0.059343
0 0.205256 0.482955 0.068182 0.077020
6 0.344105 0.927399 0.039062 0.059343
6 0.932173 0.068813 0.039062 0.059343
5 0.840554 0.663510 0.039062 0.059343
7 0.813565 0.839015 0.039062 0.059343
5 0.460582 0.639520 0.039062 0.059343
8 0.409446 0.919823 0.039062 0.059343
3 0.091264 0.135732 0.039062 0.059343
7 0.945668 0.878157 0.039062 0.059343
3 0.105469 0.636995 0.039062 0.059343
2 0.470526 0.035985 0.029119 0.051768
7 0.830611 0.522096 0.039062 0.059343
7 0.173651 0.097854 0.039062 0.059343
7 0.831321 0.231692 0.039062 0.059343
