1 0.088068 0.308712 0.068182 0.077020
0 0.559659 0.756944 0.068182 0.077020
4 0.652344 0.666035 0.039062 0.059343
7 0.542969 0.311237 0.039062 0.059343
4 0.186435 0.297348 0.039062 0.059343
3 0.576349 0.038510 0.039062 0.059343
7 0.452060 0.693813 0.039062 0.059343
2 0.930753 0.541035 0.029119 0.051768
3 0.652344 0.956439 0.039062 0.059343
4 0.593395 0.474116 0.039062 0.059343
3 0.219815 0.631944 0.039062 0.059343
1 0.187500 0.945076 0.068182 0.077020
0 0.923295 0.898359 0.068182 0.077020
4 0.771662 0.368056 0.039062 0.059343
0 0.963068 0.655934 0.068182 0.077020
4 0.319247 0.169823 0.039062 0.059343
3 0.730469 0.559975 0.039062 0.059343
5 0.806463 0.687500 0.039062 0.059343
2 0.317827 0.707702 0.029119 0.051768
6 0.725497 0.243056 0.039062 0.059343
1 0.036222 0.702652 0.068182 0.077020
0 0.791193 0.508207 0.068182 0.077020
6 0.802912 0.940025 0.039062 0.059343
2 0.456321 0.054924 0.029119 0.051768
6 0.937855 0.311237 0.039062 0.059343
4 0.478338 0.303662 0.039062 0.059343
4 0.909446 0.073864 0.039062 0.059343
3 0.187145 0.153409 0.039062 0.059343
6 0.321378 0.840278 0.039062 0.059343
