4 0.567116 0.719066 0.039062 0.059343
1 0.963068 0.875631 0.068182 0.077020
4 0.780185 0.967803 0.039062 0.059343
4 0.685724 0.768308 0.039062 0.059343
1 0.056108 0.111742 0.068182 0.077020
3 0.971236 0.153409 0.039062 0.059343
2 0.287997 0.672348 0.029119 0.051768
7 0.789418 0.256944 0.039062 0.059343
0 0.087358 0.546086 0.068182 0.077020
8 0.405895 0.947601 0.039062 0.059343
6 0.349787 0.458965 0.039062 0.059343
3 0.446378 0.485480 0.039062 0.059343
3 0.923651 0.514520 0.039062 0.059343
6 0.805043 0.710227 0.039062 0.059343
0 0.174006 0.663510 0.068182 0.077020
3 0.405895 0.630682 0.039062 0.059343
1 0.209517 0.120581 0.068182 0.077020
5 0.842685 0.529672 0.039062 0.059343
0 0.293324 0.070076 0.068182 0.077020
3 0.554332 0.854167 0.039062 0.059343
5 0.278054 0.849116 0.039062 0.059343
4 0.089844 0.744318 0.039062 0.059343
0 0.708807 0.957702 0.068182 0.077020
8 0.569247 0.089015 0.039062 0.059343
1 0.676136 0.083965 0.068182 0.077020
7 0.053622 0.366793 0.039062 0.059343
1 0.198864 0.860480 0.068182 0.077020
8 0.021662 0.951389 0.039062 0.059343
7 0.212003 0.292298 0.039062 0.059343
1 0.839489 0.043561 0.068182 0.077020
6 0.412997 0.260732 0.039062 0.059343
