1 0.420455 0.475379 0.068182 0.077020
6 0.047940 0.562500 0.039062 0.059343
3 0.791548 0.567551 0.039062 0.059343
4 0.954901 0.282197 0.039062 0.059343
5 0.475497 0.638258 0.039062 0.059343
6 0.425071 0.130682 0.039062 0.059343
8 0.807173 0.741793 0.039062 0.059343
0 0.808239 0.260732 0.068182 0.077020
1 0.814631 0.047348 0.068182 0.077020
4 0.065696 0.101641 0.039062 0.059343
7 0.521662 0.448864 0.039062 0.059343
0 0.933949 0.106692 0.068182 0.077020
5 0.150213 0.234217 0.039062 0.059343
1 0.700994 0.087753 0.068182 0.077020
3 0.900213 0.929924 0.039062 0.059343
0 0.537642 0.692551 0.068182 0.077020
7 0.598366 0.115530 0.039062 0.059343
5 0.217685 0.751894 0.039062 0.059343
3 0.409446 0.344066 0.039062 0.059343
1 0.833097 0.884470 0.068182 0.077020
8 0.937855 0.643308 0.039062 0.059343
6 0.216264 0.145833 0.039062 0.059343
1 0.452415 0.855429 0.068182 0.077020
0 0.713778 0.746843 0.068182 0.077020
1 0.313920 0.359217 0.068182 0.077020
7 0.599077 0.871843 0.039062 0.059343
1 0.715909 0.292298 0.068182 0.077020
4 0.354048 0.907197 0.039062 0.059343
1 0.671165 0.520833 0.068182 0.077020
4 0.280895 0.167298 0.039062 0.059343
1 0.046875 0.267045 0.068182 0.077020
5 0.700639 0.938763 0.039062 0.059343
5 0.955611 0.469066 0.039062 0.059343
0 0.193892 0.517045 0.068182 0.077020
3 0.223366 0.922348 0.039062 0.059343
6 0.285866 0.480429 0.039062 0.059343
4 0.547230 0.232955 0.039062 0.059343
4 0.051491 0.764520 0.039062 0.059343
0 0.088778 0.845328 0.068182 0.077020
