4 0.537287 0.321338 0.039062 0.059343
1 0.819602 0.077652 0.068182 0.077020
3 0.671520 0.067551 0.039062 0.059343
2 0.075639 0.269571 0.029119 0.051768
1 0.334517 0.640783 0.068182 0.077020
8 0.215554 0.527146 0.039062 0.059343
6 0.165128 0.163510 0.039062 0.059343
3 0.439986 0.537247 0.039062 0.059343
0 0.909091 0.892045 0.068182 0.077020
2 0.518111 0.671086 0.029119 0.051768
6 0.915838 0.057449 0.039062 0.059343
7 0.028764 0.927399 0.039062 0.059343
3 0.715554 0.369318 0.039062 0.059343
8 0.830611 0.456439 0.039062 0.059343
5 0.162287 0.731692 0.039062 0.059343
0 0.590909 0.086490 0.068182 0.077020
6 0.346236 0.047348 0.039062 0.059343
3 0.686435 0.533460 0.039062 0.059343
6 0.580611 0.434975 0.039062 0.059343
4 0.562855 0.904672 0.039062 0.059343
1 0.687500 0.903409 0.068182 0.077020
2 0.466264 0.950126 0.029119 0.051768
2 0.187855 0.970328 0.029119 0.051768
