8 0.177912 0.691288 0.039062 0.059343
7 0.660156 0.261995 0.039062 0.059343
5 0.519531 0.168561 0.039062 0.059343
4 0.422940 0.672348 0.039062 0.059343
6 0.554332 0.869318 0.039062 0.059343
7 0.294389 0.522096 0.039062 0.059343
3 0.717685 0.884470 0.039062 0.059343
0 0.197443 0.942551 0.068182 0.077020
5 0.577060 0.484217 0.039062 0.059343
7 0.845526 0.462753 0.039062 0.059343
2 0.555753 0.303662 0.029119 0.051768
2 0.289418 0.264520 0.029119 0.051768
2 0.810014 0.232955 0.029119 0.051768
1 0.713778 0.731692 0.068182 0.077020
8 0.034446 0.827652 0.039062 0.059343
3 0.420810 0.086490 0.039062 0.059343
8 0.354759 0.683712 0.039062 0.059343
2 0.035156 0.038510 0.029119 0.051768
4 0.062855 0.690025 0.039062 0.059343
7 0.439986 0.441288 0.039062 0.059343
3 0.681463 0.061237 0.039062 0.059343
7 0.087713 0.231692 0.039062 0.059343
2 0.522372 0.659722 0.029119 0.051768
5 0.973366 0.267045 0.039062 0.059343
