0 0.418324 0.144571 0.068182 0.077020
6 0.466264 0.315025 0.039062 0.059343
7 0.714844 0.692551 0.039062 0.059343
2 0.900923 0.496843 0.029119 0.051768
7 0.216264 0.875631 0.039062 0.059343
8 0.898082 0.044823 0.039062 0.059343
6 0.837713 0.519571 0.039062 0.059343
3 0.403764 0.551136 0.039062 0.059343
6 0.826349 0.936237 0.039062 0.059343
2 0.273793 0.272096 0.029119 0.051768
2 0.391690 0.753157 0.029119 0.051768
5 0.682173 0.251894 0.039062 0.059343
1 0.587358 0.327652 0.068182 0.077020
4 0.547940 0.953914 0.039062 0.059343
3 0.570668 0.106692 0.039062 0.059343
8 0.604048 0.467803 0.039062 0.059343
2 0.808594 0.248106 0.029119 0.051768
8 0.652344 0.837753 0.039062 0.059343
8 0.823509 0.041035 0.039062 0.059343
3 0.064276 0.532197 0.039062 0.059343
4 0.670099 0.062500 0.039062 0.059343
8 0.042969 0.650884 0.039062 0.059343
7 0.098366 0.124369 0.039062 0.059343
1 0.296875 0.535985 0.068182 0.077020
3 0.332031 0.063763 0.039062 0.059343
5 0.949929 0.913510 0.039062 0.059343
7 0.163707 0.758207 0.039062 0.059343
0 0.419744 0.895833 0.068182 0.077020
6 0.311435 0.666035 0.039062 0.059343
2 0.187855 0.028409 0.029119 0.051768
6 0.774503 0.636995 0.039062 0.059343
0 0.328125 0.922348 0.068182 0.077020
2 0.145241 0.251894 0.029119 0.051768
2 0.726918 0.544823 0.029119 0.051768
4 0.583452 0.759470 0.039062 0.059343
7 0.903054 0.666035 0.039062 0.059343
0 0.921875 0.328914 0.068182 0.077020
1 0.080966 0.927399 0.068182 0.077020
6 0.213423 0.488005 0.039062 0.059343
4 0.085582 0.335227 0.039062 0.059343
