3 0.551491 0.662247 0.039062 0.059343
4 0.683594 0.335227 0.039062 0.059343
0 0.308239 0.085227 0.068182 0.077020
5 0.854048 0.522096 0.039062 0.059343
5 0.273793 0.957702 0.039062 0.059343
8 0.832741 0.034722 0.039062 0.059343
1 0.919034 0.472854 0.068182 0.077020
2 0.421520 0.331439 0.029119 0.051768
4 0.899503 0.094066 0.039062 0.059343
5 0.832741 0.958965 0.039062 0.059343
4 0.064986 0.144571 0.039062 0.059343
5 0.692116 0.457702 0.039062 0.059343
2 0.035156 0.835227 0.029119 0.051768
3 0.270952 0.275884 0.039062 0.059343
3 0.439276 0.874369 0.039062 0.059343
6 0.917259 0.909722 0.039062 0.059343
5 0.150213 0.354167 0.039062 0.059343
1 0.828835 0.750631 0.068182 0.077020
8 0.563565 0.839015 0.039062 0.059343
8 0.579190 0.350379 0.039062 0.059343
3 0.445668 0.120581 0.039062 0.059343
0 0.941761 0.671086 0.068182 0.077020
2 0.412287 0.710227 0.029119 0.051768
1 0.565341 0.159722 0.068182 0.077020
7 0.645241 0.086490 0.039062 0.059343
6 0.479048 0.522096 0.039062 0.059343
7 0.225497 0.749369 0.039062 0.059343
2 0.967685 0.248106 0.029119 0.051768
0 0.659801 0.953914 0.068182 0.077020
5 0.079190 0.528409 0.039062 0.059343
3 0.196378 0.967803 0.039062 0.059343
4 0.343395 0.541035 0.039062 0.059343
