3 0.180043 0.499369 0.039062 0.059343
2 0.025213 0.315025 0.029119 0.051768
7 0.776634 0.068813 0.039062 0.059343
6 0.469815 0.535985 0.039062 0.059343
3 0.729759 0.429924 0.039062 0.059343
7 0.727628 0.364268 0.039062 0.059343
1 0.547585 0.904672 0.068182 0.077020
6 0.974787 0.740530 0.039062 0.059343
7 0.152344 0.948864 0.039062 0.059343
8 0.452060 0.149621 0.039062 0.059343
0 0.662642 0.096591 0.068182 0.077020
3 0.040128 0.743056 0.039062 0.059343
5 0.153054 0.163510 0.039062 0.059343
4 0.844105 0.916035 0.039062 0.059343
7 0.922230 0.154672 0.039062 0.059343
8 0.435724 0.878157 0.039062 0.059343
6 0.572798 0.455177 0.039062 0.059343
2 0.308594 0.552399 0.029119 0.051768
3 0.029474 0.062500 0.039062 0.059343
7 0.194957 0.309975 0.039062 0.059343
3 0.204190 0.682449 0.039062 0.059343
1 0.286222 0.136995 0.068182 0.077020
7 0.032315 0.894571 0.039062 0.059343
3 0.288707 0.352904 0.039062 0.059343
5 0.047940 0.464015 0.039062 0.059343
3 0.811435 0.647096 0.039062 0.059343
4 0.597656 0.764520 0.039062 0.059343
3 0.701349 0.851641 0.039062 0.059343
1 0.338778 0.855429 0.068182 0.077020
0 0.943182 0.886995 0.068182 0.077020
1 0.689631 0.734217 0.068182 0.077020
2 0.530895 0.227904 0.029119 0.051768
0 0.545455 0.042298 0.068182 0.077020
1 0.840909 0.331439 0.068182 0.077020
6 0.848366 0.493056 0.039062 0.059343
3 0.439986 0.366793 0.039062 0.059343
6 0.946378 0.443813 0.039062 0.059343
2 0.427912 0.770833 0.029119 0.051768
4 0.288707 0.666035 0.039062 0.059343
2 0.943537 0.296086 0.029119 0.051768
