6 0.082741 0.360480 0.039062 0.059343
3 0.022372 0.106692 0.039062 0.059343
3 0.839134 0.259470 0.039062 0.059343
0 0.927557 0.254419 0.068182 0.077020
0 0.571023 0.928662 0.068182 0.077020
4 0.089134 0.465278 0.039062 0.059343
4 0.320668 0.708965 0.039062 0.059343
1 0.180398 0.909722 0.068182 0.077020
7 0.317116 0.351641 0.039062 0.059343
0 0.416193 0.065025 0.068182 0.077020
1 0.926136 0.480429 0.068182 0.077020
5 0.440696 0.537247 0.039062 0.059343
1 0.205966 0.556187 0.068182 0.077020
5 0.074929 0.676136 0.039062 0.059343
3 0.836293 0.522096 0.039062 0.059343
3 0.354759 0.525884 0.039062 0.059343
6 0.787997 0.046086 0.039062 0.059343
7 0.965554 0.835227 0.039062 0.059343
8 0.553622 0.255682 0.039062 0.059343
0 0.715909 0.697601 0.068182 0.077020
