7 0.582741 0.090278 0.039062 0.059343
0 0.820312 0.155934 0.068182 0.077020
4 0.969815 0.898359 0.039062 0.059343
5 0.800781 0.321338 0.039062 0.059343
4 0.599077 0.288510 0.039062 0.059343
0 0.461648 0.267045 0.068182 0.077020
5 0.020241 0.313763 0.039062 0.059343
3 0.413707 0.113005 0.039062 0.059343
8 0.226918 0.905934 0.039062 0.059343
7 0.081321 0.662247 0.039062 0.059343
3 0.307884 0.765783 0.039062 0.059343
5 0.657315 0.472854 0.039062 0.059343
6 0.783026 0.432449 0.039062 0.059343
1 0.203835 0.461490 0.068182 0.077020
5 0.346236 0.456439 0.039062 0.059343
6 0.783026 0.890783 0.039062 0.059343
5 0.322798 0.323864 0.039062 0.059343
0 0.957386 0.551136 0.068182 0.077020
4 0.601207 0.875631 0.039062 0.059343
6 0.680043 0.365530 0.039062 0.059343
5 0.047940 0.440025 0.039062 0.059343
3 0.528054 0.504419 0.039062 0.059343
0 0.960938 0.143308 0.068182 0.077020
1 0.196733 0.066288 0.068182 0.077020
6 0.444957 0.443813 0.039062 0.059343
2 0.187145 0.653409 0.029119 0.051768
4 0.604759 0.698864 0.039062 0.059343
7 0.451349 0.726641 0.039062 0.059343
