6 0.551491 0.635732 0.039062 0.059343
3 0.825639 0.541035 0.039062 0.059343
0 0.711648 0.719066 0.068182 0.077020
3 0.540128 0.357955 0.039062 0.059343
2 0.282315 0.438763 0.029119 0.051768
4 0.437855 0.902146 0.039062 0.059343
4 0.787997 0.309975 0.039062 0.059343
4 0.462713 0.503157 0.039062 0.059343
3 0.033026 0.432449 0.039062 0.059343
7 0.722656 0.160985 0.039062 0.059343
2 0.718395 0.227904 0.029119 0.051768
5 0.296520 0.111742 0.039062 0.059343
5 0.171520 0.260732 0.039062 0.059343
8 0.210582 0.153409 0.039062 0.059343
1 0.568892 0.144571 0.068182 0.077020
3 0.894531 0.438763 0.039062 0.059343
7 0.789418 0.153409 0.039062 0.059343
0 0.957386 0.741793 0.068182 0.077020
3 0.935014 0.359217 0.039062 0.059343
4 0.171520 0.546086 0.039062 0.059343
2 0.521662 0.876894 0.029119 0.051768
6 0.051491 0.749369 0.039062 0.059343
6 0.330611 0.874369 0.039062 0.059343
0 0.056108 0.157197 0.068182 0.077020
4 0.836293 0.910985 0.039062 0.059343
2 0.055753 0.909722 0.029119 0.051768
8 0.778764 0.764520 0.039062 0.059343
5 0.294389 0.745581 0.039062 0.059343
4 0.348366 0.331439 0.039062 0.059343
