0 0.962358 0.695076 0.068182 0.077020
0 0.203125 0.076389 0.068182 0.077020
3 0.177202 0.230429 0.039062 0.059343
5 0.040128 0.529672 0.039062 0.059343
3 0.466264 0.429924 0.039062 0.059343
8 0.785156 0.568813 0.039062 0.059343
5 0.153054 0.503157 0.039062 0.059343
8 0.803622 0.905934 0.039062 0.059343
0 0.570312 0.857955 0.068182 0.077020
6 0.452060 0.851641 0.039062 0.059343
0 0.818892 0.711490 0.068182 0.077020
1 0.063920 0.842803 0.068182 0.077020
3 0.576349 0.337753 0.039062 0.059343
5 0.069957 0.686237 0.039062 0.059343
6 0.151634 0.941288 0.039062 0.059343
2 0.447798 0.663510 0.029119 0.051768
0 0.087358 0.044823 0.068182 0.077020
1 0.950994 0.054924 0.068182 0.077020
2 0.731889 0.246843 0.029119 0.051768
1 0.300426 0.690025 0.068182 0.077020
2 0.299361 0.118056 0.029119 0.051768
6 0.308594 0.253157 0.039062 0.059343
1 0.296875 0.529672 0.068182 0.077020
2 0.729759 0.837753 0.029119 0.051768
4 0.300781 0.883207 0.039062 0.059343
1 0.538352 0.500631 0.068182 0.077020
4 0.068537 0.282197 0.039062 0.059343
2 0.405185 0.251894 0.029119 0.051768
5 0.717685 0.554924 0.039062 0.059343
3 0.471236 0.039773 0.039062 0.059343
4 0.822088 0.235480 0.039062 0.059343
0 0.214489 0.695076 0.068182 0.077020
1 0.681108 0.692551 0.068182 0.077020
5 0.692116 0.166035 0.039062 0.059343
6 0.930043 0.544823 0.039062 0.059343
0 0.573864 0.683712 0.068182 0.077020
5 0.834162 0.164773 0.039062 0.059343
6 0.925781 0.946338 0.039062 0.059343
4 0.958452 0.363005 0.039062 0.059343
8 0.584872 0.123106 0.039062 0.059343
