5 0.194957 0.138258 0.039062 0.059343
3 0.525213 0.360480 0.039062 0.059343
7 0.090554 0.249369 0.039062 0.059343
7 0.783026 0.639520 0.039062 0.059343
4 0.219105 0.557449 0.039062 0.059343
0 0.454545 0.076389 0.068182 0.077020
3 0.222656 0.283460 0.039062 0.059343
3 0.819247 0.859217 0.039062 0.059343
6 0.589844 0.106692 0.039062 0.059343
0 0.315341 0.155934 0.068182 0.077020
4 0.845526 0.456439 0.039062 0.059343
0 0.542614 0.851641 0.068182 0.077020
1 0.305398 0.734217 0.068182 0.077020
5 0.672230 0.523359 0.039062 0.059343
2 0.395952 0.971591 0.029119 0.051768
5 0.917969 0.274621 0.039062 0.059343
3 0.302202 0.831439 0.039062 0.059343
3 0.296520 0.541035 0.039062 0.059343
4 0.462713 0.496843 0.039062 0.059343
0 0.800426 0.340278 0.068182 0.077020
8 0.462713 0.745581 0.039062 0.059343
4 0.450639 0.275884 0.039062 0.059343
6 0.644531 0.153409 0.039062 0.059343
1 0.175426 0.707702 0.068182 0.077020
7 0.202060 0.909722 0.039062 0.059343
5 0.042969 0.881944 0.039062 0.059343
5 0.972656 0.763258 0.039062 0.059343
5 0.570668 0.493056 0.039062 0.059343
5 0.557173 0.681187 0.039062 0.059343
0 0.928977 0.484217 0.068182 0.077020
1 0.058239 0.129419 0.068182 0.077020
4 0.349787 0.333965 0.039062 0.059343
0 0.824574 0.104167 0.068182 0.077020
5 0.695668 0.677399 0.039062 0.059343
7 0.911577 0.043561 0.039062 0.059343
5 0.958452 0.927399 0.039062 0.059343
0 0.079545 0.705177 0.068182 0.077020
0 0.680398 0.928662 0.068182 0.077020
