1 0.812500 0.837753 0.068182 0.077020
1 0.464489 0.253157 0.068182 0.077020
7 0.702770 0.682449 0.039062 0.059343
0 0.946733 0.549874 0.068182 0.077020
6 0.895241 0.246843 0.039062 0.059343
5 0.676491 0.840278 0.039062 0.059343
3 0.160866 0.261995 0.039062 0.059343
4 0.593395 0.255682 0.039062 0.059343
1 0.938920 0.866793 0.068182 0.077020
3 0.459872 0.650884 0.039062 0.059343
7 0.843395 0.035985 0.039062 0.059343
7 0.913707 0.089015 0.039062 0.059343
6 0.599787 0.676136 0.039062 0.059343
6 0.439986 0.839015 0.039062 0.059343
6 0.308594 0.686237 0.039062 0.059343
2 0.105469 0.970328 0.029119 0.051768
1 0.056818 0.326389 0.068182 0.077020
7 0.587003 0.548611 0.039062 0.059343
4 0.724787 0.311237 0.039062 0.059343
4 0.276634 0.940025 0.039062 0.059343
5 0.169389 0.118056 0.039062 0.059343
7 0.826349 0.474116 0.039062 0.059343
3 0.433594 0.113005 0.039062 0.059343
8 0.599077 0.118056 0.039062 0.059343
1 0.540483 0.854167 0.068182 0.077020
5 0.162997 0.475379 0.039062 0.059343
6 0.397372 0.530934 0.039062 0.059343
0 0.340199 0.090278 0.068182 0.077020
5 0.199219 0.628157 0.039062 0.059343
4 0.148793 0.883207 0.039062 0.059343
5 0.277344 0.341540 0.039062 0.059343
8 0.842685 0.245581 0.039062 0.059343
7 0.039418 0.532197 0.039062 0.059343
6 0.800071 0.647096 0.039062 0.059343
4 0.020952 0.035985 0.039062 0.059343
4 0.707031 0.494318 0.039062 0.059343
6 0.305043 0.452652 0.039062 0.059343
1 0.928267 0.682449 0.068182 0.077020
1 0.660511 0.042298 0.068182 0.077020
7 0.070668 0.667298 0.039062 0.059343
