5 0.096946 0.072601 0.039062 0.059343
0 0.958807 0.138258 0.068182 0.077020
1 0.933949 0.660985 0.068182 0.077020
3 0.649503 0.654672 0.039062 0.059343
7 0.447088 0.943813 0.039062 0.059343
5 0.182173 0.082702 0.039062 0.059343
3 0.331321 0.894571 0.039062 0.059343
3 0.648793 0.855429 0.039062 0.059343
2 0.139560 0.647096 0.029119 0.051768
0 0.039062 0.556187 0.068182 0.077020
8 0.841264 0.110480 0.039062 0.059343
1 0.950994 0.951389 0.068182 0.077020
0 0.450994 0.486742 0.068182 0.077020
1 0.586648 0.697601 0.068182 0.077020
5 0.327060 0.726641 0.039062 0.059343
4 0.343395 0.567551 0.039062 0.059343
7 0.292969 0.332702 0.039062 0.059343
4 0.075639 0.697601 0.039062 0.059343
6 0.716264 0.539773 0.039062 0.059343
3 0.975497 0.457702 0.039062 0.059343
3 0.207741 0.894571 0.039062 0.059343
5 0.825639 0.879419 0.039062 0.059343
