6 0.209872 0.073864 0.039062 0.059343
7 0.166548 0.874369 0.039062 0.059343
8 0.331321 0.857955 0.039062 0.059343
1 0.174006 0.284722 0.068182 0.077020
7 0.714134 0.910985 0.039062 0.059343
5 0.291548 0.679924 0.039062 0.059343
5 0.651634 0.034722 0.039062 0.059343
3 0.269531 0.085227 0.039062 0.059343
1 0.572443 0.489268 0.068182 0.077020
7 0.915128 0.097854 0.039062 0.059343
1 0.921875 0.751894 0.068182 0.077020
4 0.194957 0.509470 0.039062 0.059343
6 0.548651 0.029672 0.039062 0.059343
2 0.280185 0.443813 0.029119 0.051768
8 0.843395 0.922348 0.039062 0.059343
0 0.574574 0.360480 0.068182 0.077020
8 0.773082 0.496843 0.039062 0.059343
2 0.780895 0.089015 0.029119 0.051768
2 0.719105 0.361742 0.029119 0.051768
2 0.644531 0.624369 0.029119 0.051768
0 0.202415 0.732955 0.068182 0.077020
1 0.285511 0.256944 0.068182 0.077020
2 0.453480 0.426136 0.029119 0.051768
0 0.789773 0.722854 0.068182 0.077020
5 0.701349 0.525884 0.039062 0.059343
3 0.965554 0.945076 0.039062 0.059343
6 0.478338 0.639520 0.039062 0.059343
6 0.077770 0.494318 0.039062 0.059343
5 0.406605 0.277146 0.039062 0.059343
4 0.579190 0.876894 0.039062 0.059343
3 0.447088 0.945076 0.039062 0.059343
3 0.974077 0.302399 0.039062 0.059343
7 0.025923 0.936237 0.039062 0.059343
1 0.799716 0.302399 0.068182 0.077020
1 0.577415 0.743056 0.068182 0.077020
1 0.052557 0.124369 0.068182 0.077020
2 0.086293 0.770833 0.029119 0.051768
