3 0.685014 0.148359 0.039062 0.059343
1 0.798295 0.048611 0.068182 0.077020
7 0.323509 0.438763 0.039062 0.059343
2 0.910866 0.725379 0.029119 0.051768
3 0.687145 0.508207 0.039062 0.059343
5 0.662287 0.297348 0.039062 0.059343
4 0.403054 0.280934 0.039062 0.059343
2 0.915128 0.424874 0.029119 0.051768
7 0.920810 0.309975 0.039062 0.059343
1 0.055398 0.085227 0.068182 0.077020
7 0.815696 0.743056 0.039062 0.059343
7 0.574929 0.068813 0.039062 0.059343
8 0.331321 0.292298 0.039062 0.059343
8 0.584162 0.476641 0.039062 0.059343
6 0.847656 0.239268 0.039062 0.059343
0 0.790483 0.549874 0.068182 0.077020
2 0.322798 0.705177 0.029119 0.051768
0 0.443182 0.558712 0.068182 0.077020
3 0.900213 0.106692 0.039062 0.059343
0 0.553977 0.682449 0.068182 0.077020
6 0.948509 0.856692 0.039062 0.059343
1 0.417614 0.679924 0.068182 0.077020
1 0.577415 0.924874 0.068182 0.077020
5 0.403054 0.053662 0.039062 0.059343
7 0.596946 0.341540 0.039062 0.059343
5 0.678622 0.863005 0.039062 0.059343
0 0.040483 0.269571 0.068182 0.077020
8 0.190696 0.952652 0.039062 0.059343
5 0.095526 0.506944 0.039062 0.059343
8 0.204190 0.556187 0.039062 0.059343
2 0.178622 0.309975 0.029119 0.051768
2 0.042259 0.876894 0.029119 0.051768
