0 0.337358 0.317551 0.068182 0.077020
6 0.395241 0.347854 0.039062 0.059343
3 0.712713 0.270833 0.039062 0.059343
3 0.830611 0.317551 0.039062 0.059343
8 0.704190 0.083965 0.039062 0.059343
8 0.052912 0.859217 0.039062 0.059343
8 0.223366 0.509470 0.039062 0.059343
2 0.458452 0.861742 0.029119 0.051768
8 0.070668 0.486742 0.039062 0.059343
7 0.577060 0.946338 0.039062 0.059343
6 0.935014 0.495581 0.039062 0.059343
0 0.328835 0.092803 0.068182 0.077020
6 0.172940 0.643308 0.039062 0.059343
1 0.813920 0.503157 0.068182 0.077020
1 0.913352 0.684975 0.068182 0.077020
1 0.088068 0.642045 0.068182 0.077020
4 0.342685 0.556187 0.039062 0.059343
5 0.715554 0.883207 0.039062 0.059343
8 0.598366 0.315025 0.039062 0.059343
5 0.196378 0.236742 0.039062 0.059343
1 0.909801 0.946338 0.068182 0.077020
8 0.552912 0.659722 0.039062 0.059343
3 0.442116 0.533460 0.039062 0.059343
4 0.781605 0.863005 0.039062 0.059343
5 0.829901 0.138258 0.039062 0.059343
1 0.928267 0.292298 0.068182 0.077020
2 0.856889 0.717803 0.029119 0.051768
4 0.337713 0.921086 0.039062 0.059343
8 0.167969 0.078914 0.039062 0.059343
6 0.290128 0.657197 0.039062 0.059343
2 0.082031 0.308712 0.029119 0.051768
5 0.595526 0.080177 0.039062 0.059343
1 0.204545 0.888258 0.068182 0.077020
2 0.458452 0.729167 0.029119 0.051768
4 0.554332 0.470328 0.039062 0.059343
2 0.702770 0.631944 0.029119 0.051768
7 0.464844 0.105429 0.039062 0.059343
