1 0.213068 0.667298 0.068182 0.077020
3 0.281605 0.109217 0.039062 0.059343
0 0.562500 0.357955 0.068182 0.077020
1 0.580256 0.532197 0.068182 0.077020
8 0.847656 0.655934 0.039062 0.059343
5 0.396662 0.083965 0.039062 0.059343
3 0.084872 0.908460 0.039062 0.059343
0 0.423295 0.870581 0.068182 0.077020
6 0.973366 0.688763 0.039062 0.059343
6 0.159446 0.541035 0.039062 0.059343
1 0.335938 0.499369 0.068182 0.077020
5 0.341974 0.352904 0.039062 0.059343
4 0.089844 0.097854 0.039062 0.059343
0 0.210938 0.929924 0.068182 0.077020
0 0.941051 0.927399 0.068182 0.077020
7 0.947088 0.296086 0.039062 0.059343
1 0.213068 0.323864 0.068182 0.077020
0 0.711648 0.527146 0.068182 0.077020
3 0.474077 0.754419 0.039062 0.059343
4 0.208452 0.041035 0.039062 0.059343
0 0.034091 0.756944 0.068182 0.077020
2 0.442827 0.263258 0.029119 0.051768
