0 0.677557 0.895833 0.068182 0.077020
0 0.545455 0.452652 0.068182 0.077020
3 0.810014 0.131944 0.039062 0.059343
7 0.181463 0.840278 0.039062 0.059343
6 0.954190 0.434975 0.039062 0.059343
1 0.445312 0.243056 0.068182 0.077020
2 0.059304 0.467803 0.029119 0.051768
7 0.952060 0.154672 0.039062 0.059343
7 0.147372 0.667298 0.039062 0.059343
2 0.088423 0.668561 0.029119 0.051768
5 0.334872 0.166035 0.039062 0.059343
6 0.708452 0.277146 0.039062 0.059343
2 0.026634 0.136995 0.029119 0.051768
4 0.838423 0.309975 0.039062 0.059343
4 0.343395 0.658460 0.039062 0.059343
7 0.687145 0.719066 0.039062 0.059343
4 0.179332 0.322601 0.039062 0.059343
4 0.550071 0.953914 0.039062 0.059343
2 0.782315 0.684975 0.029119 0.051768
8 0.432173 0.951389 0.039062 0.059343
1 0.062500 0.350379 0.068182 0.077020
1 0.077415 0.881944 0.068182 0.077020
7 0.311435 0.428662 0.039062 0.059343
1 0.535511 0.099116 0.068182 0.077020
1 0.936790 0.238005 0.068182 0.077020
0 0.340909 0.913510 0.068182 0.077020
8 0.182884 0.123106 0.039062 0.059343
3 0.401634 0.630682 0.039062 0.059343
