2 0.037287 0.957702 0.029119 0.051768
7 0.792259 0.541035 0.039062 0.059343
5 0.726918 0.104167 0.039062 0.059343
2 0.648082 0.249369 0.029119 0.051768
4 0.841264 0.297348 0.039062 0.059343
0 0.806108 0.849116 0.068182 0.077020
6 0.551491 0.528409 0.039062 0.059343
0 0.058949 0.750631 0.068182 0.077020
0 0.325994 0.467803 0.068182 0.077020
8 0.040838 0.081439 0.039062 0.059343
8 0.524503 0.750631 0.039062 0.059343
5 0.462713 0.106692 0.039062 0.059343
4 0.437145 0.860480 0.039062 0.059343
2 0.968395 0.566288 0.029119 0.051768
0 0.299716 0.120581 0.068182 0.077020
8 0.078480 0.256944 0.039062 0.059343
8 0.579190 0.139520 0.039062 0.059343
2 0.980469 0.875631 0.029119 0.051768
8 0.145952 0.234217 0.039062 0.059343
1 0.430398 0.292298 0.068182 0.077020
