5 0.796520 0.346591 0.039062 0.059343
7 0.462713 0.687500 0.039062 0.059343
2 0.825639 0.035985 0.029119 0.051768
0 0.315341 0.482955 0.068182 0.077020
5 0.437145 0.460227 0.039062 0.059343
0 0.063210 0.515783 0.068182 0.077020
5 0.962003 0.500631 0.039062 0.059343
7 0.199929 0.943813 0.039062 0.059343
4 0.797230 0.764520 0.039062 0.059343
7 0.697088 0.232955 0.039062 0.059343
2 0.446378 0.918561 0.029119 0.051768
0 0.801136 0.495581 0.068182 0.077020
5 0.689986 0.489268 0.039062 0.059343
0 0.453125 0.092803 0.068182 0.077020
1 0.936080 0.678662 0.068182 0.077020
5 0.601207 0.095328 0.039062 0.059343
6 0.148793 0.768308 0.039062 0.059343
3 0.683594 0.089015 0.039062 0.059343
4 0.560724 0.557449 0.039062 0.059343
8 0.218395 0.453914 0.039062 0.059343
5 0.920099 0.955177 0.039062 0.059343
2 0.189276 0.057449 0.029119 0.051768
8 0.550781 0.328914 0.039062 0.059343
2 0.059304 0.245581 0.029119 0.051768
3 0.469105 0.239268 0.039062 0.059343
7 0.304332 0.241793 0.039062 0.059343
7 0.571378 0.682449 0.039062 0.059343
4 0.807884 0.905934 0.039062 0.059343
3 0.351918 0.063763 0.039062 0.059343
3 0.593395 0.830177 0.039062 0.059343
7 0.230469 0.241793 0.039062 0.059343
8 0.092685 0.716540 0.039062 0.059343
6 0.653764 0.857955 0.039062 0.059343
7 0.064986 0.168561 0.039062 0.059343
8 0.935014 0.292298 0.039062 0.059343
2 0.087003 0.850379 0.029119 0.051768
6 0.305043 0.727904 0.039062 0.059343
3 0.917969 0.058712 0.039062 0.059343
5 0.280185 0.881944 0.039062 0.059343
4 0.718395 0.644571 0.039062 0.059343
