5 0.158026 0.933712 0.039062 0.059343
3 0.439276 0.279672 0.039062 0.059343
0 0.083807 0.539773 0.068182 0.077020
7 0.172940 0.514520 0.039062 0.059343
1 0.559659 0.943813 0.068182 0.077020
3 0.275213 0.229167 0.039062 0.059343
7 0.538707 0.687500 0.039062 0.059343
7 0.344105 0.647096 0.039062 0.059343
2 0.099787 0.717803 0.029119 0.051768
5 0.914418 0.049874 0.039062 0.059343
0 0.965909 0.327652 0.068182 0.077020
1 0.786222 0.250631 0.068182 0.077020
1 0.823153 0.546086 0.068182 0.077020
0 0.820312 0.883207 0.068182 0.077020
6 0.047940 0.277146 0.039062 0.059343
8 0.589844 0.344066 0.039062 0.059343
1 0.291193 0.450126 0.068182 0.077020
3 0.707031 0.852904 0.039062 0.059343
3 0.697088 0.070076 0.039062 0.059343
8 0.301491 0.048611 0.039062 0.059343
3 0.042259 0.842803 0.039062 0.059343
7 0.062855 0.160985 0.039062 0.059343
0 0.584517 0.498106 0.068182 0.077020
8 0.912997 0.905934 0.039062 0.059343
0 0.912642 0.696338 0.068182 0.077020
