1 0.441051 0.038510 0.068182 0.077020
7 0.548651 0.643308 0.039062 0.059343
8 0.065696 0.950126 0.039062 0.059343
0 0.084517 0.086490 0.068182 0.077020
8 0.839844 0.283460 0.039062 0.059343
8 0.596236 0.058712 0.039062 0.059343
2 0.189276 0.760732 0.029119 0.051768
0 0.575284 0.924874 0.068182 0.077020
8 0.572088 0.309975 0.039062 0.059343
1 0.951705 0.744318 0.068182 0.077020
6 0.184304 0.054924 0.039062 0.059343
6 0.228338 0.464015 0.039062 0.059343
8 0.805753 0.567551 0.039062 0.059343
5 0.337003 0.291035 0.039062 0.059343
0 0.962358 0.097854 0.068182 0.077020
1 0.421165 0.861742 0.068182 0.077020
5 0.297230 0.432449 0.039062 0.059343
4 0.662287 0.940025 0.039062 0.059343
5 0.194957 0.833965 0.039062 0.059343
1 0.314631 0.676136 0.068182 0.077020
1 0.959517 0.931187 0.068182 0.077020
3 0.704901 0.710227 0.039062 0.059343
3 0.962003 0.472854 0.039062 0.059343
7 0.341974 0.062500 0.039062 0.059343
4 0.678622 0.239268 0.039062 0.059343
8 0.290838 0.890783 0.039062 0.059343
7 0.661577 0.465278 0.039062 0.059343
6 0.441406 0.767045 0.039062 0.059343
0 0.699574 0.157197 0.068182 0.077020
6 0.103338 0.480429 0.039062 0.059343
