2 0.593395 0.027146 0.029119 0.051768
8 0.914418 0.508207 0.039062 0.059343
1 0.453835 0.134470 0.068182 0.077020
2 0.644531 0.293561 0.029119 0.051768
3 0.834872 0.256944 0.039062 0.059343
4 0.050071 0.130682 0.039062 0.059343
4 0.574219 0.328914 0.039062 0.059343
8 0.537287 0.498106 0.039062 0.059343
8 0.972656 0.870581 0.039062 0.059343
6 0.203480 0.638258 0.039062 0.059343
7 0.192827 0.083965 0.039062 0.059343
3 0.059304 0.849116 0.039062 0.059343
4 0.459872 0.474116 0.039062 0.059343
5 0.692827 0.118056 0.039062 0.059343
2 0.719815 0.873106 0.029119 0.051768
5 0.194247 0.337753 0.039062 0.059343
8 0.417259 0.734217 0.039062 0.059343
0 0.801136 0.943813 0.068182 0.077020
6 0.069957 0.559975 0.039062 0.059343
3 0.468395 0.326389 0.039062 0.059343
2 0.351918 0.732955 0.029119 0.051768
6 0.796520 0.528409 0.039062 0.059343
2 0.966264 0.748106 0.029119 0.051768
1 0.289062 0.931187 0.068182 0.077020
1 0.208097 0.501894 0.068182 0.077020
4 0.305753 0.304924 0.039062 0.059343
7 0.319957 0.538510 0.039062 0.059343
4 0.313565 0.107955 0.039062 0.059343
0 0.534091 0.716540 0.068182 0.077020
8 0.060014 0.693813 0.039062 0.059343
7 0.160866 0.961490 0.039062 0.059343
3 0.925071 0.160985 0.039062 0.059343
6 0.572088 0.871843 0.039062 0.059343
5 0.855469 0.102904 0.039062 0.059343
0 0.086648 0.279672 0.068182 0.077020
7 0.702060 0.642045 0.039062 0.059343
5 0.405895 0.913510 0.039062 0.059343
5 0.725497 0.558712 0.039062 0.059343
1 0.928267 0.351641 0.068182 0.077020
