6 0.532315 0.111742 0.039062 0.059343
5 0.679332 0.758207 0.039062 0.059343
8 0.296520 0.274621 0.039062 0.059343
5 0.924361 0.051136 0.039062 0.059343
2 0.268821 0.114268 0.029119 0.051768
1 0.833807 0.917298 0.068182 0.077020
8 0.594815 0.909722 0.039062 0.059343
7 0.808594 0.336490 0.039062 0.059343
1 0.197443 0.038510 0.068182 0.077020
8 0.158026 0.678662 0.039062 0.059343
6 0.581321 0.313763 0.039062 0.059343
3 0.961293 0.565025 0.039062 0.059343
3 0.707031 0.303662 0.039062 0.059343
7 0.788707 0.767045 0.039062 0.059343
5 0.464844 0.859217 0.039062 0.059343
0 0.715199 0.081439 0.068182 0.077020
7 0.696378 0.517045 0.039062 0.059343
3 0.457031 0.033460 0.039062 0.059343
3 0.344815 0.525884 0.039062 0.059343
3 0.977628 0.236742 0.039062 0.059343
8 0.582741 0.514520 0.039062 0.059343
3 0.579901 0.659722 0.039062 0.059343
5 0.834872 0.101641 0.039062 0.059343
4 0.028054 0.857955 0.039062 0.059343
