6 0.035156 0.166035 0.039062 0.059343
2 0.518821 0.743056 0.029119 0.051768
8 0.063565 0.523359 0.039062 0.059343
3 0.094815 0.873106 0.039062 0.059343
4 0.197088 0.123106 0.039062 0.059343
4 0.163707 0.741793 0.039062 0.059343
5 0.782315 0.070076 0.039062 0.059343
3 0.428622 0.481692 0.039062 0.059343
5 0.347656 0.873106 0.039062 0.059343
8 0.680753 0.678662 0.039062 0.059343
6 0.428622 0.700126 0.039062 0.059343
3 0.726918 0.943813 0.039062 0.059343
3 0.547940 0.539773 0.039062 0.059343
2 0.287287 0.249369 0.029119 0.051768
6 0.716974 0.268308 0.039062 0.059343
7 0.398793 0.368056 0.039062 0.059343
4 0.786577 0.681187 0.039062 0.059343
0 0.946023 0.744318 0.068182 0.077020
3 0.024503 0.301136 0.039062 0.059343
6 0.173651 0.851641 0.039062 0.059343
4 0.523793 0.107955 0.039062 0.059343
5 0.052202 0.724116 0.039062 0.059343
6 0.947798 0.057449 0.039062 0.059343
7 0.432173 0.913510 0.039062 0.059343
2 0.476918 0.062500 0.029119 0.051768
3 0.773793 0.292298 0.039062 0.059343
1 0.183949 0.341540 0.068182 0.077020
0 0.568892 0.354167 0.068182 0.077020
8 0.542259 0.854167 0.039062 0.059343
8 0.818537 0.898359 0.039062 0.059343
2 0.854759 0.438763 0.029119 0.051768
3 0.922940 0.368056 0.039062 0.059343
1 0.325994 0.645833 0.068182 0.077020
2 0.663707 0.142045 0.029119 0.051768
0 0.329545 0.128157 0.068182 0.077020
8 0.965554 0.541035 0.039062 0.059343
4 0.956321 0.908460 0.039062 0.059343
