0 0.534801 0.750631 0.068182 0.077020
2 0.689986 0.331439 0.029119 0.051768
2 0.481889 0.365530 0.029119 0.051768
4 0.072088 0.904672 0.039062 0.059343
1 0.958097 0.336490 0.068182 0.077020
3 0.178622 0.871843 0.039062 0.059343
8 0.210582 0.089015 0.039062 0.059343
8 0.691406 0.441288 0.039062 0.059343
5 0.452770 0.725379 0.039062 0.059343
4 0.604759 0.249369 0.039062 0.059343
1 0.181108 0.700126 0.068182 0.077020
8 0.291548 0.309975 0.039062 0.059343
1 0.544034 0.557449 0.068182 0.077020
5 0.972656 0.732955 0.039062 0.059343
4 0.832031 0.460227 0.039062 0.059343
2 0.814986 0.934975 0.029119 0.051768
2 0.420099 0.124369 0.029119 0.051768
7 0.309304 0.952652 0.039062 0.059343
8 0.189276 0.323864 0.039062 0.059343
3 0.309304 0.735480 0.039062 0.059343
7 0.049361 0.035985 0.039062 0.059343
2 0.710582 0.721591 0.029119 0.051768
7 0.440696 0.471591 0.039062 0.059343
1 0.961648 0.852904 0.068182 0.077020
0 0.698153 0.863005 0.068182 0.077020
8 0.063565 0.682449 0.039062 0.059343
4 0.520952 0.956439 0.039062 0.059343
7 0.854048 0.134470 0.039062 0.059343
7 0.681463 0.030934 0.039062 0.059343
5 0.952770 0.433712 0.039062 0.059343
1 0.821733 0.259470 0.068182 0.077020
4 0.459872 0.921086 0.039062 0.059343
1 0.539062 0.086490 0.068182 0.077020
