2 0.572088 0.565025 0.029119 0.051768
5 0.208452 0.662247 0.039062 0.059343
3 0.952770 0.291035 0.039062 0.059343
0 0.549006 0.284722 0.068182 0.077020
4 0.101918 0.462753 0.039062 0.059343
1 0.450994 0.052399 0.068182 0.077020
3 0.275213 0.631944 0.039062 0.059343
4 0.164418 0.164773 0.039062 0.059343
0 0.421875 0.836490 0.068182 0.077020
2 0.359730 0.869318 0.029119 0.051768
4 0.537287 0.033460 0.039062 0.059343
7 0.060724 0.283460 0.039062 0.059343
1 0.802557 0.893308 0.068182 0.077020
7 0.785156 0.289773 0.039062 0.059343
7 0.466264 0.312500 0.039062 0.059343
7 0.910156 0.032197 0.039062 0.059343
3 0.337003 0.046086 0.039062 0.059343
5 0.594105 0.697601 0.039062 0.059343
1 0.055398 0.157197 0.068182 0.077020
3 0.922230 0.448864 0.039062 0.059343
3 0.728338 0.924874 0.039062 0.059343
8 0.784446 0.471591 0.039062 0.059343
3 0.069957 0.903409 0.039062 0.059343
7 0.322088 0.287247 0.039062 0.059343
1 0.786932 0.073864 0.068182 0.077020
4 0.687145 0.541035 0.039062 0.059343
6 0.151634 0.563763 0.039062 0.059343
1 0.075994 0.695076 0.068182 0.077020
2 0.557884 0.926136 0.029119 0.051768
2 0.917969 0.940025 0.029119 0.051768
1 0.194602 0.875631 0.068182 0.077020
