2 0.181463 0.106692 0.029119 0.051768
1 0.689631 0.688763 0.068182 0.077020
3 0.707031 0.101641 0.039062 0.059343
6 0.099077 0.837753 0.039062 0.059343
8 0.598366 0.092803 0.039062 0.059343
8 0.219105 0.529672 0.039062 0.059343
1 0.284801 0.136995 0.068182 0.077020
8 0.447088 0.533460 0.039062 0.059343
3 0.978338 0.740530 0.039062 0.059343
4 0.665838 0.854167 0.039062 0.059343
1 0.042614 0.308712 0.068182 0.077020
8 0.283736 0.527146 0.039062 0.059343
4 0.183594 0.277146 0.039062 0.059343
0 0.834517 0.888258 0.068182 0.077020
3 0.951349 0.943813 0.039062 0.059343
5 0.777344 0.636995 0.039062 0.059343
5 0.299361 0.958965 0.039062 0.059343
8 0.600497 0.278409 0.039062 0.059343
2 0.954190 0.027146 0.029119 0.051768
2 0.458452 0.133207 0.029119 0.051768
8 0.797940 0.441288 0.039062 0.059343
6 0.294389 0.244318 0.039062 0.059343
8 0.421520 0.874369 0.039062 0.059343
0 0.421875 0.653409 0.068182 0.077020
