5 0.344815 0.062500 0.039062 0.059343
3 0.678622 0.506944 0.039062 0.059343
5 0.556463 0.134470 0.039062 0.059343
0 0.692472 0.955177 0.068182 0.077020
6 0.577770 0.655934 0.039062 0.059343
7 0.210582 0.048611 0.039062 0.059343
4 0.849787 0.298611 0.039062 0.059343
2 0.826349 0.067551 0.029119 0.051768
4 0.162997 0.291035 0.039062 0.059343
7 0.804332 0.855429 0.039062 0.059343
8 0.057884 0.451389 0.039062 0.059343
3 0.445668 0.722854 0.039062 0.059343
2 0.347656 0.299874 0.029119 0.051768
5 0.966974 0.118056 0.039062 0.059343
2 0.466264 0.501894 0.029119 0.051768
0 0.064631 0.897096 0.068182 0.077020
8 0.346946 0.562500 0.039062 0.059343
1 0.339489 0.673611 0.068182 0.077020
6 0.557173 0.943813 0.039062 0.059343
4 0.966264 0.505682 0.039062 0.059343
1 0.710227 0.735480 0.068182 0.077020
1 0.713778 0.134470 0.068182 0.077020
