3 0.334872 0.748106 0.039062 0.059343
3 0.466974 0.903409 0.039062 0.059343
4 0.906605 0.244318 0.039062 0.059343
4 0.400923 0.235480 0.039062 0.059343
3 0.964134 0.960227 0.039062 0.059343
1 0.924006 0.730429 0.068182 0.077020
2 0.060014 0.558712 0.029119 0.051768
6 0.775923 0.496843 0.039062 0.059343
3 0.723366 0.320076 0.039062 0.059343
5 0.667969 0.552399 0.039062 0.059343
7 0.038707 0.139520 0.039062 0.059343
3 0.651634 0.128157 0.039062 0.059343
4 0.071378 0.950126 0.039062 0.059343
7 0.980469 0.118056 0.039062 0.059343
3 0.773793 0.121843 0.039062 0.059343
4 0.214134 0.437500 0.039062 0.059343
8 0.187855 0.272096 0.039062 0.059343
2 0.165838 0.734217 0.029119 0.051768
7 0.535156 0.874369 0.039062 0.059343
1 0.304688 0.296086 0.068182 0.077020
6 0.811435 0.726641 0.039062 0.059343
8 0.058594 0.308712 0.039062 0.059343
8 0.314276 0.869318 0.039062 0.059343
6 0.354048 0.104167 0.039062 0.059343
1 0.915483 0.470328 0.068182 0.077020
4 0.149503 0.958965 0.039062 0.059343
6 0.597656 0.634470 0.039062 0.059343
2 0.471236 0.485480 0.029119 0.051768
3 0.540838 0.282197 0.039062 0.059343
