3 0.903764 0.549874 0.039062 0.059343
5 0.824929 0.077652 0.039062 0.059343
8 0.296520 0.844066 0.039062 0.059343
2 0.672940 0.671086 0.029119 0.051768
5 0.175781 0.565025 0.039062 0.059343
7 0.081321 0.299874 0.039062 0.059343
2 0.338423 0.628157 0.029119 0.051768
7 0.584162 0.306187 0.039062 0.059343
5 0.939986 0.263258 0.039062 0.059343
2 0.695668 0.971591 0.029119 0.051768
5 0.301491 0.363005 0.039062 0.059343
4 0.846946 0.326389 0.039062 0.059343
3 0.908026 0.732955 0.039062 0.059343
8 0.226207 0.827652 0.039062 0.059343
4 0.841974 0.764520 0.039062 0.059343
5 0.316406 0.485480 0.039062 0.059343
4 0.683594 0.090278 0.039062 0.059343
5 0.415128 0.962753 0.039062 0.059343
7 0.676491 0.445076 0.039062 0.059343
4 0.019531 0.480429 0.039062 0.059343
1 0.554688 0.923611 0.068182 0.077020
6 0.579901 0.686237 0.039062 0.059343
4 0.189276 0.140783 0.039062 0.059343
7 0.050781 0.125631 0.039062 0.059343
