3 0.604048 0.124369 0.039062 0.059343
8 0.437855 0.629419 0.039062 0.059343
2 0.404474 0.509470 0.029119 0.051768
3 0.406605 0.299874 0.039062 0.059343
7 0.341264 0.926136 0.039062 0.059343
5 0.689276 0.239268 0.039062 0.059343
8 0.598366 0.443813 0.039062 0.059343
2 0.033026 0.711490 0.029119 0.051768
1 0.566051 0.883207 0.068182 0.077020
2 0.033026 0.570076 0.029119 0.051768
6 0.316406 0.479167 0.039062 0.059343
4 0.105469 0.326389 0.039062 0.059343
4 0.954190 0.639520 0.039062 0.059343
1 0.068892 0.889520 0.068182 0.077020
6 0.827770 0.111742 0.039062 0.059343
4 0.692827 0.918561 0.039062 0.059343
4 0.826349 0.325126 0.039062 0.059343
7 0.307884 0.037247 0.039062 0.059343
7 0.808594 0.934975 0.039062 0.059343
7 0.025923 0.077652 0.039062 0.059343
0 0.307528 0.751894 0.068182 0.077020
5 0.942116 0.284722 0.039062 0.059343
0 0.701705 0.458965 0.068182 0.077020
8 0.596946 0.764520 0.039062 0.059343
2 0.523082 0.311237 0.029119 0.051768
7 0.190696 0.961490 0.039062 0.059343
4 0.951349 0.044823 0.039062 0.059343
2 0.803622 0.741793 0.029119 0.051768
3 0.780185 0.442551 0.039062 0.059343
5 0.148082 0.342803 0.039062 0.059343
