8 0.956321 0.279672 0.039062 0.059343
6 0.454190 0.852904 0.039062 0.059343
1 0.582386 0.523359 0.068182 0.077020
1 0.543324 0.241793 0.068182 0.077020
6 0.530895 0.889520 0.039062 0.059343
2 0.047230 0.570076 0.029119 0.051768
0 0.446733 0.744318 0.068182 0.077020
5 0.788707 0.706439 0.039062 0.059343
4 0.290838 0.519571 0.039062 0.059343
6 0.564986 0.057449 0.039062 0.059343
3 0.425781 0.133207 0.039062 0.059343
2 0.458452 0.571338 0.029119 0.051768
8 0.077770 0.327652 0.039062 0.059343
4 0.791548 0.470328 0.039062 0.059343
2 0.795810 0.251894 0.029119 0.051768
0 0.919744 0.539773 0.068182 0.077020
5 0.332741 0.280934 0.039062 0.059343
3 0.091264 0.144571 0.039062 0.059343
4 0.433594 0.274621 0.039062 0.059343
5 0.097656 0.861742 0.039062 0.059343
8 0.650213 0.113005 0.039062 0.059343
0 0.666193 0.928662 0.068182 0.077020
1 0.676847 0.245581 0.068182 0.077020
1 0.164062 0.071338 0.068182 0.077020
4 0.354048 0.952652 0.039062 0.059343
3 0.803622 0.091540 0.039062 0.059343
1 0.920455 0.645833 0.068182 0.077020
3 0.721946 0.434975 0.039062 0.059343
3 0.948509 0.943813 0.039062 0.059343
3 0.320668 0.749369 0.039062 0.059343
3 0.540838 0.647096 0.039062 0.059343
5 0.809304 0.861742 0.039062 0.059343
7 0.931463 0.131944 0.039062 0.059343
