3 0.545099 0.707702 0.039062 0.059343
6 0.273082 0.674874 0.039062 0.059343
0 0.295455 0.515783 0.068182 0.077020
4 0.149503 0.650884 0.039062 0.059343
3 0.974077 0.123106 0.039062 0.059343
2 0.641690 0.505682 0.029119 0.051768
7 0.909446 0.291035 0.039062 0.059343
4 0.407315 0.926136 0.039062 0.059343
8 0.830611 0.546086 0.039062 0.059343
6 0.922940 0.900884 0.039062 0.059343
0 0.421165 0.681187 0.068182 0.077020
3 0.212003 0.126894 0.039062 0.059343
8 0.316406 0.267045 0.039062 0.059343
6 0.939276 0.684975 0.039062 0.059343
3 0.019531 0.715278 0.039062 0.059343
7 0.822798 0.143308 0.039062 0.059343
7 0.805753 0.239268 0.039062 0.059343
1 0.589489 0.839015 0.068182 0.077020
2 0.980469 0.452652 0.029119 0.051768
0 0.293324 0.931187 0.068182 0.077020
6 0.098366 0.253157 0.039062 0.059343
8 0.194247 0.360480 0.039062 0.059343
3 0.060014 0.479167 0.039062 0.059343
8 0.777344 0.927399 0.039062 0.059343
8 0.480469 0.248106 0.039062 0.059343
2 0.693537 0.852904 0.029119 0.051768
2 0.446378 0.553662 0.029119 0.051768
0 0.711648 0.107955 0.068182 0.077020
6 0.664418 0.761995 0.039062 0.059343
6 0.844105 0.692551 0.039062 0.059343
4 0.480469 0.104167 0.039062 0.059343
8 0.594815 0.493056 0.039062 0.059343
1 0.573864 0.149621 0.068182 0.077020
1 0.213778 0.913510 0.068182 0.077020
