6 0.810014 0.511995 0.039062 0.059343
2 0.724787 0.504419 0.029119 0.051768
3 0.204901 0.556187 0.039062 0.059343
1 0.574574 0.315025 0.068182 0.077020
5 0.973366 0.113005 0.039062 0.059343
6 0.564986 0.552399 0.039062 0.059343
6 0.787287 0.868056 0.039062 0.059343
1 0.041903 0.239268 0.068182 0.077020
1 0.919744 0.304924 0.068182 0.077020
1 0.315341 0.932449 0.068182 0.077020
1 0.678977 0.143308 0.068182 0.077020
7 0.810724 0.143308 0.039062 0.059343
3 0.189986 0.325126 0.039062 0.059343
7 0.921520 0.696338 0.039062 0.059343
1 0.934659 0.861742 0.068182 0.077020
6 0.785156 0.724116 0.039062 0.059343
2 0.678622 0.938763 0.029119 0.051768
6 0.305753 0.065025 0.039062 0.059343
0 0.578835 0.142045 0.068182 0.077020
2 0.834872 0.360480 0.029119 0.051768
8 0.344105 0.551136 0.039062 0.059343
5 0.649503 0.369318 0.039062 0.059343
1 0.588778 0.664773 0.068182 0.077020
4 0.340554 0.719066 0.039062 0.059343
0 0.686080 0.655934 0.068182 0.077020
6 0.900213 0.544823 0.039062 0.059343
4 0.096946 0.134470 0.039062 0.059343
3 0.072088 0.921086 0.039062 0.059343
