3 0.462713 0.662247 0.039062 0.059343
1 0.210227 0.102904 0.068182 0.077020
1 0.416193 0.903409 0.068182 0.077020
2 0.028764 0.494318 0.029119 0.051768
2 0.956321 0.145833 0.029119 0.051768
8 0.270241 0.945076 0.039062 0.059343
4 0.783736 0.434975 0.039062 0.059343
3 0.329901 0.432449 0.039062 0.059343
5 0.102628 0.337753 0.039062 0.059343
4 0.584872 0.743056 0.039062 0.059343
5 0.456321 0.111742 0.039062 0.059343
3 0.079190 0.892045 0.039062 0.059343
7 0.276634 0.092803 0.039062 0.059343
3 0.451349 0.356692 0.039062 0.059343
3 0.074929 0.153409 0.039062 0.059343
1 0.688920 0.136995 0.068182 0.077020
6 0.523793 0.508207 0.039062 0.059343
4 0.677202 0.365530 0.039062 0.059343
8 0.965554 0.738005 0.039062 0.059343
2 0.302912 0.734217 0.029119 0.051768
8 0.845526 0.267045 0.039062 0.059343
4 0.570668 0.333965 0.039062 0.059343
7 0.209162 0.671086 0.039062 0.059343
