4 0.590554 0.448864 0.039062 0.059343
4 0.807884 0.956439 0.039062 0.059343
0 0.566051 0.671086 0.068182 0.077020
2 0.429332 0.258207 0.029119 0.051768
6 0.150923 0.900884 0.039062 0.059343
1 0.318182 0.894571 0.068182 0.077020
5 0.931463 0.548611 0.039062 0.059343
2 0.329901 0.433712 0.029119 0.051768
1 0.712358 0.327652 0.068182 0.077020
6 0.089844 0.465278 0.039062 0.059343
0 0.707386 0.738005 0.068182 0.077020
5 0.055043 0.847854 0.039062 0.059343
4 0.979048 0.643308 0.039062 0.059343
2 0.799361 0.370581 0.029119 0.051768
5 0.147372 0.522096 0.039062 0.059343
4 0.329190 0.731692 0.039062 0.059343
5 0.902344 0.902146 0.039062 0.059343
1 0.798295 0.469066 0.068182 0.077020
7 0.269531 0.363005 0.039062 0.059343
5 0.952060 0.094066 0.039062 0.059343
7 0.706321 0.096591 0.039062 0.059343
1 0.671165 0.499369 0.068182 0.077020
3 0.834872 0.756944 0.039062 0.059343
4 0.105469 0.346591 0.039062 0.059343
7 0.229759 0.690025 0.039062 0.059343
1 0.567472 0.267045 0.068182 0.077020
2 0.070668 0.691288 0.029119 0.051768
0 0.424716 0.091540 0.068182 0.077020
1 0.164773 0.115530 0.068182 0.077020
5 0.219105 0.297348 0.039062 0.059343
3 0.522372 0.903409 0.039062 0.059343
7 0.351207 0.114268 0.039062 0.059343
1 0.450284 0.724116 0.068182 0.077020
3 0.074929 0.166035 0.039062 0.059343
