3 0.460582 0.736742 0.039062 0.059343
0 0.166193 0.240530 0.068182 0.077020
2 0.568537 0.932449 0.029119 0.051768
5 0.467685 0.307449 0.039062 0.059343
1 0.046875 0.287247 0.068182 0.077020
3 0.933594 0.235480 0.039062 0.059343
5 0.896662 0.874369 0.039062 0.059343
1 0.446023 0.043561 0.068182 0.077020
0 0.322443 0.558712 0.068182 0.077020
6 0.790128 0.918561 0.039062 0.059343
1 0.414062 0.527146 0.068182 0.077020
0 0.588068 0.134470 0.068182 0.077020
5 0.839844 0.153409 0.039062 0.059343
6 0.852628 0.707702 0.039062 0.059343
2 0.895952 0.640783 0.029119 0.051768
6 0.653764 0.446338 0.039062 0.059343
5 0.697798 0.650884 0.039062 0.059343
8 0.701349 0.312500 0.039062 0.059343
2 0.274503 0.340278 0.029119 0.051768
6 0.690696 0.075126 0.039062 0.059343
4 0.530185 0.328914 0.039062 0.059343
3 0.430043 0.841540 0.039062 0.059343
5 0.223366 0.739268 0.039062 0.059343
3 0.284446 0.662247 0.039062 0.059343
