1 0.331676 0.437500 0.068182 0.077020
4 0.927912 0.142045 0.039062 0.059343
8 0.040128 0.089015 0.039062 0.059343
2 0.853338 0.148359 0.029119 0.051768
2 0.552912 0.938763 0.029119 0.051768
8 0.699929 0.494318 0.039062 0.059343
6 0.432173 0.741793 0.039062 0.059343
3 0.792259 0.349116 0.039062 0.059343
5 0.946378 0.332702 0.039062 0.059343
4 0.806463 0.720328 0.039062 0.059343
0 0.539062 0.729167 0.068182 0.077020
8 0.053622 0.912247 0.039062 0.059343
4 0.595526 0.328914 0.039062 0.059343
8 0.701349 0.356692 0.039062 0.059343
3 0.526634 0.537247 0.039062 0.059343
3 0.910156 0.481692 0.039062 0.059343
1 0.174716 0.054924 0.068182 0.077020
1 0.698864 0.739268 0.068182 0.077020
0 0.412642 0.056187 0.068182 0.077020
6 0.478338 0.477904 0.039062 0.059343
6 0.323509 0.903409 0.039062 0.059343
7 0.824219 0.830177 0.039062 0.059343
6 0.221236 0.696338 0.039062 0.059343
1 0.051136 0.557449 0.068182 0.077020
0 0.308239 0.743056 0.068182 0.077020
1 0.410511 0.240530 0.068182 0.077020
3 0.956321 0.885732 0.039062 0.059343
8 0.040838 0.628157 0.039062 0.059343
5 0.191406 0.486742 0.039062 0.059343
4 0.933594 0.721591 0.039062 0.059343
