5 0.525923 0.524621 0.039062 0.059343
8 0.395952 0.499369 0.039062 0.059343
3 0.094105 0.466540 0.039062 0.059343
4 0.675071 0.756944 0.039062 0.059343
8 0.815696 0.038510 0.039062 0.059343
1 0.418324 0.707702 0.068182 0.077020
8 0.789418 0.655934 0.039062 0.059343
3 0.092685 0.034722 0.039062 0.059343
2 0.590554 0.937500 0.029119 0.051768
6 0.224787 0.533460 0.039062 0.059343
0 0.809659 0.537247 0.068182 0.077020
4 0.069957 0.931187 0.039062 0.059343
6 0.312855 0.668561 0.039062 0.059343
3 0.555753 0.077652 0.039062 0.059343
4 0.980469 0.870581 0.039062 0.059343
3 0.682173 0.566288 0.039062 0.059343
8 0.148793 0.674874 0.039062 0.059343
5 0.337713 0.164773 0.039062 0.059343
0 0.827415 0.298611 0.068182 0.077020
1 0.538352 0.322601 0.068182 0.077020
0 0.579545 0.643308 0.068182 0.077020
4 0.686435 0.900884 0.039062 0.059343
7 0.454901 0.866793 0.039062 0.059343
1 0.667614 0.359217 0.068182 0.077020
8 0.418679 0.062500 0.039062 0.059343
3 0.304332 0.946338 0.039062 0.059343
3 0.285866 0.465278 0.039062 0.059343
6 0.041548 0.765783 0.039062 0.059343
7 0.980469 0.136995 0.039062 0.059343
5 0.275923 0.363005 0.039062 0.059343
0 0.198864 0.297348 0.068182 0.077020
1 0.167614 0.945076 0.068182 0.077020
5 0.165128 0.138258 0.039062 0.059343
7 0.962713 0.265783 0.039062 0.059343
1 0.678977 0.087753 0.068182 0.077020
0 0.076705 0.243056 0.068182 0.077020
