8 0.148793 0.743056 0.039062 0.059343
5 0.726918 0.083965 0.039062 0.059343
8 0.042259 0.883207 0.039062 0.059343
0 0.950284 0.878157 0.068182 0.077020
8 0.165128 0.431187 0.039062 0.059343
1 0.960938 0.346591 0.068182 0.077020
8 0.060014 0.121843 0.039062 0.059343
8 0.599787 0.259470 0.039062 0.059343
1 0.912642 0.642045 0.068182 0.077020
0 0.463778 0.855429 0.068182 0.077020
7 0.316406 0.717803 0.039062 0.059343
0 0.556108 0.148359 0.068182 0.077020
0 0.681108 0.927399 0.068182 0.077020
0 0.534801 0.931187 0.068182 0.077020
5 0.420810 0.663510 0.039062 0.059343
3 0.551491 0.745581 0.039062 0.059343
6 0.672230 0.539773 0.039062 0.059343
0 0.080966 0.755682 0.068182 0.077020
4 0.724077 0.697601 0.039062 0.059343
8 0.710582 0.256944 0.039062 0.059343
3 0.319957 0.567551 0.039062 0.059343
0 0.914062 0.440025 0.068182 0.077020
