1 0.789062 0.700126 0.068182 0.077020
6 0.417259 0.741793 0.039062 0.059343
6 0.582741 0.042298 0.039062 0.059343
5 0.454901 0.302399 0.039062 0.059343
4 0.311435 0.525884 0.039062 0.059343
1 0.669744 0.509470 0.068182 0.077020
5 0.924361 0.149621 0.039062 0.059343
1 0.911932 0.273359 0.068182 0.077020
2 0.050071 0.678662 0.029119 0.051768
6 0.466264 0.900884 0.039062 0.059343
1 0.946733 0.919823 0.068182 0.077020
3 0.082031 0.850379 0.039062 0.059343
0 0.827415 0.921086 0.068182 0.077020
1 0.569602 0.533460 0.068182 0.077020
2 0.034446 0.481692 0.029119 0.051768
8 0.144531 0.124369 0.039062 0.059343
4 0.405895 0.061237 0.039062 0.059343
2 0.066406 0.033460 0.029119 0.051768
3 0.314276 0.760732 0.039062 0.059343
3 0.704190 0.080177 0.039062 0.059343
3 0.795810 0.264520 0.039062 0.059343
3 0.825639 0.092803 0.039062 0.059343
1 0.297585 0.119318 0.068182 0.077020
6 0.597656 0.679924 0.039062 0.059343
5 0.192827 0.854167 0.039062 0.059343
8 0.773082 0.432449 0.039062 0.059343
0 0.320312 0.359217 0.068182 0.077020
4 0.900213 0.736742 0.039062 0.059343
2 0.176491 0.336490 0.029119 0.051768
2 0.515270 0.922348 0.029119 0.051768
0 0.183949 0.489268 0.068182 0.077020
