4 0.437855 0.347854 0.039062 0.059343
6 0.307884 0.522096 0.039062 0.059343
7 0.554332 0.297348 0.039062 0.059343
7 0.562145 0.910985 0.039062 0.059343
1 0.171165 0.053662 0.068182 0.077020
1 0.955256 0.339015 0.068182 0.077020
4 0.680753 0.443813 0.039062 0.059343
1 0.585227 0.666035 0.068182 0.077020
1 0.666903 0.294823 0.068182 0.077020
2 0.207741 0.446338 0.029119 0.051768
5 0.454190 0.119318 0.039062 0.059343
1 0.921165 0.091540 0.068182 0.077020
6 0.319247 0.856692 0.039062 0.059343
1 0.930398 0.951389 0.068182 0.077020
5 0.944957 0.434975 0.039062 0.059343
1 0.713778 0.143308 0.068182 0.077020
6 0.560724 0.500631 0.039062 0.059343
1 0.083807 0.159722 0.068182 0.077020
7 0.319957 0.229167 0.039062 0.059343
1 0.074574 0.299874 0.068182 0.077020
7 0.837003 0.860480 0.039062 0.059343
4 0.550071 0.097854 0.039062 0.059343
2 0.391690 0.475379 0.029119 0.051768
6 0.830611 0.116793 0.039062 0.059343
3 0.669389 0.844066 0.039062 0.059343
8 0.158026 0.739268 0.039062 0.059343
3 0.655185 0.645833 0.039062 0.059343
5 0.190696 0.919823 0.039062 0.059343
4 0.028054 0.546086 0.039062 0.059343
4 0.921520 0.645833 0.039062 0.059343
2 0.276634 0.750631 0.029119 0.051768
8 0.019531 0.863005 0.039062 0.059343
1 0.188210 0.298611 0.068182 0.077020
4 0.329901 0.159722 0.039062 0.059343
8 0.061435 0.751894 0.039062 0.059343
1 0.837358 0.282197 0.068182 0.077020
