3 0.822798 0.847854 0.039062 0.059343
1 0.677557 0.650884 0.068182 0.077020
2 0.089134 0.089015 0.029119 0.051768
0 0.941761 0.744318 0.068182 0.077020
6 0.442116 0.714015 0.039062 0.059343
8 0.346946 0.649621 0.039062 0.059343
2 0.640980 0.924874 0.029119 0.051768
1 0.673295 0.335227 0.068182 0.077020
3 0.145952 0.289773 0.039062 0.059343
2 0.959872 0.067551 0.029119 0.051768
4 0.575639 0.442551 0.039062 0.059343
7 0.826349 0.361742 0.039062 0.059343
4 0.221236 0.883207 0.039062 0.059343
1 0.338778 0.264520 0.068182 0.077020
1 0.580966 0.241793 0.068182 0.077020
1 0.089489 0.479167 0.068182 0.077020
6 0.850497 0.432449 0.039062 0.059343
4 0.430753 0.241793 0.039062 0.059343
0 0.316051 0.941288 0.068182 0.077020
2 0.045099 0.856692 0.029119 0.051768
8 0.719105 0.068813 0.039062 0.059343
7 0.685724 0.547348 0.039062 0.059343
3 0.021662 0.716540 0.039062 0.059343
7 0.184304 0.460227 0.039062 0.059343
0 0.534801 0.922348 0.068182 0.077020
