6 0.544389 0.692551 0.039062 0.059343
6 0.030185 0.265783 0.039062 0.059343
6 0.726918 0.140783 0.039062 0.059343
4 0.167969 0.852904 0.039062 0.059343
4 0.964134 0.333965 0.039062 0.059343
6 0.969105 0.836490 0.039062 0.059343
2 0.802912 0.350379 0.029119 0.051768
4 0.040838 0.479167 0.039062 0.059343
1 0.543324 0.952652 0.068182 0.077020
2 0.393111 0.436237 0.029119 0.051768
4 0.170810 0.561237 0.039062 0.059343
0 0.448153 0.652146 0.068182 0.077020
1 0.580256 0.494318 0.068182 0.077020
3 0.597656 0.038510 0.039062 0.059343
0 0.335227 0.706439 0.068182 0.077020
8 0.317827 0.518308 0.039062 0.059343
0 0.949574 0.086490 0.068182 0.077020
4 0.669389 0.732955 0.039062 0.059343
6 0.854048 0.873106 0.039062 0.059343
4 0.719815 0.359217 0.039062 0.059343
5 0.470526 0.863005 0.039062 0.059343
8 0.402344 0.301136 0.039062 0.059343
7 0.040838 0.099116 0.039062 0.059343
1 0.338068 0.902146 0.068182 0.077020
4 0.817116 0.038510 0.039062 0.059343
0 0.964489 0.475379 0.068182 0.077020
6 0.843395 0.719066 0.039062 0.059343
1 0.414773 0.075126 0.068182 0.077020
1 0.166903 0.159722 0.068182 0.077020
0 0.323864 0.056187 0.068182 0.077020
3 0.925071 0.746843 0.039062 0.059343
6 0.553622 0.285985 0.039062 0.059343
4 0.084872 0.763258 0.039062 0.059343
6 0.310014 0.344066 0.039062 0.059343
8 0.082741 0.945076 0.039062 0.059343
6 0.187855 0.235480 0.039062 0.059343
8 0.689276 0.504419 0.039062 0.059343
