4 0.285866 0.899621 0.039062 0.059343
5 0.657315 0.640783 0.039062 0.059343
7 0.584162 0.107955 0.039062 0.059343
3 0.825639 0.533460 0.039062 0.059343
2 0.572088 0.538510 0.029119 0.051768
7 0.908736 0.067551 0.039062 0.059343
8 0.700639 0.898359 0.039062 0.059343
5 0.224077 0.839015 0.039062 0.059343
0 0.444602 0.710227 0.068182 0.077020
2 0.553622 0.669823 0.029119 0.051768
3 0.926491 0.659722 0.039062 0.059343
5 0.270241 0.284722 0.039062 0.059343
3 0.417259 0.083965 0.039062 0.059343
6 0.400213 0.481692 0.039062 0.059343
4 0.540838 0.333965 0.039062 0.059343
3 0.196378 0.158460 0.039062 0.059343
4 0.698509 0.229167 0.039062 0.059343
1 0.195312 0.465278 0.068182 0.077020
5 0.427202 0.341540 0.039062 0.059343
2 0.855469 0.865530 0.029119 0.051768
6 0.089844 0.946338 0.039062 0.059343
7 0.213423 0.303662 0.039062 0.059343
0 0.325284 0.120581 0.068182 0.077020
8 0.582741 0.890783 0.039062 0.059343
2 0.954901 0.361742 0.029119 0.051768
0 0.683239 0.523359 0.068182 0.077020
7 0.330611 0.523359 0.039062 0.059343
5 0.427912 0.863005 0.039062 0.059343
1 0.054688 0.547348 0.068182 0.077020
4 0.849077 0.690025 0.039062 0.059343
5 0.780185 0.032197 0.039062 0.059343
0 0.953125 0.945076 0.068182 0.077020
2 0.211293 0.756944 0.029119 0.051768
2 0.832741 0.251894 0.029119 0.051768
