0 0.590909 0.239268 0.068182 0.077020
1 0.301136 0.941288 0.068182 0.077020
7 0.928622 0.953914 0.039062 0.059343
0 0.039773 0.702652 0.068182 0.077020
8 0.793679 0.876894 0.039062 0.059343
7 0.216974 0.528409 0.039062 0.059343
1 0.461648 0.355429 0.068182 0.077020
3 0.801491 0.273359 0.039062 0.059343
0 0.170455 0.311237 0.068182 0.077020
3 0.591974 0.436237 0.039062 0.059343
0 0.340199 0.076389 0.068182 0.077020
0 0.462358 0.953914 0.068182 0.077020
2 0.922940 0.527146 0.029119 0.051768
3 0.691406 0.902146 0.039062 0.059343
3 0.699219 0.263258 0.039062 0.059343
7 0.417969 0.111742 0.039062 0.059343
7 0.474077 0.467803 0.039062 0.059343
2 0.790838 0.677399 0.029119 0.051768
1 0.044034 0.916035 0.068182 0.077020
4 0.596236 0.078914 0.039062 0.059343
2 0.660866 0.096591 0.029119 0.051768
2 0.825639 0.120581 0.029119 0.051768
7 0.212713 0.902146 0.039062 0.059343
0 0.576705 0.754419 0.068182 0.077020
