5 0.664418 0.743056 0.039062 0.059343
2 0.726918 0.926136 0.029119 0.051768
4 0.546520 0.938763 0.039062 0.059343
2 0.904474 0.357955 0.029119 0.051768
6 0.575639 0.554924 0.039062 0.059343
2 0.351207 0.294823 0.029119 0.051768
4 0.180753 0.916035 0.039062 0.059343
0 0.419034 0.958965 0.068182 0.077020
5 0.297230 0.695076 0.039062 0.059343
0 0.794034 0.554924 0.068182 0.077020
5 0.354048 0.524621 0.039062 0.059343
2 0.176491 0.429924 0.029119 0.051768
6 0.599787 0.354167 0.039062 0.059343
5 0.935014 0.104167 0.039062 0.059343
2 0.903054 0.470328 0.029119 0.051768
8 0.535866 0.167298 0.039062 0.059343
1 0.306818 0.051136 0.068182 0.077020
8 0.655895 0.517045 0.039062 0.059343
6 0.476207 0.113005 0.039062 0.059343
8 0.190696 0.033460 0.039062 0.059343
3 0.822088 0.248106 0.039062 0.059343
5 0.182173 0.369318 0.039062 0.059343
8 0.032315 0.759470 0.039062 0.059343
