8 0.400213 0.056187 0.039062 0.059343
2 0.792969 0.769571 0.029119 0.051768
7 0.912997 0.917298 0.039062 0.059343
6 0.721946 0.655934 0.039062 0.059343
8 0.052202 0.241793 0.039062 0.059343
3 0.219105 0.748106 0.039062 0.059343
1 0.580256 0.272096 0.068182 0.077020
7 0.020241 0.903409 0.039062 0.059343
2 0.056463 0.155934 0.029119 0.051768
4 0.966264 0.169823 0.039062 0.059343
5 0.911577 0.532197 0.039062 0.059343
8 0.430753 0.740530 0.039062 0.059343
6 0.445668 0.900884 0.039062 0.059343
1 0.284091 0.111742 0.068182 0.077020
0 0.961648 0.248106 0.068182 0.077020
7 0.187855 0.138258 0.039062 0.059343
1 0.588778 0.455177 0.068182 0.077020
1 0.666193 0.865530 0.068182 0.077020
5 0.700639 0.080177 0.039062 0.059343
3 0.285156 0.246843 0.039062 0.059343
6 0.772372 0.453914 0.039062 0.059343
4 0.060014 0.691288 0.039062 0.059343
5 0.795810 0.285985 0.039062 0.059343
3 0.438565 0.500631 0.039062 0.059343
0 0.685369 0.333965 0.068182 0.077020
3 0.334872 0.865530 0.039062 0.059343
0 0.715909 0.530934 0.068182 0.077020
5 0.400923 0.344066 0.039062 0.059343
5 0.154474 0.961490 0.039062 0.059343
8 0.587713 0.967803 0.039062 0.059343
0 0.804688 0.101641 0.068182 0.077020
5 0.521662 0.748106 0.039062 0.059343
8 0.776634 0.849116 0.039062 0.059343
4 0.179332 0.441288 0.039062 0.059343
5 0.218395 0.268308 0.039062 0.059343
3 0.302202 0.559975 0.039062 0.059343
4 0.895241 0.734217 0.039062 0.059343
3 0.315696 0.736742 0.039062 0.059343
