5 0.539418 0.679924 0.039062 0.059343
4 0.602628 0.493056 0.039062 0.059343
2 0.673651 0.538510 0.029119 0.051768
1 0.565341 0.855429 0.068182 0.077020
3 0.966264 0.659722 0.039062 0.059343
2 0.297940 0.049874 0.029119 0.051768
2 0.432173 0.851641 0.029119 0.051768
8 0.599077 0.339015 0.039062 0.059343
1 0.069602 0.331439 0.068182 0.077020
3 0.194957 0.738005 0.039062 0.059343
8 0.795099 0.964015 0.039062 0.059343
1 0.316761 0.688763 0.068182 0.077020
4 0.219105 0.346591 0.039062 0.059343
1 0.321733 0.461490 0.068182 0.077020
1 0.412642 0.529672 0.068182 0.077020
3 0.105469 0.539773 0.039062 0.059343
1 0.920455 0.302399 0.068182 0.077020
6 0.714134 0.880682 0.039062 0.059343
0 0.176847 0.099116 0.068182 0.077020
2 0.140270 0.466540 0.029119 0.051768
3 0.324219 0.301136 0.039062 0.059343
0 0.430398 0.682449 0.068182 0.077020
5 0.434304 0.234217 0.039062 0.059343
3 0.696378 0.719066 0.039062 0.059343
7 0.308594 0.904672 0.039062 0.059343
5 0.807173 0.350379 0.039062 0.059343
1 0.700284 0.277146 0.068182 0.077020
4 0.974077 0.562500 0.039062 0.059343
6 0.036577 0.654672 0.039062 0.059343
6 0.220526 0.857955 0.039062 0.059343
5 0.975497 0.057449 0.039062 0.059343
6 0.459162 0.145833 0.039062 0.059343
3 0.064986 0.861742 0.039062 0.059343
2 0.105469 0.073864 0.029119 0.051768
0 0.961648 0.897096 0.068182 0.077020
1 0.546165 0.052399 0.068182 0.077020
