1 0.680398 0.488005 0.068182 0.077020
2 0.817827 0.089015 0.029119 0.051768
5 0.977628 0.462753 0.039062 0.059343
6 0.172230 0.466540 0.039062 0.059343
7 0.964134 0.909722 0.039062 0.059343
5 0.776634 0.298611 0.039062 0.059343
0 0.064631 0.900884 0.068182 0.077020
1 0.168324 0.253157 0.068182 0.077020
1 0.544744 0.892045 0.068182 0.077020
4 0.692116 0.318813 0.039062 0.059343
7 0.197798 0.125631 0.039062 0.059343
2 0.814276 0.765783 0.029119 0.051768
5 0.056463 0.679924 0.039062 0.059343
4 0.954901 0.739268 0.039062 0.059343
2 0.771662 0.840278 0.029119 0.051768
8 0.075639 0.565025 0.039062 0.059343
2 0.327770 0.446338 0.029119 0.051768
1 0.326705 0.081439 0.068182 0.077020
1 0.922585 0.297348 0.068182 0.077020
7 0.721236 0.932449 0.039062 0.059343
7 0.067827 0.133207 0.039062 0.059343
4 0.683594 0.761995 0.039062 0.059343
5 0.319247 0.705177 0.039062 0.059343
0 0.462358 0.476641 0.068182 0.077020
0 0.070312 0.238005 0.068182 0.077020
8 0.404474 0.096591 0.039062 0.059343
2 0.943537 0.134470 0.029119 0.051768
