3 0.462713 0.947601 0.039062 0.059343
4 0.307173 0.162247 0.039062 0.059343
1 0.055398 0.750631 0.068182 0.077020
2 0.217685 0.325126 0.029119 0.051768
3 0.400213 0.118056 0.039062 0.059343
0 0.085938 0.318813 0.068182 0.077020
2 0.027344 0.926136 0.029119 0.051768
0 0.542614 0.696338 0.068182 0.077020
5 0.709162 0.309975 0.039062 0.059343
2 0.904474 0.138258 0.029119 0.051768
5 0.785156 0.759470 0.039062 0.059343
8 0.212713 0.515783 0.039062 0.059343
2 0.318537 0.287247 0.029119 0.051768
0 0.035511 0.099116 0.068182 0.077020
8 0.600497 0.166035 0.039062 0.059343
2 0.950639 0.660985 0.029119 0.051768
2 0.437145 0.682449 0.029119 0.051768
6 0.916548 0.894571 0.039062 0.059343
4 0.449219 0.342803 0.039062 0.059343
0 0.957386 0.518308 0.068182 0.077020
2 0.641690 0.572601 0.029119 0.051768
0 0.340909 0.841540 0.068182 0.077020
6 0.775213 0.965278 0.039062 0.059343
4 0.792969 0.158460 0.039062 0.059343
6 0.922230 0.275884 0.039062 0.059343
2 0.648082 0.662247 0.029119 0.051768
5 0.825639 0.313763 0.039062 0.059343
6 0.287997 0.711490 0.039062 0.059343
8 0.458452 0.548611 0.039062 0.059343
1 0.834517 0.457702 0.068182 0.077020
