4 0.530185 0.230429 0.039062 0.059343
3 0.417259 0.652146 0.039062 0.059343
5 0.702060 0.736742 0.039062 0.059343
1 0.056108 0.339015 0.068182 0.077020
8 0.683594 0.481692 0.039062 0.059343
0 0.088778 0.912247 0.068182 0.077020
2 0.271662 0.914773 0.029119 0.051768
2 0.587713 0.486742 0.029119 0.051768
0 0.333097 0.666035 0.068182 0.077020
8 0.935724 0.164773 0.039062 0.059343
7 0.090554 0.628157 0.039062 0.059343
3 0.315696 0.109217 0.039062 0.059343
7 0.649503 0.950126 0.039062 0.059343
3 0.178622 0.913510 0.039062 0.059343
6 0.854048 0.549874 0.039062 0.059343
0 0.715199 0.152146 0.068182 0.077020
4 0.854759 0.898359 0.039062 0.059343
8 0.430753 0.124369 0.039062 0.059343
5 0.464844 0.493056 0.039062 0.059343
7 0.922940 0.967803 0.039062 0.059343
5 0.208452 0.307449 0.039062 0.059343
7 0.204190 0.746843 0.039062 0.059343
8 0.529474 0.078914 0.039062 0.059343
5 0.459162 0.240530 0.039062 0.059343
7 0.797940 0.070076 0.039062 0.059343
1 0.673295 0.337753 0.068182 0.077020
