4 0.346236 0.270833 0.039062 0.059343
1 0.817472 0.311237 0.068182 0.077020
1 0.173295 0.544823 0.068182 0.077020
2 0.974077 0.346591 0.029119 0.051768
7 0.967685 0.455177 0.039062 0.059343
1 0.166193 0.908460 0.068182 0.077020
0 0.561080 0.460227 0.068182 0.077020
8 0.163707 0.673611 0.039062 0.059343
0 0.660511 0.061237 0.068182 0.077020
6 0.785156 0.520833 0.039062 0.059343
2 0.450639 0.687500 0.029119 0.051768
8 0.839844 0.034722 0.039062 0.059343
4 0.854759 0.940025 0.039062 0.059343
5 0.456321 0.878157 0.039062 0.059343
5 0.028764 0.707702 0.039062 0.059343
3 0.052912 0.032197 0.039062 0.059343
4 0.716264 0.922348 0.039062 0.059343
5 0.272372 0.687500 0.039062 0.059343
5 0.158736 0.339015 0.039062 0.059343
7 0.150923 0.083965 0.039062 0.059343
7 0.973366 0.091540 0.039062 0.059343
1 0.934659 0.750631 0.068182 0.077020
5 0.088423 0.339015 0.039062 0.059343
8 0.278764 0.452652 0.039062 0.059343
5 0.060724 0.868056 0.039062 0.059343
7 0.600497 0.869318 0.039062 0.059343
0 0.540483 0.303662 0.068182 0.077020
4 0.674361 0.277146 0.039062 0.059343
5 0.965554 0.842803 0.039062 0.059343
5 0.655895 0.437500 0.039062 0.059343
0 0.807528 0.725379 0.068182 0.077020
1 0.323153 0.909722 0.068182 0.077020
2 0.327060 0.061237 0.029119 0.051768
0 0.534801 0.687500 0.068182 0.077020
4 0.539418 0.072601 0.039062 0.059343
1 0.715909 0.667298 0.068182 0.077020
7 0.036577 0.523359 0.039062 0.059343
