4 0.475497 0.360480 0.039062 0.059343
8 0.306463 0.503157 0.039062 0.059343
0 0.572443 0.328914 0.068182 0.077020
1 0.668324 0.688763 0.068182 0.077020
4 0.029474 0.264520 0.039062 0.059343
8 0.404474 0.472854 0.039062 0.059343
0 0.953835 0.092803 0.068182 0.077020
5 0.207741 0.150884 0.039062 0.059343
0 0.583807 0.721591 0.068182 0.077020
0 0.197443 0.881944 0.068182 0.077020
0 0.041903 0.880682 0.068182 0.077020
1 0.428267 0.669823 0.068182 0.077020
5 0.827770 0.297348 0.039062 0.059343
0 0.921875 0.881944 0.068182 0.077020
6 0.033736 0.075126 0.039062 0.059343
4 0.958452 0.739268 0.039062 0.059343
3 0.314986 0.352904 0.039062 0.059343
4 0.335582 0.753157 0.039062 0.059343
0 0.797585 0.559975 0.068182 0.077020
8 0.173651 0.539773 0.039062 0.059343
0 0.710227 0.312500 0.068182 0.077020
4 0.160866 0.320076 0.039062 0.059343
5 0.466264 0.111742 0.039062 0.059343
6 0.903764 0.475379 0.039062 0.059343
0 0.183949 0.654672 0.068182 0.077020
2 0.601918 0.107955 0.029119 0.051768
0 0.300426 0.147096 0.068182 0.077020
4 0.770952 0.768308 0.039062 0.059343
1 0.299006 0.934975 0.068182 0.077020
5 0.094105 0.429924 0.039062 0.059343
3 0.810724 0.830177 0.039062 0.059343
8 0.532315 0.520833 0.039062 0.059343
7 0.692116 0.856692 0.039062 0.059343
0 0.084517 0.714015 0.068182 0.077020
5 0.406605 0.929924 0.039062 0.059343
2 0.973366 0.243056 0.029119 0.051768
6 0.802202 0.167298 0.039062 0.059343
8 0.687855 0.052399 0.039062 0.059343
