2 0.462003 0.688763 0.029119 0.051768
2 0.670810 0.717803 0.029119 0.051768
2 0.322088 0.628157 0.029119 0.051768
6 0.550071 0.717803 0.039062 0.059343
5 0.466974 0.326389 0.039062 0.059343
7 0.796520 0.475379 0.039062 0.059343
8 0.084162 0.527146 0.039062 0.059343
2 0.822798 0.244318 0.029119 0.051768
7 0.152344 0.524621 0.039062 0.059343
5 0.325639 0.313763 0.039062 0.059343
7 0.649503 0.293561 0.039062 0.059343
8 0.202770 0.369318 0.039062 0.059343
0 0.955966 0.852904 0.068182 0.077020
1 0.566051 0.261995 0.068182 0.077020
6 0.603338 0.537247 0.039062 0.059343
2 0.022372 0.687500 0.029119 0.051768
8 0.416548 0.553662 0.039062 0.059343
6 0.521662 0.142045 0.039062 0.059343
8 0.182173 0.749369 0.039062 0.059343
1 0.701705 0.081439 0.068182 0.077020
8 0.277344 0.828914 0.039062 0.059343
2 0.857599 0.657197 0.029119 0.051768
3 0.060724 0.143308 0.039062 0.059343
