5 0.841264 0.354167 0.039062 0.059343
4 0.218395 0.100379 0.039062 0.059343
7 0.697798 0.629419 0.039062 0.059343
6 0.418679 0.270833 0.039062 0.059343
2 0.048651 0.301136 0.029119 0.051768
8 0.713423 0.344066 0.039062 0.059343
3 0.332741 0.347854 0.039062 0.059343
3 0.288707 0.544823 0.039062 0.059343
7 0.808594 0.734217 0.039062 0.059343
8 0.478338 0.941288 0.039062 0.059343
1 0.464489 0.529672 0.068182 0.077020
1 0.581676 0.511995 0.068182 0.077020
3 0.810724 0.044823 0.039062 0.059343
6 0.949219 0.133207 0.039062 0.059343
2 0.165838 0.846591 0.029119 0.051768
0 0.198153 0.686237 0.068182 0.077020
0 0.318892 0.682449 0.068182 0.077020
7 0.719815 0.534722 0.039062 0.059343
8 0.721236 0.075126 0.039062 0.059343
2 0.939986 0.950126 0.029119 0.051768
1 0.833097 0.482955 0.068182 0.077020
5 0.146662 0.279672 0.039062 0.059343
2 0.425071 0.139520 0.029119 0.051768
2 0.912997 0.303662 0.029119 0.051768
7 0.552912 0.061237 0.039062 0.059343
0 0.333097 0.866793 0.068182 0.077020
8 0.087003 0.957702 0.039062 0.059343
1 0.411222 0.730429 0.068182 0.077020
7 0.822798 0.869318 0.039062 0.059343
2 0.282315 0.102904 0.029119 0.051768
5 0.562145 0.352904 0.039062 0.059343
