6 0.531605 0.681187 0.039062 0.059343
3 0.394531 0.091540 0.039062 0.059343
7 0.974787 0.245581 0.039062 0.059343
5 0.716974 0.892045 0.039062 0.059343
3 0.925781 0.484217 0.039062 0.059343
8 0.045810 0.542298 0.039062 0.059343
6 0.667259 0.538510 0.039062 0.059343
3 0.828480 0.947601 0.039062 0.059343
0 0.171165 0.905934 0.068182 0.077020
3 0.344105 0.441288 0.039062 0.059343
8 0.410866 0.364268 0.039062 0.059343
8 0.155185 0.056187 0.039062 0.059343
6 0.103338 0.881944 0.039062 0.059343
2 0.852628 0.065025 0.029119 0.051768
6 0.084162 0.243056 0.039062 0.059343
4 0.563565 0.888258 0.039062 0.059343
1 0.453125 0.472854 0.068182 0.077020
1 0.688210 0.748106 0.068182 0.077020
6 0.339134 0.703914 0.039062 0.059343
6 0.970526 0.868056 0.039062 0.059343
1 0.819602 0.289773 0.068182 0.077020
8 0.057884 0.053662 0.039062 0.059343
0 0.319602 0.119318 0.068182 0.077020
4 0.770952 0.525884 0.039062 0.059343
7 0.551491 0.292298 0.039062 0.059343
4 0.147372 0.558712 0.039062 0.059343
0 0.309659 0.325126 0.068182 0.077020
4 0.089134 0.743056 0.039062 0.059343
8 0.541548 0.128157 0.039062 0.059343
1 0.464489 0.659722 0.068182 0.077020
6 0.655895 0.283460 0.039062 0.059343
0 0.784801 0.754419 0.068182 0.077020
3 0.162997 0.320076 0.039062 0.059343
4 0.694247 0.158460 0.039062 0.059343
