8 0.025213 0.940025 0.039062 0.059343
6 0.832741 0.256944 0.039062 0.059343
7 0.418679 0.034722 0.039062 0.059343
5 0.422940 0.230429 0.039062 0.059343
0 0.291193 0.269571 0.068182 0.077020
4 0.580611 0.166035 0.039062 0.059343
4 0.077770 0.238005 0.039062 0.059343
3 0.895952 0.847854 0.039062 0.059343
4 0.571378 0.628157 0.039062 0.059343
2 0.594815 0.267045 0.029119 0.051768
7 0.097656 0.082702 0.039062 0.059343
5 0.972656 0.306187 0.039062 0.059343
6 0.329190 0.748106 0.039062 0.059343
5 0.211293 0.885732 0.039062 0.059343
8 0.707741 0.918561 0.039062 0.059343
8 0.450639 0.441288 0.039062 0.059343
3 0.307884 0.839015 0.039062 0.059343
5 0.443537 0.900884 0.039062 0.059343
1 0.949574 0.472854 0.068182 0.077020
7 0.656605 0.363005 0.039062 0.059343
5 0.897372 0.690025 0.039062 0.059343
3 0.811435 0.900884 0.039062 0.059343
6 0.057173 0.541035 0.039062 0.059343
1 0.784801 0.129419 0.068182 0.077020
1 0.952415 0.099116 0.068182 0.077020
1 0.203125 0.298611 0.068182 0.077020
3 0.461293 0.673611 0.039062 0.059343
8 0.096236 0.647096 0.039062 0.059343
2 0.650923 0.725379 0.029119 0.051768
4 0.692827 0.065025 0.039062 0.059343
7 0.327060 0.107955 0.039062 0.059343
4 0.188565 0.128157 0.039062 0.059343
0 0.170455 0.738005 0.068182 0.077020
4 0.646662 0.566288 0.039062 0.059343
6 0.851207 0.548611 0.039062 0.059343
