5 0.282315 0.104167 0.039062 0.059343
8 0.199219 0.041035 0.039062 0.059343
5 0.300071 0.347854 0.039062 0.059343
0 0.036932 0.253157 0.068182 0.077020
2 0.650923 0.735480 0.029119 0.051768
5 0.395241 0.964015 0.039062 0.059343
5 0.573509 0.359217 0.039062 0.059343
1 0.046875 0.674874 0.068182 0.077020
0 0.835227 0.482955 0.068182 0.077020
2 0.947088 0.118056 0.029119 0.051768
1 0.913352 0.465278 0.068182 0.077020
5 0.067827 0.863005 0.039062 0.059343
2 0.425071 0.434975 0.029119 0.051768
3 0.651634 0.245581 0.039062 0.059343
2 0.528764 0.717803 0.029119 0.051768
5 0.829190 0.090278 0.039062 0.059343
4 0.808594 0.727904 0.039062 0.059343
2 0.717685 0.095328 0.029119 0.051768
5 0.769531 0.827652 0.039062 0.059343
3 0.924361 0.639520 0.039062 0.059343
4 0.318537 0.697601 0.039062 0.059343
1 0.565341 0.086490 0.068182 0.077020
