7 0.714134 0.126894 0.039062 0.059343
8 0.650213 0.519571 0.039062 0.059343
5 0.347656 0.534722 0.039062 0.059343
0 0.205256 0.063763 0.068182 0.077020
1 0.535511 0.912247 0.068182 0.077020
7 0.973366 0.524621 0.039062 0.059343
4 0.148793 0.506944 0.039062 0.059343
3 0.181463 0.659722 0.039062 0.059343
0 0.961648 0.884470 0.068182 0.077020
1 0.301136 0.691288 0.068182 0.077020
8 0.439276 0.436237 0.039062 0.059343
6 0.854048 0.677399 0.039062 0.059343
0 0.839489 0.941288 0.068182 0.077020
0 0.543324 0.240530 0.068182 0.077020
1 0.040483 0.642045 0.068182 0.077020
0 0.544744 0.706439 0.068182 0.077020
5 0.144531 0.267045 0.039062 0.059343
0 0.683239 0.246843 0.068182 0.077020
5 0.420810 0.076389 0.039062 0.059343
1 0.449574 0.859217 0.068182 0.077020
4 0.825639 0.111742 0.039062 0.059343
2 0.459162 0.642045 0.029119 0.051768
8 0.579901 0.461490 0.039062 0.059343
