1 0.188210 0.730429 0.068182 0.077020
4 0.217685 0.955177 0.039062 0.059343
5 0.689276 0.035985 0.039062 0.059343
1 0.810369 0.855429 0.068182 0.077020
8 0.779474 0.304924 0.039062 0.059343
1 0.556818 0.934975 0.068182 0.077020
2 0.160866 0.365530 0.029119 0.051768
4 0.025213 0.138258 0.039062 0.059343
0 0.465909 0.441288 0.068182 0.077020
4 0.726918 0.509470 0.039062 0.059343
6 0.770241 0.073864 0.039062 0.059343
7 0.404474 0.048611 0.039062 0.059343
6 0.911577 0.644571 0.039062 0.059343
2 0.295810 0.099116 0.029119 0.051768
1 0.670455 0.289773 0.068182 0.077020
0 0.572443 0.437500 0.068182 0.077020
6 0.020241 0.335227 0.039062 0.059343
0 0.090199 0.726641 0.068182 0.077020
3 0.565696 0.096591 0.039062 0.059343
2 0.925071 0.164773 0.029119 0.051768
7 0.479759 0.943813 0.039062 0.059343
