2 0.025923 0.639520 0.029119 0.051768
0 0.948864 0.354167 0.068182 0.077020
2 0.640980 0.447601 0.029119 0.051768
1 0.295455 0.748106 0.068182 0.077020
4 0.471236 0.532197 0.039062 0.059343
4 0.430043 0.082702 0.039062 0.059343
0 0.913352 0.441288 0.068182 0.077020
5 0.226207 0.846591 0.039062 0.059343
2 0.317827 0.842803 0.029119 0.051768
8 0.287997 0.524621 0.039062 0.059343
2 0.910866 0.640783 0.029119 0.051768
8 0.839844 0.679924 0.039062 0.059343
8 0.406605 0.936237 0.039062 0.059343
4 0.654474 0.686237 0.039062 0.059343
7 0.821378 0.114268 0.039062 0.059343
0 0.579545 0.114268 0.068182 0.077020
7 0.418679 0.277146 0.039062 0.059343
8 0.278764 0.308712 0.039062 0.059343
4 0.176491 0.076389 0.039062 0.059343
4 0.546520 0.323864 0.039062 0.059343
7 0.055753 0.836490 0.039062 0.059343
6 0.949929 0.910985 0.039062 0.059343
5 0.895952 0.120581 0.039062 0.059343
6 0.796520 0.904672 0.039062 0.059343
1 0.534801 0.538510 0.068182 0.077020
3 0.442827 0.763258 0.039062 0.059343
5 0.819957 0.325126 0.039062 0.059343
