5 0.444247 0.229167 0.039062 0.059343
5 0.779474 0.038510 0.039062 0.059343
6 0.829190 0.953914 0.039062 0.059343
4 0.599077 0.488005 0.039062 0.059343
6 0.519531 0.658460 0.039062 0.059343
3 0.432173 0.746843 0.039062 0.059343
2 0.766690 0.642045 0.029119 0.051768
7 0.939986 0.349116 0.039062 0.059343
4 0.979759 0.898359 0.039062 0.059343
5 0.427202 0.143308 0.039062 0.059343
7 0.096236 0.131944 0.039062 0.059343
1 0.581676 0.241793 0.068182 0.077020
4 0.416548 0.549874 0.039062 0.059343
6 0.052912 0.349116 0.039062 0.059343
3 0.030185 0.442551 0.039062 0.059343
8 0.337003 0.241793 0.039062 0.059343
0 0.931108 0.501894 0.068182 0.077020
2 0.040128 0.688763 0.029119 0.051768
8 0.827060 0.448864 0.039062 0.059343
7 0.672940 0.524621 0.039062 0.059343
5 0.697088 0.684975 0.039062 0.059343
0 0.549006 0.895833 0.068182 0.077020
2 0.909446 0.659722 0.029119 0.051768
0 0.315341 0.639520 0.068182 0.077020
