8 0.075639 0.662247 0.039062 0.059343
8 0.933594 0.287247 0.039062 0.059343
8 0.283736 0.322601 0.039062 0.059343
4 0.431463 0.288510 0.039062 0.059343
5 0.770952 0.913510 0.039062 0.059343
7 0.087713 0.047348 0.039062 0.059343
2 0.792259 0.261995 0.029119 0.051768
7 0.430043 0.761995 0.039062 0.059343
2 0.663707 0.537247 0.029119 0.051768
2 0.280895 0.750631 0.029119 0.051768
4 0.810014 0.135732 0.039062 0.059343
1 0.546165 0.731692 0.068182 0.077020
4 0.338423 0.039773 0.039062 0.059343
7 0.910866 0.950126 0.039062 0.059343
7 0.082031 0.565025 0.039062 0.059343
5 0.438565 0.946338 0.039062 0.059343
5 0.702770 0.289773 0.039062 0.059343
1 0.705966 0.100379 0.068182 0.077020
3 0.935014 0.768308 0.039062 0.059343
3 0.152344 0.321338 0.039062 0.059343
6 0.836293 0.732955 0.039062 0.059343
0 0.293324 0.498106 0.068182 0.077020
2 0.106889 0.255682 0.029119 0.051768
7 0.520241 0.354167 0.039062 0.059343
4 0.568537 0.081439 0.039062 0.059343
0 0.203835 0.736742 0.068182 0.077020
