7 0.668679 0.552399 0.039062 0.059343
6 0.035156 0.538510 0.039062 0.059343
2 0.920099 0.089015 0.029119 0.051768
1 0.559659 0.749369 0.068182 0.077020
8 0.819957 0.032197 0.039062 0.059343
6 0.558594 0.053662 0.039062 0.059343
4 0.921520 0.708965 0.039062 0.059343
8 0.719815 0.114268 0.039062 0.059343
5 0.660156 0.241793 0.039062 0.059343
5 0.415838 0.322601 0.039062 0.059343
7 0.064276 0.082702 0.039062 0.059343
3 0.354048 0.558712 0.039062 0.059343
5 0.347656 0.075126 0.039062 0.059343
8 0.468395 0.934975 0.039062 0.059343
4 0.784446 0.280934 0.039062 0.059343
4 0.442827 0.168561 0.039062 0.059343
5 0.465554 0.666035 0.039062 0.059343
8 0.479048 0.538510 0.039062 0.059343
6 0.603338 0.283460 0.039062 0.059343
2 0.973366 0.328914 0.029119 0.051768
8 0.714844 0.881944 0.039062 0.059343
7 0.847656 0.745581 0.039062 0.059343
8 0.102628 0.697601 0.039062 0.059343
4 0.283026 0.707702 0.039062 0.059343
0 0.163352 0.461490 0.068182 0.077020
3 0.201349 0.674874 0.039062 0.059343
4 0.029474 0.259470 0.039062 0.059343
6 0.589844 0.528409 0.039062 0.059343
2 0.912287 0.907197 0.029119 0.051768
6 0.811435 0.529672 0.039062 0.059343
4 0.683594 0.711490 0.039062 0.059343
0 0.960938 0.475379 0.068182 0.077020
8 0.104759 0.960227 0.039062 0.059343
2 0.265270 0.279672 0.029119 0.051768
0 0.188920 0.889520 0.068182 0.077020
3 0.797230 0.918561 0.039062 0.059343
2 0.177202 0.035985 0.029119 0.051768
