5 0.083452 0.433712 0.039062 0.059343
6 0.921520 0.687500 0.039062 0.059343
8 0.557884 0.302399 0.039062 0.059343
0 0.715909 0.287247 0.068182 0.077020
7 0.175071 0.678662 0.039062 0.059343
3 0.156605 0.029672 0.039062 0.059343
5 0.289418 0.077652 0.039062 0.059343
1 0.943182 0.070076 0.068182 0.077020
4 0.845526 0.091540 0.039062 0.059343
8 0.283736 0.452652 0.039062 0.059343
3 0.052202 0.330177 0.039062 0.059343
8 0.683594 0.964015 0.039062 0.059343
0 0.919034 0.485480 0.068182 0.077020
6 0.850497 0.548611 0.039062 0.059343
2 0.400213 0.953914 0.029119 0.051768
0 0.208807 0.548611 0.068182 0.077020
6 0.830611 0.918561 0.039062 0.059343
4 0.599787 0.162247 0.039062 0.059343
6 0.456321 0.443813 0.039062 0.059343
4 0.786577 0.248106 0.039062 0.059343
5 0.315696 0.914773 0.039062 0.059343
4 0.720526 0.543561 0.039062 0.059343
6 0.188565 0.352904 0.039062 0.059343
3 0.563565 0.557449 0.039062 0.059343
4 0.431463 0.740530 0.039062 0.059343
1 0.424006 0.354167 0.068182 0.077020
7 0.060724 0.666035 0.039062 0.059343
2 0.346946 0.638258 0.029119 0.051768
0 0.662642 0.082702 0.068182 0.077020
5 0.925781 0.951389 0.039062 0.059343
