7 0.094105 0.837753 0.039062 0.059343
8 0.795810 0.360480 0.039062 0.059343
7 0.721236 0.889520 0.039062 0.059343
6 0.787997 0.539773 0.039062 0.059343
6 0.293679 0.556187 0.039062 0.059343
5 0.314986 0.134470 0.039062 0.059343
5 0.680753 0.351641 0.039062 0.059343
6 0.464844 0.058712 0.039062 0.059343
0 0.046875 0.051136 0.068182 0.077020
0 0.448864 0.688763 0.068182 0.077020
8 0.528054 0.655934 0.039062 0.059343
0 0.918324 0.548611 0.068182 0.077020
0 0.546165 0.548611 0.068182 0.077020
4 0.674361 0.124369 0.039062 0.059343
1 0.212358 0.559975 0.068182 0.077020
8 0.285866 0.946338 0.039062 0.059343
2 0.074219 0.727904 0.029119 0.051768
3 0.961293 0.049874 0.039062 0.059343
2 0.187855 0.096591 0.029119 0.051768
4 0.597656 0.940025 0.039062 0.059343
2 0.851207 0.827652 0.029119 0.051768
1 0.198864 0.734217 0.068182 0.077020
7 0.033736 0.493056 0.039062 0.059343
4 0.545810 0.159722 0.039062 0.059343
3 0.396662 0.488005 0.039062 0.059343
2 0.413707 0.962753 0.029119 0.051768
8 0.152344 0.296086 0.039062 0.059343
