5 0.520241 0.116793 0.039062 0.059343
0 0.078835 0.657197 0.068182 0.077020
8 0.707031 0.366793 0.039062 0.059343
3 0.074219 0.296086 0.039062 0.059343
5 0.781605 0.128157 0.039062 0.059343
2 0.439276 0.476641 0.029119 0.051768
2 0.268111 0.340278 0.029119 0.051768
6 0.150923 0.831439 0.039062 0.059343
8 0.467685 0.076389 0.039062 0.059343
8 0.212003 0.086490 0.039062 0.059343
2 0.285156 0.681187 0.029119 0.051768
4 0.270241 0.056187 0.039062 0.059343
0 0.919034 0.748106 0.068182 0.077020
3 0.080611 0.962753 0.039062 0.059343
4 0.667259 0.844066 0.039062 0.059343
8 0.947088 0.162247 0.039062 0.059343
3 0.290838 0.452652 0.039062 0.059343
3 0.402344 0.655934 0.039062 0.059343
1 0.909801 0.528409 0.068182 0.077020
7 0.327770 0.876894 0.039062 0.059343
5 0.191406 0.535985 0.039062 0.059343
2 0.650923 0.152146 0.029119 0.051768
3 0.214844 0.691288 0.039062 0.059343
0 0.590199 0.892045 0.068182 0.077020
8 0.846236 0.721591 0.039062 0.059343
2 0.547940 0.263258 0.029119 0.051768
2 0.925071 0.842803 0.029119 0.051768
1 0.073864 0.485480 0.068182 0.077020
