6 0.195668 0.528409 0.039062 0.059343
4 0.553622 0.562500 0.039062 0.059343
0 0.798295 0.340278 0.068182 0.077020
4 0.567116 0.876894 0.039062 0.059343
0 0.330966 0.308712 0.068182 0.077020
6 0.708452 0.034722 0.039062 0.059343
4 0.695668 0.763258 0.039062 0.059343
5 0.917969 0.296086 0.039062 0.059343
2 0.307884 0.058712 0.029119 0.051768
2 0.556463 0.282197 0.029119 0.051768
0 0.914062 0.524621 0.068182 0.077020
5 0.084872 0.061237 0.039062 0.059343
1 0.915483 0.929924 0.068182 0.077020
3 0.930753 0.043561 0.039062 0.059343
0 0.079545 0.945076 0.068182 0.077020
8 0.417259 0.474116 0.039062 0.059343
0 0.678267 0.303662 0.068182 0.077020
8 0.853338 0.520833 0.039062 0.059343
3 0.769531 0.046086 0.039062 0.059343
0 0.702415 0.462753 0.068182 0.077020
2 0.778054 0.734217 0.029119 0.051768
8 0.350497 0.554924 0.039062 0.059343
6 0.721236 0.844066 0.039062 0.059343
2 0.474077 0.311237 0.029119 0.051768
5 0.101918 0.655934 0.039062 0.059343
6 0.944247 0.687500 0.039062 0.059343
6 0.153764 0.277146 0.039062 0.059343
4 0.434304 0.166035 0.039062 0.059343
4 0.197088 0.721591 0.039062 0.059343
0 0.409801 0.839015 0.068182 0.077020
2 0.609020 0.692551 0.029119 0.051768
