6 0.054332 0.941288 0.039062 0.059343
6 0.209872 0.241793 0.039062 0.059343
3 0.698509 0.553662 0.039062 0.059343
6 0.592685 0.361742 0.039062 0.059343
2 0.704190 0.285985 0.029119 0.051768
8 0.939986 0.091540 0.039062 0.059343
4 0.180043 0.528409 0.039062 0.059343
8 0.465554 0.888258 0.039062 0.059343
8 0.341974 0.481692 0.039062 0.059343
7 0.349077 0.767045 0.039062 0.059343
1 0.669034 0.658460 0.068182 0.077020
2 0.559304 0.113005 0.029119 0.051768
7 0.164418 0.650884 0.039062 0.059343
3 0.479759 0.042298 0.039062 0.059343
3 0.974077 0.951389 0.039062 0.059343
8 0.924361 0.767045 0.039062 0.059343
7 0.333452 0.109217 0.039062 0.059343
5 0.827770 0.443813 0.039062 0.059343
1 0.044034 0.513258 0.068182 0.077020
2 0.770952 0.291035 0.029119 0.051768
1 0.566051 0.951389 0.068182 0.077020
4 0.549361 0.719066 0.039062 0.059343
6 0.036577 0.751894 0.039062 0.059343
0 0.954545 0.356692 0.068182 0.077020
8 0.783026 0.900884 0.039062 0.059343
2 0.048651 0.240530 0.029119 0.051768
2 0.025923 0.138258 0.029119 0.051768
5 0.957741 0.467803 0.039062 0.059343
6 0.817116 0.097854 0.039062 0.059343
2 0.415128 0.768308 0.029119 0.051768
7 0.547230 0.541035 0.039062 0.059343
6 0.332741 0.881944 0.039062 0.059343
4 0.270952 0.235480 0.039062 0.059343
0 0.163352 0.861742 0.068182 0.077020
5 0.818537 0.731692 0.039062 0.059343
6 0.472656 0.506944 0.039062 0.059343
