8 0.346946 0.440025 0.039062 0.059343
6 0.854048 0.520833 0.039062 0.059343
3 0.398082 0.230429 0.039062 0.059343
4 0.604759 0.695076 0.039062 0.059343
5 0.783026 0.695076 0.039062 0.059343
0 0.318182 0.898359 0.068182 0.077020
8 0.344815 0.155934 0.039062 0.059343
6 0.801491 0.950126 0.039062 0.059343
5 0.472656 0.158460 0.039062 0.059343
2 0.582031 0.115530 0.029119 0.051768
1 0.913352 0.644571 0.068182 0.077020
4 0.078480 0.267045 0.039062 0.059343
6 0.417969 0.717803 0.039062 0.059343
3 0.023793 0.479167 0.039062 0.059343
2 0.139560 0.316288 0.029119 0.051768
8 0.659446 0.888258 0.039062 0.059343
8 0.711293 0.297348 0.039062 0.059343
7 0.155895 0.118056 0.039062 0.059343
0 0.706676 0.676136 0.068182 0.077020
5 0.912287 0.833965 0.039062 0.059343
3 0.900213 0.434975 0.039062 0.059343
4 0.458452 0.916035 0.039062 0.059343
1 0.705256 0.546086 0.068182 0.077020
0 0.667614 0.102904 0.068182 0.077020
2 0.016690 0.864268 0.029119 0.051768
4 0.197088 0.496843 0.039062 0.059343
1 0.932528 0.054924 0.068182 0.077020
2 0.564986 0.366793 0.029119 0.051768
2 0.351207 0.298611 0.029119 0.051768
