3 0.293679 0.759470 0.039062 0.059343
6 0.829901 0.873106 0.039062 0.059343
8 0.057884 0.897096 0.039062 0.059343
4 0.340554 0.066288 0.039062 0.059343
3 0.650923 0.116793 0.039062 0.059343
1 0.187500 0.750631 0.068182 0.077020
5 0.531605 0.244318 0.039062 0.059343
1 0.067472 0.105429 0.068182 0.077020
1 0.576705 0.903409 0.068182 0.077020
6 0.559304 0.042298 0.039062 0.059343
0 0.303267 0.479167 0.068182 0.077020
2 0.609020 0.446338 0.029119 0.051768
6 0.727628 0.529672 0.039062 0.059343
5 0.721946 0.318813 0.039062 0.059343
8 0.092685 0.337753 0.039062 0.059343
4 0.158026 0.929924 0.039062 0.059343
1 0.944602 0.116793 0.068182 0.077020
7 0.197088 0.489268 0.039062 0.059343
6 0.591264 0.660985 0.039062 0.059343
4 0.324219 0.898359 0.039062 0.059343
1 0.956676 0.645833 0.068182 0.077020
3 0.310724 0.229167 0.039062 0.059343
8 0.979759 0.499369 0.039062 0.059343
0 0.199574 0.283460 0.068182 0.077020
6 0.917969 0.292298 0.039062 0.059343
8 0.220526 0.065025 0.039062 0.059343
8 0.787997 0.243056 0.039062 0.059343
1 0.790483 0.460227 0.068182 0.077020
5 0.932884 0.884470 0.039062 0.059343
2 0.822088 0.644571 0.029119 0.051768
3 0.657315 0.683712 0.039062 0.059343
7 0.105469 0.433712 0.039062 0.059343
3 0.411577 0.475379 0.039062 0.059343
0 0.442472 0.350379 0.068182 0.077020
2 0.459872 0.688763 0.029119 0.051768
6 0.454901 0.029672 0.039062 0.059343
4 0.819247 0.048611 0.039062 0.059343
2 0.056463 0.695076 0.029119 0.051768
3 0.474787 0.880682 0.039062 0.059343
3 0.689276 0.937500 0.039062 0.059343
