7 0.841974 0.541035 0.039062 0.059343
6 0.077770 0.682449 0.039062 0.059343
8 0.962713 0.650884 0.039062 0.059343
8 0.290128 0.465278 0.039062 0.059343
6 0.710582 0.057449 0.039062 0.059343
5 0.445668 0.124369 0.039062 0.059343
5 0.519531 0.952652 0.039062 0.059343
8 0.786577 0.845328 0.039062 0.059343
4 0.344105 0.351641 0.039062 0.059343
0 0.922585 0.273359 0.068182 0.077020
3 0.155185 0.253157 0.039062 0.059343
1 0.568182 0.679924 0.068182 0.077020
1 0.553267 0.520833 0.068182 0.077020
1 0.301847 0.089015 0.068182 0.077020
3 0.074929 0.123106 0.039062 0.059343
0 0.305398 0.684975 0.068182 0.077020
1 0.436080 0.640783 0.068182 0.077020
1 0.958807 0.131944 0.068182 0.077020
6 0.601918 0.292298 0.039062 0.059343
8 0.976918 0.544823 0.039062 0.059343
1 0.184659 0.880682 0.068182 0.077020
3 0.157315 0.471591 0.039062 0.059343
3 0.399503 0.441288 0.039062 0.059343
