1 0.462358 0.754419 0.068182 0.077020
6 0.082741 0.938763 0.039062 0.059343
3 0.146662 0.469066 0.039062 0.059343
1 0.455256 0.046086 0.068182 0.077020
8 0.201349 0.313763 0.039062 0.059343
7 0.276634 0.832702 0.039062 0.059343
7 0.562145 0.109217 0.039062 0.059343
5 0.811435 0.241793 0.039062 0.059343
5 0.599077 0.297348 0.039062 0.059343
4 0.803622 0.041035 0.039062 0.059343
6 0.976918 0.244318 0.039062 0.059343
4 0.932884 0.154672 0.039062 0.059343
2 0.327060 0.352904 0.029119 0.051768
6 0.444247 0.278409 0.039062 0.059343
8 0.672940 0.725379 0.039062 0.059343
7 0.296520 0.431187 0.039062 0.059343
6 0.694957 0.504419 0.039062 0.059343
4 0.277344 0.732955 0.039062 0.059343
1 0.553267 0.537247 0.068182 0.077020
2 0.793679 0.438763 0.029119 0.051768
6 0.660866 0.897096 0.039062 0.059343
