4 0.313565 0.960227 0.039062 0.059343
4 0.576349 0.460227 0.039062 0.059343
4 0.461293 0.933712 0.039062 0.059343
8 0.669389 0.107955 0.039062 0.059343
7 0.344815 0.749369 0.039062 0.059343
5 0.948509 0.336490 0.039062 0.059343
7 0.604759 0.631944 0.039062 0.059343
6 0.928622 0.837753 0.039062 0.059343
7 0.556463 0.143308 0.039062 0.059343
0 0.327415 0.147096 0.068182 0.077020
4 0.549361 0.239268 0.039062 0.059343
3 0.672230 0.484217 0.039062 0.059343
7 0.603338 0.839015 0.039062 0.059343
8 0.812855 0.645833 0.039062 0.059343
4 0.034446 0.717803 0.039062 0.059343
8 0.827770 0.524621 0.039062 0.059343
6 0.657315 0.905934 0.039062 0.059343
3 0.302912 0.263258 0.039062 0.059343
4 0.439276 0.142045 0.039062 0.059343
5 0.216974 0.965278 0.039062 0.059343
