5 0.213423 0.437500 0.039062 0.059343
7 0.085582 0.758207 0.039062 0.059343
7 0.675071 0.873106 0.039062 0.059343
6 0.787997 0.336490 0.039062 0.059343
6 0.948509 0.871843 0.039062 0.059343
5 0.150213 0.083965 0.039062 0.059343
8 0.101918 0.032197 0.039062 0.059343
5 0.089134 0.340278 0.039062 0.059343
0 0.073864 0.464015 0.068182 0.077020
5 0.312855 0.635732 0.039062 0.059343
2 0.845526 0.086490 0.029119 0.051768
6 0.665128 0.143308 0.039062 0.059343
6 0.148082 0.706439 0.039062 0.059343
0 0.835227 0.859217 0.068182 0.077020
4 0.966974 0.142045 0.039062 0.059343
8 0.553622 0.344066 0.039062 0.059343
1 0.696023 0.490530 0.068182 0.077020
1 0.463778 0.660985 0.068182 0.077020
0 0.317472 0.073864 0.068182 0.077020
0 0.055398 0.885732 0.068182 0.077020
3 0.959872 0.754419 0.039062 0.059343
4 0.564276 0.639520 0.039062 0.059343
2 0.276634 0.432449 0.029119 0.051768
3 0.454901 0.833965 0.039062 0.059343
1 0.578125 0.097854 0.068182 0.077020
0 0.838068 0.517045 0.068182 0.077020
6 0.310724 0.967803 0.039062 0.059343
8 0.937145 0.311237 0.039062 0.059343
4 0.163707 0.852904 0.039062 0.059343
1 0.437500 0.317551 0.068182 0.077020
3 0.200639 0.309975 0.039062 0.059343
1 0.550426 0.532197 0.068182 0.077020
8 0.420810 0.126894 0.039062 0.059343
5 0.287287 0.248106 0.039062 0.059343
2 0.518821 0.823864 0.029119 0.051768
5 0.922940 0.475379 0.039062 0.059343
5 0.428622 0.524621 0.039062 0.059343
2 0.805043 0.663510 0.029119 0.051768
6 0.707031 0.248106 0.039062 0.059343
8 0.701349 0.663510 0.039062 0.059343
