4 0.774503 0.364268 0.039062 0.059343
3 0.824929 0.918561 0.039062 0.059343
2 0.932173 0.445076 0.029119 0.051768
5 0.779474 0.667298 0.039062 0.059343
0 0.940341 0.740530 0.068182 0.077020
5 0.326349 0.748106 0.039062 0.059343
1 0.040483 0.357955 0.068182 0.077020
0 0.200284 0.107955 0.068182 0.077020
0 0.568182 0.258207 0.068182 0.077020
1 0.169034 0.301136 0.068182 0.077020
4 0.026634 0.548611 0.039062 0.059343
0 0.955256 0.085227 0.068182 0.077020
7 0.591264 0.150884 0.039062 0.059343
5 0.332031 0.889520 0.039062 0.059343
7 0.671520 0.330177 0.039062 0.059343
5 0.527344 0.486742 0.039062 0.059343
0 0.411222 0.283460 0.068182 0.077020
1 0.433949 0.533460 0.068182 0.077020
6 0.962003 0.899621 0.039062 0.059343
2 0.661577 0.942551 0.029119 0.051768
6 0.224787 0.864268 0.039062 0.059343
6 0.103338 0.884470 0.039062 0.059343
3 0.400213 0.094066 0.039062 0.059343
4 0.965554 0.363005 0.039062 0.059343
5 0.474077 0.950126 0.039062 0.059343
5 0.699929 0.453914 0.039062 0.059343
0 0.833097 0.090278 0.068182 0.077020
6 0.479759 0.720328 0.039062 0.059343
2 0.160156 0.503157 0.029119 0.051768
2 0.264560 0.063763 0.029119 0.051768
5 0.307884 0.355429 0.039062 0.059343
7 0.817827 0.508207 0.039062 0.059343
4 0.561435 0.739268 0.039062 0.059343
3 0.025923 0.720328 0.039062 0.059343
2 0.077770 0.030934 0.029119 0.051768
8 0.712713 0.642045 0.039062 0.059343
4 0.645952 0.092803 0.039062 0.059343
6 0.150923 0.692551 0.039062 0.059343
0 0.582386 0.855429 0.068182 0.077020
