4 0.840554 0.104167 0.039062 0.059343
8 0.071378 0.428662 0.039062 0.059343
7 0.470526 0.052399 0.039062 0.059343
8 0.463423 0.552399 0.039062 0.059343
2 0.557173 0.739268 0.029119 0.051768
3 0.197798 0.884470 0.039062 0.059343
4 0.182173 0.235480 0.039062 0.059343
4 0.097656 0.703914 0.039062 0.059343
3 0.575639 0.113005 0.039062 0.059343
4 0.297230 0.754419 0.039062 0.059343
0 0.687500 0.091540 0.068182 0.077020
3 0.521662 0.355429 0.039062 0.059343
4 0.837003 0.929924 0.039062 0.059343
4 0.411577 0.940025 0.039062 0.059343
2 0.789418 0.442551 0.029119 0.051768
4 0.932173 0.109217 0.039062 0.059343
8 0.712713 0.850379 0.039062 0.059343
1 0.164773 0.135732 0.068182 0.077020
8 0.675781 0.761995 0.039062 0.059343
0 0.960227 0.275884 0.068182 0.077020
2 0.329901 0.934975 0.029119 0.051768
3 0.700639 0.548611 0.039062 0.059343
4 0.334162 0.051136 0.039062 0.059343
6 0.213423 0.490530 0.039062 0.059343
1 0.551847 0.946338 0.068182 0.077020
8 0.695668 0.234217 0.039062 0.059343
0 0.785511 0.716540 0.068182 0.077020
1 0.560369 0.523359 0.068182 0.077020
4 0.220526 0.671086 0.039062 0.059343
1 0.284091 0.462753 0.068182 0.077020
6 0.419389 0.366793 0.039062 0.059343
1 0.077415 0.871843 0.068182 0.077020
0 0.811080 0.265783 0.068182 0.077020
0 0.950284 0.850379 0.068182 0.077020
3 0.926491 0.714015 0.039062 0.059343
2 0.915838 0.565025 0.029119 0.051768
2 0.346946 0.246843 0.029119 0.051768
