0 0.335227 0.341540 0.068182 0.077020
3 0.718395 0.115530 0.039062 0.059343
4 0.417259 0.063763 0.039062 0.059343
3 0.601918 0.837753 0.039062 0.059343
1 0.088778 0.738005 0.068182 0.077020
3 0.433594 0.446338 0.039062 0.059343
3 0.200639 0.363005 0.039062 0.059343
2 0.324219 0.830177 0.029119 0.051768
5 0.915838 0.309975 0.039062 0.059343
7 0.850497 0.633207 0.039062 0.059343
6 0.179332 0.159722 0.039062 0.059343
1 0.690341 0.643308 0.068182 0.077020
4 0.224077 0.544823 0.039062 0.059343
6 0.580611 0.340278 0.039062 0.059343
7 0.194247 0.702652 0.039062 0.059343
7 0.778054 0.058712 0.039062 0.059343
3 0.318537 0.553662 0.039062 0.059343
2 0.964134 0.505682 0.029119 0.051768
1 0.698864 0.494318 0.068182 0.077020
1 0.957386 0.719066 0.068182 0.077020
8 0.272372 0.115530 0.039062 0.059343
2 0.405895 0.864268 0.029119 0.051768
2 0.067116 0.100379 0.029119 0.051768
2 0.945668 0.092803 0.029119 0.051768
1 0.066051 0.551136 0.068182 0.077020
2 0.810014 0.886995 0.029119 0.051768
7 0.685014 0.953914 0.039062 0.059343
3 0.550781 0.431187 0.039062 0.059343
6 0.158026 0.880682 0.039062 0.059343
2 0.900213 0.957702 0.029119 0.051768
0 0.046165 0.254419 0.068182 0.077020
4 0.837713 0.481692 0.039062 0.059343
5 0.787997 0.291035 0.039062 0.059343
8 0.569957 0.133207 0.039062 0.059343
8 0.309304 0.635732 0.039062 0.059343
