2 0.698509 0.238005 0.029119 0.051768
1 0.450994 0.539773 0.068182 0.077020
1 0.291903 0.147096 0.068182 0.077020
8 0.927912 0.892045 0.039062 0.059343
4 0.190696 0.729167 0.039062 0.059343
4 0.549361 0.688763 0.039062 0.059343
4 0.954190 0.544823 0.039062 0.059343
0 0.036932 0.841540 0.068182 0.077020
4 0.558594 0.541035 0.039062 0.059343
7 0.778764 0.648359 0.039062 0.059343
1 0.044034 0.504419 0.068182 0.077020
0 0.661222 0.144571 0.068182 0.077020
5 0.340554 0.529672 0.039062 0.059343
1 0.171875 0.282197 0.068182 0.077020
5 0.568537 0.886995 0.039062 0.059343
7 0.212713 0.437500 0.039062 0.059343
1 0.291193 0.321338 0.068182 0.077020
7 0.410156 0.964015 0.039062 0.059343
7 0.285866 0.666035 0.039062 0.059343
7 0.855469 0.870581 0.039062 0.059343
5 0.461293 0.767045 0.039062 0.059343
1 0.711648 0.869318 0.068182 0.077020
6 0.592685 0.273359 0.039062 0.059343
7 0.191406 0.056187 0.039062 0.059343
2 0.429332 0.135732 0.029119 0.051768
2 0.841974 0.075126 0.029119 0.051768
7 0.908026 0.734217 0.039062 0.059343
6 0.423651 0.337753 0.039062 0.059343
3 0.792969 0.230429 0.039062 0.059343
6 0.525213 0.109217 0.039062 0.059343
3 0.340554 0.876894 0.039062 0.059343
