5 0.435014 0.562500 0.039062 0.059343
0 0.041193 0.904672 0.068182 0.077020
0 0.674716 0.455177 0.068182 0.077020
4 0.415838 0.926136 0.039062 0.059343
4 0.226207 0.683712 0.039062 0.059343
5 0.184304 0.530934 0.039062 0.059343
1 0.162642 0.895833 0.068182 0.077020
5 0.301491 0.297348 0.039062 0.059343
8 0.043679 0.446338 0.039062 0.059343
8 0.447798 0.245581 0.039062 0.059343
4 0.571378 0.039773 0.039062 0.059343
4 0.855469 0.552399 0.039062 0.059343
3 0.898793 0.948864 0.039062 0.059343
6 0.959162 0.565025 0.039062 0.059343
2 0.840554 0.682449 0.029119 0.051768
6 0.456321 0.703914 0.039062 0.059343
6 0.661577 0.702652 0.039062 0.059343
7 0.823509 0.034722 0.039062 0.059343
4 0.312855 0.090278 0.039062 0.059343
1 0.562500 0.942551 0.068182 0.077020
6 0.685014 0.234217 0.039062 0.059343
7 0.685014 0.059975 0.039062 0.059343
3 0.448509 0.037247 0.039062 0.059343
1 0.328125 0.672348 0.068182 0.077020
7 0.582741 0.730429 0.039062 0.059343
2 0.032315 0.754419 0.029119 0.051768
3 0.208452 0.352904 0.039062 0.059343
