4 0.280185 0.860480 0.039062 0.059343
0 0.551136 0.706439 0.068182 0.077020
7 0.835582 0.730429 0.039062 0.059343
8 0.710582 0.284722 0.039062 0.059343
4 0.287997 0.438763 0.039062 0.059343
4 0.681463 0.455177 0.039062 0.059343
8 0.520241 0.967803 0.039062 0.059343
1 0.686080 0.739268 0.068182 0.077020
6 0.437855 0.967803 0.039062 0.059343
4 0.226918 0.096591 0.039062 0.059343
8 0.911577 0.140783 0.039062 0.059343
2 0.216264 0.698864 0.029119 0.051768
2 0.574219 0.479167 0.029119 0.051768
5 0.918679 0.515783 0.039062 0.059343
6 0.407315 0.673611 0.039062 0.059343
1 0.193892 0.485480 0.068182 0.077020
2 0.484020 0.547348 0.029119 0.051768
8 0.798651 0.907197 0.039062 0.059343
3 0.404474 0.138258 0.039062 0.059343
1 0.965909 0.299874 0.068182 0.077020
0 0.409801 0.349116 0.068182 0.077020
