1 0.441761 0.317551 0.068182 0.077020
1 0.556818 0.292298 0.068182 0.077020
0 0.161222 0.916035 0.068182 0.077020
3 0.519531 0.085227 0.039062 0.059343
0 0.458807 0.549874 0.068182 0.077020
2 0.713423 0.687500 0.029119 0.051768
4 0.458452 0.110480 0.039062 0.059343
5 0.462713 0.922348 0.039062 0.059343
5 0.820668 0.327652 0.039062 0.059343
4 0.716264 0.047348 0.039062 0.059343
5 0.050781 0.668561 0.039062 0.059343
4 0.968395 0.105429 0.039062 0.059343
3 0.687855 0.506944 0.039062 0.059343
5 0.165128 0.037247 0.039062 0.059343
1 0.554688 0.917298 0.068182 0.077020
1 0.910511 0.245581 0.068182 0.077020
1 0.202415 0.558712 0.068182 0.077020
0 0.084517 0.532197 0.068182 0.077020
0 0.836648 0.102904 0.068182 0.077020
3 0.049361 0.085227 0.039062 0.059343
4 0.314276 0.674874 0.039062 0.059343
2 0.841264 0.628157 0.029119 0.051768
7 0.302912 0.143308 0.039062 0.059343
8 0.320668 0.495581 0.039062 0.059343
3 0.591264 0.629419 0.039062 0.059343
7 0.721946 0.267045 0.039062 0.059343
6 0.969105 0.951389 0.039062 0.059343
6 0.701349 0.934975 0.039062 0.059343
6 0.346946 0.932449 0.039062 0.059343
8 0.841974 0.475379 0.039062 0.059343
2 0.915838 0.645833 0.029119 0.051768
