1 0.927557 0.726641 0.068182 0.077020
5 0.577770 0.654672 0.039062 0.059343
0 0.963778 0.066288 0.068182 0.077020
8 0.192827 0.654672 0.039062 0.059343
6 0.465554 0.698864 0.039062 0.059343
0 0.830966 0.892045 0.068182 0.077020
0 0.791903 0.452652 0.068182 0.077020
0 0.689631 0.649621 0.068182 0.077020
2 0.024503 0.316288 0.029119 0.051768
7 0.934304 0.841540 0.039062 0.059343
7 0.963423 0.277146 0.039062 0.059343
1 0.583807 0.360480 0.068182 0.077020
8 0.207031 0.080177 0.039062 0.059343
4 0.851918 0.754419 0.039062 0.059343
3 0.319957 0.722854 0.039062 0.059343
4 0.036577 0.740530 0.039062 0.059343
8 0.082741 0.888258 0.039062 0.059343
5 0.650923 0.072601 0.039062 0.059343
7 0.053622 0.120581 0.039062 0.059343
7 0.337003 0.042298 0.039062 0.059343
6 0.185724 0.941288 0.039062 0.059343
5 0.320668 0.336490 0.039062 0.059343
4 0.695668 0.549874 0.039062 0.059343
4 0.704901 0.897096 0.039062 0.059343
0 0.839489 0.142045 0.068182 0.077020
7 0.672940 0.304924 0.039062 0.059343
7 0.581321 0.563763 0.039062 0.059343
5 0.019531 0.559975 0.039062 0.059343
7 0.453480 0.149621 0.039062 0.059343
5 0.173651 0.442551 0.039062 0.059343
6 0.167259 0.235480 0.039062 0.059343
2 0.336293 0.832702 0.029119 0.051768
4 0.404474 0.871843 0.039062 0.059343
