1 0.044034 0.259470 0.068182 0.077020
5 0.286577 0.436237 0.039062 0.059343
7 0.327060 0.874369 0.039062 0.059343
0 0.830256 0.543561 0.068182 0.077020
8 0.302202 0.309975 0.039062 0.059343
7 0.832741 0.663510 0.039062 0.059343
6 0.646662 0.711490 0.039062 0.059343
5 0.962713 0.719066 0.039062 0.059343
3 0.829190 0.096591 0.039062 0.059343
3 0.435724 0.321338 0.039062 0.059343
2 0.573509 0.740530 0.029119 0.051768
8 0.800071 0.888258 0.039062 0.059343
3 0.477628 0.482955 0.039062 0.059343
5 0.704190 0.503157 0.039062 0.059343
0 0.709517 0.894571 0.068182 0.077020
2 0.928622 0.229167 0.029119 0.051768
6 0.083452 0.082702 0.039062 0.059343
7 0.425781 0.881944 0.039062 0.059343
4 0.079190 0.840278 0.039062 0.059343
1 0.190341 0.932449 0.068182 0.077020
4 0.426491 0.068813 0.039062 0.059343
8 0.153764 0.269571 0.039062 0.059343
5 0.219815 0.072601 0.039062 0.059343
8 0.980469 0.135732 0.039062 0.059343
2 0.900923 0.498106 0.029119 0.051768
4 0.067116 0.677399 0.039062 0.059343
6 0.580611 0.136995 0.039062 0.059343
8 0.329901 0.745581 0.039062 0.059343
1 0.188210 0.461490 0.068182 0.077020
3 0.341974 0.068813 0.039062 0.059343
