6 0.560724 0.529672 0.039062 0.059343
8 0.054332 0.942551 0.039062 0.059343
5 0.300071 0.845328 0.039062 0.059343
6 0.207741 0.072601 0.039062 0.059343
3 0.167969 0.914773 0.039062 0.059343
5 0.896662 0.323864 0.039062 0.059343
1 0.291193 0.303662 0.068182 0.077020
3 0.846946 0.657197 0.039062 0.059343
1 0.166903 0.469066 0.068182 0.077020
5 0.837713 0.919823 0.039062 0.059343
6 0.073509 0.667298 0.039062 0.059343
8 0.414418 0.432449 0.039062 0.059343
5 0.832741 0.563763 0.039062 0.059343
6 0.728338 0.860480 0.039062 0.059343
3 0.683594 0.339015 0.039062 0.059343
1 0.036932 0.123106 0.068182 0.077020
7 0.052912 0.232955 0.039062 0.059343
8 0.197088 0.306187 0.039062 0.059343
3 0.096236 0.552399 0.039062 0.059343
4 0.948509 0.712753 0.039062 0.059343
1 0.328835 0.727904 0.068182 0.077020
8 0.527344 0.268308 0.039062 0.059343
