6 0.303622 0.673611 0.039062 0.059343
7 0.150923 0.863005 0.039062 0.059343
0 0.684659 0.105429 0.068182 0.077020
4 0.056463 0.289773 0.039062 0.059343
3 0.707741 0.761995 0.039062 0.059343
8 0.351207 0.274621 0.039062 0.059343
6 0.900923 0.701389 0.039062 0.059343
7 0.454190 0.321338 0.039062 0.059343
4 0.954190 0.482955 0.039062 0.059343
6 0.829190 0.063763 0.039062 0.059343
2 0.212713 0.337753 0.029119 0.051768
0 0.815341 0.755682 0.068182 0.077020
6 0.670099 0.947601 0.039062 0.059343
4 0.403054 0.760732 0.039062 0.059343
8 0.550781 0.035985 0.039062 0.059343
6 0.591974 0.299874 0.039062 0.059343
3 0.434304 0.482955 0.039062 0.059343
3 0.211293 0.722854 0.039062 0.059343
0 0.189631 0.532197 0.068182 0.077020
5 0.834162 0.865530 0.039062 0.059343
0 0.424006 0.075126 0.068182 0.077020
3 0.978338 0.043561 0.039062 0.059343
1 0.564631 0.860480 0.068182 0.077020
0 0.683949 0.559975 0.068182 0.077020
0 0.166193 0.042298 0.068182 0.077020
6 0.297940 0.169823 0.039062 0.059343
7 0.568537 0.500631 0.039062 0.059343
2 0.844105 0.544823 0.029119 0.051768
2 0.022372 0.453914 0.029119 0.051768
5 0.535866 0.740530 0.039062 0.059343
8 0.404474 0.936237 0.039062 0.059343
2 0.905185 0.335227 0.029119 0.051768
4 0.939986 0.856692 0.039062 0.059343
5 0.087003 0.850379 0.039062 0.059343
5 0.802202 0.298611 0.039062 0.059343
7 0.302912 0.914773 0.039062 0.059343
0 0.049006 0.059975 0.068182 0.077020
6 0.032315 0.683712 0.039062 0.059343
8 0.675071 0.363005 0.039062 0.059343
