5 0.397372 0.446338 0.039062 0.059343
6 0.809304 0.457702 0.039062 0.059343
6 0.832741 0.337753 0.039062 0.059343
7 0.327770 0.077652 0.039062 0.059343
0 0.659801 0.894571 0.068182 0.077020
1 0.833807 0.657197 0.068182 0.077020
2 0.040838 0.248106 0.029119 0.051768
3 0.803622 0.148359 0.039062 0.059343
5 0.574929 0.644571 0.039062 0.059343
1 0.557528 0.859217 0.068182 0.077020
0 0.318182 0.442551 0.068182 0.077020
0 0.964489 0.533460 0.068182 0.077020
6 0.222656 0.162247 0.039062 0.059343
0 0.701705 0.734217 0.068182 0.077020
8 0.291548 0.654672 0.039062 0.059343
4 0.066406 0.630682 0.039062 0.059343
4 0.685014 0.493056 0.039062 0.059343
2 0.087003 0.844066 0.029119 0.051768
5 0.525923 0.443813 0.039062 0.059343
5 0.212003 0.258207 0.039062 0.059343
7 0.280185 0.965278 0.039062 0.059343
4 0.706321 0.315025 0.039062 0.059343
0 0.336648 0.330177 0.068182 0.077020
0 0.588778 0.294823 0.068182 0.077020
6 0.185724 0.472854 0.039062 0.059343
3 0.559304 0.081439 0.039062 0.059343
2 0.226207 0.845328 0.029119 0.051768
7 0.955611 0.698864 0.039062 0.059343
0 0.933239 0.078914 0.068182 0.077020
1 0.705256 0.056187 0.068182 0.077020
6 0.474787 0.750631 0.039062 0.059343
6 0.933594 0.894571 0.039062 0.059343
