2 0.200639 0.346591 0.029119 0.051768
8 0.895952 0.541035 0.039062 0.059343
5 0.802912 0.878157 0.039062 0.059343
4 0.216974 0.500631 0.039062 0.059343
3 0.699929 0.498106 0.039062 0.059343
5 0.582741 0.652146 0.039062 0.059343
8 0.091974 0.912247 0.039062 0.059343
4 0.538707 0.500631 0.039062 0.059343
8 0.411577 0.355429 0.039062 0.059343
7 0.026634 0.657197 0.039062 0.059343
5 0.435014 0.850379 0.039062 0.059343
8 0.206321 0.131944 0.039062 0.059343
7 0.339134 0.924874 0.039062 0.059343
3 0.704190 0.892045 0.039062 0.059343
3 0.947798 0.044823 0.039062 0.059343
2 0.397372 0.123106 0.029119 0.051768
6 0.314986 0.647096 0.039062 0.059343
3 0.706321 0.124369 0.039062 0.059343
6 0.851918 0.163510 0.039062 0.059343
1 0.298295 0.289773 0.068182 0.077020
4 0.948509 0.946338 0.039062 0.059343
2 0.100497 0.086490 0.029119 0.051768
6 0.448509 0.513258 0.039062 0.059343
7 0.208452 0.857955 0.039062 0.059343
0 0.437500 0.663510 0.068182 0.077020
