8 0.689986 0.654672 0.039062 0.059343
8 0.283736 0.898359 0.039062 0.059343
8 0.807173 0.653409 0.039062 0.059343
1 0.194602 0.839015 0.068182 0.077020
6 0.181463 0.284722 0.039062 0.059343
6 0.712003 0.139520 0.039062 0.059343
0 0.830256 0.472854 0.068182 0.077020
6 0.528054 0.124369 0.039062 0.059343
7 0.658736 0.304924 0.039062 0.059343
1 0.446023 0.094066 0.068182 0.077020
6 0.422940 0.830177 0.039062 0.059343
7 0.947088 0.730429 0.039062 0.059343
8 0.300781 0.364268 0.039062 0.059343
6 0.942827 0.143308 0.039062 0.059343
8 0.961293 0.308712 0.039062 0.059343
4 0.040128 0.669823 0.039062 0.059343
0 0.825994 0.267045 0.068182 0.077020
6 0.930753 0.537247 0.039062 0.059343
7 0.218395 0.716540 0.039062 0.059343
2 0.544389 0.317551 0.029119 0.051768
0 0.701705 0.508207 0.068182 0.077020
6 0.354759 0.498106 0.039062 0.059343
7 0.065696 0.440025 0.039062 0.059343
5 0.415838 0.732955 0.039062 0.059343
0 0.586648 0.638258 0.068182 0.077020
2 0.578480 0.482955 0.029119 0.051768
3 0.045099 0.160985 0.039062 0.059343
5 0.422940 0.432449 0.039062 0.059343
5 0.588423 0.847854 0.039062 0.059343
8 0.288707 0.735480 0.039062 0.059343
7 0.396662 0.299874 0.039062 0.059343
8 0.089844 0.304924 0.039062 0.059343
3 0.802912 0.076389 0.039062 0.059343
8 0.212713 0.429924 0.039062 0.059343
5 0.222656 0.096591 0.039062 0.059343
