7 0.089134 0.833965 0.039062 0.059343
3 0.312855 0.059975 0.039062 0.059343
7 0.834872 0.650884 0.039062 0.059343
7 0.722656 0.865530 0.039062 0.059343
0 0.810369 0.533460 0.068182 0.077020
3 0.442116 0.509470 0.039062 0.059343
2 0.824219 0.904672 0.029119 0.051768
6 0.158026 0.092803 0.039062 0.059343
0 0.585227 0.927399 0.068182 0.077020
6 0.790128 0.046086 0.039062 0.059343
6 0.710582 0.450126 0.039062 0.059343
0 0.944602 0.668561 0.068182 0.077020
5 0.038707 0.485480 0.039062 0.059343
0 0.317472 0.268308 0.068182 0.077020
3 0.442116 0.077652 0.039062 0.059343
0 0.160511 0.503157 0.068182 0.077020
4 0.579901 0.437500 0.039062 0.059343
0 0.703835 0.720328 0.068182 0.077020
2 0.278054 0.448864 0.029119 0.051768
5 0.161577 0.966540 0.039062 0.059343
0 0.959517 0.881944 0.068182 0.077020
3 0.182173 0.729167 0.039062 0.059343
5 0.949219 0.558712 0.039062 0.059343
2 0.973366 0.349116 0.029119 0.051768
3 0.031605 0.724116 0.039062 0.059343
3 0.790838 0.331439 0.039062 0.059343
4 0.467685 0.962753 0.039062 0.059343
2 0.295810 0.835227 0.029119 0.051768
4 0.959872 0.058712 0.039062 0.059343
1 0.047585 0.255682 0.068182 0.077020
3 0.537287 0.715278 0.039062 0.059343
