8 0.200639 0.066288 0.039062 0.059343
7 0.537997 0.275884 0.039062 0.059343
2 0.283736 0.666035 0.029119 0.051768
3 0.936435 0.566288 0.039062 0.059343
3 0.444957 0.868056 0.039062 0.059343
8 0.797230 0.272096 0.039062 0.059343
5 0.035866 0.760732 0.039062 0.059343
8 0.144531 0.355429 0.039062 0.059343
1 0.553977 0.501894 0.068182 0.077020
3 0.927202 0.336490 0.039062 0.059343
4 0.290128 0.086490 0.039062 0.059343
5 0.700639 0.635732 0.039062 0.059343
8 0.664418 0.464015 0.039062 0.059343
5 0.459162 0.748106 0.039062 0.059343
2 0.809304 0.063763 0.029119 0.051768
2 0.077060 0.244318 0.029119 0.051768
5 0.802912 0.702652 0.039062 0.059343
8 0.204190 0.942551 0.039062 0.059343
2 0.390270 0.344066 0.029119 0.051768
8 0.077060 0.465278 0.039062 0.059343
0 0.836648 0.917298 0.068182 0.077020
0 0.910511 0.090278 0.068182 0.077020
1 0.075284 0.111742 0.068182 0.077020
6 0.318537 0.272096 0.039062 0.059343
5 0.729759 0.828914 0.039062 0.059343
7 0.463423 0.090278 0.039062 0.059343
7 0.557173 0.889520 0.039062 0.059343
