1 0.296165 0.048611 0.068182 0.077020
3 0.315696 0.631944 0.039062 0.059343
1 0.066051 0.484217 0.068182 0.077020
1 0.039062 0.133207 0.068182 0.077020
6 0.579901 0.517045 0.039062 0.059343
5 0.932173 0.285985 0.039062 0.059343
8 0.435724 0.654672 0.039062 0.059343
5 0.773793 0.361742 0.039062 0.059343
3 0.167259 0.491793 0.039062 0.059343
8 0.225497 0.054924 0.039062 0.059343
2 0.060724 0.293561 0.029119 0.051768
6 0.341974 0.854167 0.039062 0.059343
0 0.664062 0.071338 0.068182 0.077020
3 0.930753 0.658460 0.039062 0.059343
6 0.466974 0.553662 0.039062 0.059343
7 0.822798 0.556187 0.039062 0.059343
4 0.170099 0.945076 0.039062 0.059343
8 0.202060 0.710227 0.039062 0.059343
8 0.664418 0.866793 0.039062 0.059343
1 0.337358 0.484217 0.068182 0.077020
0 0.430398 0.861742 0.068182 0.077020
7 0.048651 0.903409 0.039062 0.059343
4 0.070668 0.735480 0.039062 0.059343
5 0.689986 0.341540 0.039062 0.059343
3 0.774503 0.635732 0.039062 0.059343
