6 0.174361 0.090278 0.039062 0.059343
4 0.218395 0.479167 0.039062 0.059343
3 0.194247 0.283460 0.039062 0.059343
7 0.040838 0.121843 0.039062 0.059343
7 0.854048 0.767045 0.039062 0.059343
2 0.297940 0.934975 0.029119 0.051768
1 0.938920 0.312500 0.068182 0.077020
1 0.073153 0.717803 0.068182 0.077020
5 0.816406 0.082702 0.039062 0.059343
4 0.947798 0.633207 0.039062 0.059343
5 0.702060 0.880682 0.039062 0.059343
2 0.231889 0.928662 0.029119 0.051768
2 0.836293 0.447601 0.029119 0.051768
8 0.535156 0.085227 0.039062 0.059343
5 0.309304 0.328914 0.039062 0.059343
4 0.532315 0.743056 0.039062 0.059343
7 0.405895 0.711490 0.039062 0.059343
5 0.841974 0.948864 0.039062 0.059343
8 0.403764 0.277146 0.039062 0.059343
1 0.696023 0.743056 0.068182 0.077020
3 0.325639 0.470328 0.039062 0.059343
0 0.411932 0.440025 0.068182 0.077020
7 0.587003 0.958965 0.039062 0.059343
7 0.042969 0.453914 0.039062 0.059343
6 0.203480 0.645833 0.039062 0.059343
5 0.079190 0.277146 0.039062 0.059343
4 0.676491 0.038510 0.039062 0.059343
3 0.951349 0.931187 0.039062 0.059343
4 0.938565 0.133207 0.039062 0.059343
