4 0.401634 0.499369 0.039062 0.059343
2 0.838423 0.929924 0.029119 0.051768
5 0.850497 0.565025 0.039062 0.059343
1 0.583807 0.282197 0.068182 0.077020
4 0.290838 0.505682 0.039062 0.059343
2 0.594105 0.171086 0.029119 0.051768
3 0.699929 0.916035 0.039062 0.059343
1 0.570312 0.460227 0.068182 0.077020
4 0.839134 0.712753 0.039062 0.059343
2 0.665838 0.113005 0.029119 0.051768
4 0.309304 0.087753 0.039062 0.059343
1 0.464489 0.337753 0.068182 0.077020
3 0.040128 0.095328 0.039062 0.059343
5 0.149503 0.690025 0.039062 0.059343
6 0.034446 0.458965 0.039062 0.059343
2 0.909446 0.337753 0.029119 0.051768
5 0.411577 0.054924 0.039062 0.059343
1 0.188920 0.864268 0.068182 0.077020
1 0.558239 0.850379 0.068182 0.077020
6 0.796520 0.275884 0.039062 0.059343
8 0.228338 0.114268 0.039062 0.059343
6 0.978338 0.839015 0.039062 0.059343
3 0.846236 0.048611 0.039062 0.059343
5 0.199219 0.541035 0.039062 0.059343
