7 0.187145 0.035985 0.039062 0.059343
8 0.319957 0.649621 0.039062 0.059343
1 0.917614 0.732955 0.068182 0.077020
1 0.064631 0.326389 0.068182 0.077020
4 0.791548 0.158460 0.039062 0.059343
1 0.953125 0.359217 0.068182 0.077020
3 0.344815 0.942551 0.039062 0.059343
8 0.977628 0.505682 0.039062 0.059343
4 0.153054 0.869318 0.039062 0.059343
8 0.280895 0.333965 0.039062 0.059343
1 0.068182 0.652146 0.068182 0.077020
1 0.461648 0.131944 0.068182 0.077020
8 0.912997 0.883207 0.039062 0.059343
0 0.786222 0.522096 0.068182 0.077020
7 0.187855 0.354167 0.039062 0.059343
6 0.954190 0.062500 0.039062 0.059343
4 0.474787 0.942551 0.039062 0.059343
4 0.520241 0.688763 0.039062 0.059343
5 0.536577 0.847854 0.039062 0.059343
2 0.042259 0.945076 0.029119 0.051768
3 0.795810 0.739268 0.039062 0.059343
1 0.818892 0.270833 0.068182 0.077020
1 0.168324 0.648359 0.068182 0.077020
3 0.604048 0.278409 0.039062 0.059343
8 0.457031 0.323864 0.039062 0.059343
3 0.220526 0.460227 0.039062 0.059343
0 0.713778 0.886995 0.068182 0.077020
5 0.297230 0.510732 0.039062 0.059343
4 0.063565 0.067551 0.039062 0.059343
