1 0.171165 0.316288 0.068182 0.077020
3 0.471236 0.504419 0.039062 0.059343
5 0.605469 0.253157 0.039062 0.059343
8 0.819247 0.635732 0.039062 0.059343
5 0.955611 0.232955 0.039062 0.059343
5 0.651634 0.888258 0.039062 0.059343
1 0.918324 0.900884 0.068182 0.077020
5 0.823509 0.087753 0.039062 0.059343
4 0.442827 0.345328 0.039062 0.059343
1 0.913352 0.650884 0.068182 0.077020
1 0.946023 0.076389 0.068182 0.077020
1 0.797585 0.475379 0.068182 0.077020
1 0.284801 0.145833 0.068182 0.077020
8 0.084872 0.870581 0.039062 0.059343
8 0.427912 0.724116 0.039062 0.059343
7 0.685724 0.352904 0.039062 0.059343
4 0.726918 0.099116 0.039062 0.059343
4 0.180753 0.894571 0.039062 0.059343
5 0.064986 0.456439 0.039062 0.059343
4 0.351918 0.544823 0.039062 0.059343
7 0.650213 0.467803 0.039062 0.059343
0 0.409801 0.873106 0.068182 0.077020
2 0.235440 0.547348 0.029119 0.051768
8 0.270241 0.945076 0.039062 0.059343
5 0.460582 0.140783 0.039062 0.059343
1 0.169744 0.684975 0.068182 0.077020
4 0.722656 0.671086 0.039062 0.059343
3 0.100497 0.032197 0.039062 0.059343
6 0.601207 0.558712 0.039062 0.059343
6 0.585582 0.062500 0.039062 0.059343
8 0.075639 0.638258 0.039062 0.059343
8 0.812145 0.328914 0.039062 0.059343
2 0.302202 0.654672 0.029119 0.051768
