2 0.275923 0.772096 0.029119 0.051768
3 0.313565 0.160985 0.039062 0.059343
1 0.169034 0.755682 0.068182 0.077020
0 0.580256 0.934975 0.068182 0.077020
1 0.960227 0.921086 0.068182 0.077020
8 0.477628 0.147096 0.039062 0.059343
8 0.959872 0.499369 0.039062 0.059343
5 0.974787 0.735480 0.039062 0.059343
4 0.555043 0.134470 0.039062 0.059343
2 0.553622 0.303662 0.029119 0.051768
6 0.916548 0.303662 0.039062 0.059343
6 0.419389 0.750631 0.039062 0.059343
5 0.774503 0.131944 0.039062 0.059343
5 0.206321 0.056187 0.039062 0.059343
7 0.770952 0.448864 0.039062 0.059343
8 0.849077 0.884470 0.039062 0.059343
6 0.602628 0.687500 0.039062 0.059343
6 0.539418 0.498106 0.039062 0.059343
6 0.071378 0.442551 0.039062 0.059343
0 0.965199 0.077652 0.068182 0.077020
5 0.698509 0.452652 0.039062 0.059343
0 0.456676 0.293561 0.068182 0.077020
6 0.721236 0.356692 0.039062 0.059343
3 0.096236 0.302399 0.039062 0.059343
1 0.198153 0.494318 0.068182 0.077020
2 0.784446 0.225379 0.029119 0.051768
0 0.308239 0.955177 0.068182 0.077020
3 0.688565 0.653409 0.039062 0.059343
2 0.734730 0.136995 0.029119 0.051768
6 0.835582 0.682449 0.039062 0.059343
1 0.706676 0.857955 0.068182 0.077020
0 0.309659 0.453914 0.068182 0.077020
2 0.482599 0.428662 0.029119 0.051768
0 0.332386 0.333965 0.068182 0.077020
5 0.090554 0.104167 0.039062 0.059343
0 0.075284 0.890783 0.068182 0.077020
6 0.158736 0.878157 0.039062 0.059343
5 0.452060 0.870581 0.039062 0.059343
