7 0.105469 0.697601 0.039062 0.059343
2 0.550781 0.277146 0.029119 0.051768
1 0.965909 0.070076 0.068182 0.077020
4 0.180043 0.923611 0.039062 0.059343
2 0.092685 0.495581 0.029119 0.051768
4 0.784446 0.432449 0.039062 0.059343
8 0.183594 0.698864 0.039062 0.059343
4 0.337003 0.429924 0.039062 0.059343
4 0.029474 0.846591 0.039062 0.059343
0 0.580966 0.557449 0.068182 0.077020
1 0.186080 0.057449 0.068182 0.077020
0 0.938210 0.957702 0.068182 0.077020
7 0.546520 0.943813 0.039062 0.059343
4 0.407315 0.933712 0.039062 0.059343
3 0.419389 0.563763 0.039062 0.059343
6 0.286577 0.755682 0.039062 0.059343
4 0.687855 0.169823 0.039062 0.059343
4 0.290838 0.836490 0.039062 0.059343
7 0.677912 0.741793 0.039062 0.059343
7 0.824219 0.866793 0.039062 0.059343
8 0.326349 0.041035 0.039062 0.059343
4 0.454190 0.259470 0.039062 0.059343
5 0.105469 0.121843 0.039062 0.059343
5 0.432173 0.732955 0.039062 0.059343
4 0.854048 0.169823 0.039062 0.059343
3 0.177912 0.246843 0.039062 0.059343
6 0.841974 0.307449 0.039062 0.059343
0 0.164062 0.457702 0.068182 0.077020
7 0.543679 0.136995 0.039062 0.059343
5 0.701349 0.284722 0.039062 0.059343
1 0.666193 0.558712 0.068182 0.077020
3 0.690696 0.956439 0.039062 0.059343
5 0.898082 0.285985 0.039062 0.059343
