0 0.686080 0.328914 0.068182 0.077020
2 0.359730 0.900884 0.029119 0.051768
5 0.651634 0.847854 0.039062 0.059343
1 0.430398 0.335227 0.068182 0.077020
4 0.690696 0.052399 0.039062 0.059343
0 0.691761 0.663510 0.068182 0.077020
6 0.811435 0.489268 0.039062 0.059343
2 0.439276 0.092803 0.029119 0.051768
7 0.466974 0.696338 0.039062 0.059343
6 0.100497 0.359217 0.039062 0.059343
8 0.957741 0.860480 0.039062 0.059343
5 0.810724 0.035985 0.039062 0.059343
3 0.547940 0.967803 0.039062 0.059343
2 0.226918 0.936237 0.029119 0.051768
4 0.322798 0.332702 0.039062 0.059343
7 0.447088 0.488005 0.039062 0.059343
5 0.807173 0.668561 0.039062 0.059343
7 0.320668 0.756944 0.039062 0.059343
0 0.034801 0.538510 0.068182 0.077020
8 0.189986 0.476641 0.039062 0.059343
