0 0.191051 0.304924 0.068182 0.077020
6 0.644531 0.505682 0.039062 0.059343
5 0.344815 0.048611 0.039062 0.059343
3 0.093395 0.145833 0.039062 0.059343
0 0.331676 0.488005 0.068182 0.077020
3 0.170099 0.533460 0.039062 0.059343
6 0.036577 0.528409 0.039062 0.059343
4 0.398082 0.063763 0.039062 0.059343
7 0.816406 0.051136 0.039062 0.059343
3 0.941406 0.114268 0.039062 0.059343
6 0.714134 0.144571 0.039062 0.059343
2 0.647372 0.714015 0.029119 0.051768
2 0.853338 0.917298 0.029119 0.051768
5 0.427202 0.638258 0.039062 0.059343
1 0.325994 0.638258 0.068182 0.077020
2 0.542259 0.157197 0.029119 0.051768
0 0.164062 0.642045 0.068182 0.077020
0 0.699574 0.249369 0.068182 0.077020
1 0.041903 0.878157 0.068182 0.077020
1 0.551136 0.693813 0.068182 0.077020
0 0.943182 0.950126 0.068182 0.077020
2 0.390270 0.470328 0.029119 0.051768
3 0.798651 0.293561 0.039062 0.059343
1 0.330966 0.874369 0.068182 0.077020
4 0.073509 0.721591 0.039062 0.059343
5 0.599077 0.486742 0.039062 0.059343
4 0.954901 0.658460 0.039062 0.059343
1 0.911222 0.445076 0.068182 0.077020
3 0.712003 0.910985 0.039062 0.059343
5 0.430753 0.279672 0.039062 0.059343
5 0.034446 0.294823 0.039062 0.059343
8 0.585582 0.937500 0.039062 0.059343
0 0.195312 0.044823 0.068182 0.077020
8 0.960582 0.253157 0.039062 0.059343
1 0.291903 0.296086 0.068182 0.077020
