4 0.347656 0.668561 0.039062 0.059343
6 0.101918 0.153409 0.039062 0.059343
4 0.899503 0.071338 0.039062 0.059343
3 0.167969 0.513258 0.039062 0.059343
7 0.569247 0.432449 0.039062 0.059343
5 0.650923 0.684975 0.039062 0.059343
4 0.408736 0.561237 0.039062 0.059343
5 0.775213 0.474116 0.039062 0.059343
5 0.979048 0.261995 0.039062 0.059343
6 0.151634 0.116793 0.039062 0.059343
5 0.580611 0.253157 0.039062 0.059343
1 0.439631 0.299874 0.068182 0.077020
3 0.023082 0.523359 0.039062 0.059343
5 0.664418 0.543561 0.039062 0.059343
7 0.462713 0.160985 0.039062 0.059343
7 0.689276 0.910985 0.039062 0.059343
1 0.164773 0.888258 0.068182 0.077020
0 0.071023 0.261995 0.068182 0.077020
1 0.306818 0.908460 0.068182 0.077020
1 0.564631 0.708965 0.068182 0.077020
3 0.194247 0.721591 0.039062 0.059343
