5 0.332741 0.269571 0.039062 0.059343
7 0.450639 0.725379 0.039062 0.059343
5 0.170810 0.628157 0.039062 0.059343
0 0.950994 0.066288 0.068182 0.077020
0 0.049716 0.533460 0.068182 0.077020
6 0.034446 0.114268 0.039062 0.059343
7 0.471946 0.881944 0.039062 0.059343
2 0.667969 0.267045 0.029119 0.051768
3 0.939276 0.630682 0.039062 0.059343
5 0.317827 0.951389 0.039062 0.059343
0 0.663352 0.880682 0.068182 0.077020
1 0.176136 0.957702 0.068182 0.077020
5 0.938565 0.549874 0.039062 0.059343
5 0.220526 0.159722 0.039062 0.059343
4 0.147372 0.360480 0.039062 0.059343
1 0.423295 0.077652 0.068182 0.077020
6 0.725497 0.761995 0.039062 0.059343
6 0.031605 0.719066 0.039062 0.059343
4 0.312145 0.642045 0.039062 0.059343
7 0.547230 0.565025 0.039062 0.059343
7 0.301491 0.563763 0.039062 0.059343
2 0.528054 0.936237 0.029119 0.051768
6 0.846946 0.687500 0.039062 0.059343
2 0.703480 0.073864 0.029119 0.051768
1 0.581676 0.304924 0.068182 0.077020
5 0.322798 0.160985 0.039062 0.059343
5 0.979048 0.341540 0.039062 0.059343
1 0.786222 0.940025 0.068182 0.077020
8 0.524503 0.650884 0.039062 0.059343
