7 0.095526 0.298611 0.039062 0.059343
7 0.076349 0.758207 0.039062 0.059343
5 0.692827 0.168561 0.039062 0.059343
8 0.849787 0.445076 0.039062 0.059343
2 0.165128 0.285985 0.029119 0.051768
0 0.560369 0.554924 0.068182 0.077020
0 0.672585 0.683712 0.068182 0.077020
0 0.561080 0.264520 0.068182 0.077020
5 0.292969 0.259470 0.039062 0.059343
2 0.901634 0.518308 0.029119 0.051768
6 0.830611 0.270833 0.039062 0.059343
6 0.979759 0.633207 0.039062 0.059343
1 0.291193 0.462753 0.068182 0.077020
4 0.565696 0.120581 0.039062 0.059343
7 0.965554 0.918561 0.039062 0.059343
0 0.189631 0.918561 0.068182 0.077020
0 0.424006 0.731692 0.068182 0.077020
4 0.446378 0.908460 0.039062 0.059343
3 0.411577 0.327652 0.039062 0.059343
2 0.145952 0.489268 0.029119 0.051768
2 0.589844 0.729167 0.029119 0.051768
4 0.709872 0.556187 0.039062 0.059343
3 0.770952 0.751894 0.039062 0.059343
2 0.576349 0.940025 0.029119 0.051768
6 0.906605 0.322601 0.039062 0.059343
3 0.790128 0.933712 0.039062 0.059343
3 0.664418 0.321338 0.039062 0.059343
6 0.823509 0.118056 0.039062 0.059343
7 0.429332 0.119318 0.039062 0.059343
1 0.329545 0.096591 0.068182 0.077020
6 0.218395 0.749369 0.039062 0.059343
0 0.064631 0.852904 0.068182 0.077020
6 0.088423 0.148359 0.039062 0.059343
5 0.214134 0.142045 0.039062 0.059343
3 0.277344 0.859217 0.039062 0.059343
6 0.020241 0.450126 0.039062 0.059343
7 0.479048 0.565025 0.039062 0.059343
8 0.969105 0.090278 0.039062 0.059343
5 0.718395 0.945076 0.039062 0.059343
1 0.301847 0.692551 0.068182 0.077020
