3 0.778054 0.720328 0.039062 0.059343
0 0.081676 0.095328 0.068182 0.077020
3 0.694957 0.451389 0.039062 0.059343
5 0.676491 0.037247 0.039062 0.059343
7 0.329901 0.904672 0.039062 0.059343
7 0.057884 0.854167 0.039062 0.059343
5 0.918679 0.760732 0.039062 0.059343
5 0.197798 0.937500 0.039062 0.059343
2 0.461293 0.936237 0.029119 0.051768
8 0.561435 0.090278 0.039062 0.059343
6 0.563565 0.498106 0.039062 0.059343
0 0.444602 0.539773 0.068182 0.077020
4 0.925781 0.472854 0.039062 0.059343
3 0.936435 0.115530 0.039062 0.059343
2 0.654474 0.347854 0.029119 0.051768
8 0.288707 0.753157 0.039062 0.059343
2 0.326349 0.366793 0.029119 0.051768
6 0.672940 0.684975 0.039062 0.059343
0 0.213778 0.072601 0.068182 0.077020
0 0.416193 0.356692 0.068182 0.077020
3 0.295099 0.037247 0.039062 0.059343
4 0.809304 0.476641 0.039062 0.059343
