0 0.072443 0.110480 0.068182 0.077020
4 0.055753 0.865530 0.039062 0.059343
8 0.222656 0.534722 0.039062 0.059343
6 0.810724 0.744318 0.039062 0.059343
8 0.791548 0.110480 0.039062 0.059343
8 0.830611 0.441288 0.039062 0.059343
7 0.672230 0.479167 0.039062 0.059343
5 0.791548 0.309975 0.039062 0.059343
5 0.665128 0.264520 0.039062 0.059343
8 0.924361 0.317551 0.039062 0.059343
6 0.946378 0.046086 0.039062 0.059343
4 0.904474 0.701389 0.039062 0.059343
8 0.599787 0.152146 0.039062 0.059343
3 0.188565 0.657197 0.039062 0.059343
7 0.191406 0.100379 0.039062 0.059343
1 0.447443 0.864268 0.068182 0.077020
4 0.554332 0.955177 0.039062 0.059343
5 0.023793 0.659722 0.039062 0.059343
0 0.419744 0.736742 0.068182 0.077020
5 0.295099 0.936237 0.039062 0.059343
5 0.916548 0.868056 0.039062 0.059343
7 0.289418 0.755682 0.039062 0.059343
