1 0.931818 0.734217 0.068182 0.077020
3 0.790838 0.490530 0.039062 0.059343
7 0.304332 0.302399 0.039062 0.059343
2 0.528054 0.856692 0.029119 0.051768
7 0.398082 0.297348 0.039062 0.059343
7 0.593395 0.730429 0.039062 0.059343
5 0.849787 0.251894 0.039062 0.059343
8 0.353338 0.121843 0.039062 0.059343
5 0.700639 0.044823 0.039062 0.059343
3 0.067827 0.436237 0.039062 0.059343
3 0.032315 0.669823 0.039062 0.059343
1 0.451705 0.886995 0.068182 0.077020
5 0.165838 0.864268 0.039062 0.059343
7 0.525923 0.251894 0.039062 0.059343
5 0.458452 0.164773 0.039062 0.059343
1 0.941761 0.072601 0.068182 0.077020
4 0.289418 0.953914 0.039062 0.059343
7 0.812855 0.643308 0.039062 0.059343
7 0.439986 0.437500 0.039062 0.059343
1 0.192472 0.118056 0.068182 0.077020
0 0.447443 0.678662 0.068182 0.077020
4 0.774503 0.038510 0.039062 0.059343
5 0.593395 0.152146 0.039062 0.059343
0 0.568182 0.559975 0.068182 0.077020
1 0.665483 0.928662 0.068182 0.077020
4 0.099077 0.120581 0.039062 0.059343
2 0.898082 0.475379 0.029119 0.051768
5 0.679332 0.647096 0.039062 0.059343
6 0.285156 0.674874 0.039062 0.059343
6 0.087003 0.275884 0.039062 0.059343
1 0.715909 0.240530 0.068182 0.077020
7 0.061435 0.869318 0.039062 0.059343
5 0.822088 0.904672 0.039062 0.059343
5 0.921520 0.259470 0.039062 0.059343
8 0.160156 0.634470 0.039062 0.059343
1 0.213778 0.296086 0.068182 0.077020
4 0.722656 0.472854 0.039062 0.059343
