8 0.462003 0.932449 0.039062 0.059343
8 0.911577 0.503157 0.039062 0.059343
8 0.715554 0.235480 0.039062 0.059343
4 0.792969 0.447601 0.039062 0.059343
3 0.188565 0.261995 0.039062 0.059343
6 0.185724 0.836490 0.039062 0.059343
4 0.059304 0.360480 0.039062 0.059343
1 0.200284 0.702652 0.068182 0.077020
1 0.185369 0.042298 0.068182 0.077020
6 0.670099 0.717803 0.039062 0.059343
1 0.790483 0.955177 0.068182 0.077020
3 0.540838 0.309975 0.039062 0.059343
6 0.851207 0.251894 0.039062 0.059343
2 0.102628 0.462753 0.029119 0.051768
4 0.403764 0.105429 0.039062 0.059343
6 0.416548 0.506944 0.039062 0.059343
8 0.545099 0.510732 0.039062 0.059343
2 0.592685 0.739268 0.029119 0.051768
2 0.555753 0.866793 0.029119 0.051768
4 0.909446 0.682449 0.039062 0.059343
7 0.707741 0.946338 0.039062 0.059343
6 0.590554 0.142045 0.039062 0.059343
7 0.796520 0.130682 0.039062 0.059343
4 0.444957 0.284722 0.039062 0.059343
3 0.722656 0.495581 0.039062 0.059343
5 0.910866 0.864268 0.039062 0.059343
0 0.428267 0.732955 0.068182 0.077020
8 0.180043 0.566288 0.039062 0.059343
4 0.337713 0.267045 0.039062 0.059343
5 0.795099 0.711490 0.039062 0.059343
1 0.328125 0.065025 0.068182 0.077020
6 0.673651 0.111742 0.039062 0.059343
1 0.951705 0.272096 0.068182 0.077020
0 0.051847 0.067551 0.068182 0.077020
1 0.318892 0.456439 0.068182 0.077020
6 0.967685 0.147096 0.039062 0.059343
3 0.094105 0.716540 0.039062 0.059343
