8 0.915838 0.302399 0.039062 0.059343
7 0.075639 0.759470 0.039062 0.059343
7 0.521662 0.294823 0.039062 0.059343
8 0.448509 0.678662 0.039062 0.059343
3 0.221236 0.318813 0.039062 0.059343
6 0.081321 0.836490 0.039062 0.059343
1 0.806108 0.482955 0.068182 0.077020
3 0.662997 0.466540 0.039062 0.059343
1 0.289773 0.446338 0.068182 0.077020
6 0.573509 0.717803 0.039062 0.059343
2 0.550071 0.947601 0.029119 0.051768
3 0.069957 0.561237 0.039062 0.059343
6 0.144531 0.126894 0.039062 0.059343
4 0.333452 0.235480 0.039062 0.059343
8 0.403764 0.073864 0.039062 0.059343
8 0.947088 0.148359 0.039062 0.059343
0 0.921165 0.442551 0.068182 0.077020
5 0.680753 0.870581 0.039062 0.059343
1 0.208097 0.556187 0.068182 0.077020
5 0.907315 0.721591 0.039062 0.059343
6 0.175071 0.948864 0.039062 0.059343
8 0.449219 0.504419 0.039062 0.059343
5 0.797940 0.136995 0.039062 0.059343
7 0.075639 0.057449 0.039062 0.059343
2 0.829901 0.352904 0.029119 0.051768
2 0.659446 0.664773 0.029119 0.051768
3 0.974077 0.960227 0.039062 0.059343
7 0.594105 0.042298 0.039062 0.059343
6 0.162997 0.767045 0.039062 0.059343
7 0.805043 0.687500 0.039062 0.059343
