1 0.305398 0.696338 0.068182 0.077020
7 0.072088 0.513258 0.039062 0.059343
4 0.699929 0.153409 0.039062 0.059343
7 0.462713 0.361742 0.039062 0.059343
1 0.911932 0.873106 0.068182 0.077020
1 0.551847 0.070076 0.068182 0.077020
3 0.103338 0.759470 0.039062 0.059343
0 0.682528 0.948864 0.068182 0.077020
1 0.286222 0.504419 0.068182 0.077020
5 0.591974 0.673611 0.039062 0.059343
5 0.828480 0.561237 0.039062 0.059343
3 0.819957 0.712753 0.039062 0.059343
4 0.582031 0.909722 0.039062 0.059343
1 0.195312 0.931187 0.068182 0.077020
2 0.729048 0.308712 0.029119 0.051768
0 0.191761 0.520833 0.068182 0.077020
6 0.457031 0.865530 0.039062 0.059343
6 0.200639 0.354167 0.039062 0.059343
3 0.934304 0.547348 0.039062 0.059343
0 0.914062 0.734217 0.068182 0.077020
2 0.528764 0.282197 0.029119 0.051768
6 0.785866 0.898359 0.039062 0.059343
8 0.189276 0.756944 0.039062 0.059343
3 0.069957 0.283460 0.039062 0.059343
2 0.962713 0.225379 0.029119 0.051768
8 0.786577 0.255682 0.039062 0.059343
6 0.040838 0.832702 0.039062 0.059343
2 0.332741 0.033460 0.029119 0.051768
5 0.439276 0.672348 0.039062 0.059343
