6 0.849077 0.635732 0.039062 0.059343
2 0.208452 0.325126 0.029119 0.051768
7 0.222656 0.899621 0.039062 0.059343
7 0.346236 0.873106 0.039062 0.059343
3 0.957741 0.239268 0.039062 0.059343
8 0.796520 0.291035 0.039062 0.059343
4 0.843395 0.870581 0.039062 0.059343
0 0.414773 0.912247 0.068182 0.077020
5 0.801491 0.450126 0.039062 0.059343
2 0.538707 0.264520 0.029119 0.051768
2 0.704190 0.331439 0.029119 0.051768
4 0.849077 0.150884 0.039062 0.059343
7 0.524503 0.058712 0.039062 0.059343
5 0.099077 0.251894 0.039062 0.059343
6 0.207741 0.043561 0.039062 0.059343
4 0.403764 0.288510 0.039062 0.059343
7 0.441406 0.504419 0.039062 0.059343
5 0.415838 0.109217 0.039062 0.059343
5 0.430043 0.691288 0.039062 0.059343
6 0.030895 0.647096 0.039062 0.059343
2 0.041548 0.172348 0.029119 0.051768
6 0.341974 0.086490 0.039062 0.059343
3 0.104048 0.881944 0.039062 0.059343
5 0.587713 0.846591 0.039062 0.059343
5 0.274503 0.667298 0.039062 0.059343
0 0.563920 0.693813 0.068182 0.077020
6 0.352628 0.455177 0.039062 0.059343
3 0.947798 0.167298 0.039062 0.059343
8 0.076349 0.554924 0.039062 0.059343
6 0.159446 0.640783 0.039062 0.059343
2 0.329190 0.371843 0.029119 0.051768
8 0.944957 0.854167 0.039062 0.059343
8 0.695668 0.145833 0.039062 0.059343
2 0.643821 0.763258 0.029119 0.051768
8 0.562855 0.475379 0.039062 0.059343
5 0.717685 0.871843 0.039062 0.059343
1 0.946733 0.498106 0.068182 0.077020
4 0.946378 0.644571 0.039062 0.059343
