5 0.180753 0.244318 0.039062 0.059343
1 0.589489 0.719066 0.068182 0.077020
7 0.708452 0.294823 0.039062 0.059343
5 0.180753 0.721591 0.039062 0.059343
4 0.787287 0.706439 0.039062 0.059343
4 0.207741 0.562500 0.039062 0.059343
5 0.152344 0.048611 0.039062 0.059343
1 0.423295 0.082702 0.068182 0.077020
8 0.050781 0.457702 0.039062 0.059343
2 0.858310 0.238005 0.029119 0.051768
3 0.570668 0.878157 0.039062 0.059343
8 0.554332 0.298611 0.039062 0.059343
8 0.280895 0.551136 0.039062 0.059343
2 0.783026 0.938763 0.029119 0.051768
7 0.964844 0.945076 0.039062 0.059343
4 0.557884 0.118056 0.039062 0.059343
2 0.768111 0.481692 0.029119 0.051768
7 0.907315 0.745581 0.039062 0.059343
1 0.829545 0.159722 0.068182 0.077020
5 0.729759 0.482955 0.039062 0.059343
7 0.424361 0.351641 0.039062 0.059343
