8 0.973366 0.916035 0.039062 0.059343
1 0.943892 0.057449 0.068182 0.077020
7 0.825639 0.681187 0.039062 0.059343
7 0.220526 0.918561 0.039062 0.059343
6 0.466974 0.260732 0.039062 0.059343
8 0.557884 0.061237 0.039062 0.059343
0 0.425426 0.453914 0.068182 0.077020
4 0.096946 0.092803 0.039062 0.059343
1 0.196023 0.481692 0.068182 0.077020
2 0.283736 0.234217 0.029119 0.051768
4 0.043679 0.710227 0.039062 0.059343
3 0.800781 0.503157 0.039062 0.059343
3 0.201349 0.071338 0.039062 0.059343
7 0.330611 0.048611 0.039062 0.059343
3 0.425781 0.861742 0.039062 0.059343
2 0.221236 0.302399 0.029119 0.051768
2 0.474077 0.732955 0.029119 0.051768
5 0.301491 0.554924 0.039062 0.059343
2 0.537287 0.429924 0.029119 0.051768
1 0.957386 0.734217 0.068182 0.077020
5 0.582741 0.941288 0.039062 0.059343
3 0.172940 0.671086 0.039062 0.059343
7 0.547940 0.645833 0.039062 0.059343
1 0.059659 0.315025 0.068182 0.077020
3 0.330611 0.681187 0.039062 0.059343
4 0.690696 0.964015 0.039062 0.059343
