8 0.796520 0.893308 0.039062 0.059343
0 0.182528 0.712753 0.068182 0.077020
3 0.685724 0.927399 0.039062 0.059343
7 0.400213 0.428662 0.039062 0.059343
7 0.918679 0.308712 0.039062 0.059343
6 0.479048 0.051136 0.039062 0.059343
8 0.669389 0.741793 0.039062 0.059343
8 0.838423 0.681187 0.039062 0.059343
6 0.582031 0.840278 0.039062 0.059343
4 0.922940 0.111742 0.039062 0.059343
1 0.213068 0.525884 0.068182 0.077020
6 0.554332 0.368056 0.039062 0.059343
5 0.058594 0.750631 0.039062 0.059343
7 0.046520 0.485480 0.039062 0.059343
3 0.692116 0.322601 0.039062 0.059343
5 0.946378 0.647096 0.039062 0.059343
8 0.218395 0.847854 0.039062 0.059343
1 0.316761 0.732955 0.068182 0.077020
7 0.601918 0.475379 0.039062 0.059343
6 0.458452 0.875631 0.039062 0.059343
1 0.061080 0.248106 0.068182 0.077020
2 0.576349 0.668561 0.029119 0.051768
5 0.326349 0.562500 0.039062 0.059343
4 0.280185 0.910985 0.039062 0.059343
4 0.949219 0.878157 0.039062 0.059343
5 0.291548 0.057449 0.039062 0.059343
0 0.824574 0.322601 0.068182 0.077020
3 0.898793 0.527146 0.039062 0.059343
1 0.075284 0.885732 0.068182 0.077020
2 0.773793 0.065025 0.029119 0.051768
1 0.702415 0.077652 0.068182 0.077020
0 0.838778 0.458965 0.068182 0.077020
4 0.026634 0.065025 0.039062 0.059343
