2 0.666548 0.888258 0.029119 0.051768
1 0.936080 0.437500 0.068182 0.077020
1 0.562500 0.318813 0.068182 0.077020
1 0.318182 0.453914 0.068182 0.077020
4 0.422940 0.721591 0.039062 0.059343
2 0.596236 0.171086 0.029119 0.051768
4 0.039418 0.928662 0.039062 0.059343
4 0.035156 0.648359 0.039062 0.059343
7 0.954190 0.365530 0.039062 0.059343
4 0.520241 0.629419 0.039062 0.059343
3 0.806463 0.321338 0.039062 0.059343
4 0.084162 0.471591 0.039062 0.059343
6 0.712003 0.152146 0.039062 0.059343
3 0.405895 0.441288 0.039062 0.059343
8 0.844105 0.683712 0.039062 0.059343
2 0.202060 0.162247 0.029119 0.051768
7 0.395952 0.096591 0.039062 0.059343
2 0.844105 0.124369 0.029119 0.051768
3 0.206321 0.917298 0.039062 0.059343
1 0.787642 0.532197 0.068182 0.077020
6 0.957031 0.767045 0.039062 0.059343
5 0.167259 0.748106 0.039062 0.059343
