0 0.824574 0.696338 0.068182 0.077020
5 0.827770 0.849116 0.039062 0.059343
5 0.458452 0.542298 0.039062 0.059343
6 0.963423 0.692551 0.039062 0.059343
6 0.480469 0.139520 0.039062 0.059343
5 0.960582 0.090278 0.039062 0.059343
4 0.785156 0.323864 0.039062 0.059343
7 0.579190 0.735480 0.039062 0.059343
4 0.439276 0.296086 0.039062 0.059343
5 0.152344 0.764520 0.039062 0.059343
5 0.065696 0.340278 0.039062 0.059343
0 0.198864 0.947601 0.068182 0.077020
7 0.280895 0.931187 0.039062 0.059343
8 0.953480 0.360480 0.039062 0.059343
1 0.208807 0.081439 0.068182 0.077020
8 0.594815 0.500631 0.039062 0.059343
5 0.283736 0.732955 0.039062 0.059343
7 0.418679 0.836490 0.039062 0.059343
2 0.219815 0.469066 0.029119 0.051768
4 0.319247 0.067551 0.039062 0.059343
6 0.188565 0.235480 0.039062 0.059343
3 0.914418 0.501894 0.039062 0.059343
7 0.354048 0.297348 0.039062 0.059343
7 0.685014 0.143308 0.039062 0.059343
5 0.849077 0.501894 0.039062 0.059343
3 0.687145 0.695076 0.039062 0.059343
7 0.706321 0.866793 0.039062 0.059343
7 0.085582 0.522096 0.039062 0.059343
