4 0.691406 0.096591 0.039062 0.059343
7 0.152344 0.678662 0.039062 0.059343
7 0.789418 0.493056 0.039062 0.059343
4 0.794389 0.116793 0.039062 0.059343
0 0.836648 0.739268 0.068182 0.077020
2 0.542259 0.470328 0.029119 0.051768
8 0.454190 0.844066 0.039062 0.059343
6 0.562855 0.169823 0.039062 0.059343
7 0.103338 0.359217 0.039062 0.059343
7 0.942116 0.931187 0.039062 0.059343
2 0.906605 0.246843 0.029119 0.051768
8 0.181463 0.142045 0.039062 0.059343
2 0.972656 0.729167 0.029119 0.051768
1 0.307528 0.873106 0.068182 0.077020
2 0.288707 0.354167 0.029119 0.051768
6 0.094105 0.537247 0.039062 0.059343
4 0.315696 0.056187 0.039062 0.059343
8 0.715554 0.941288 0.039062 0.059343
7 0.342685 0.457702 0.039062 0.059343
2 0.839844 0.932449 0.029119 0.051768
0 0.541903 0.647096 0.068182 0.077020
5 0.395241 0.559975 0.039062 0.059343
7 0.397372 0.049874 0.039062 0.059343
3 0.665838 0.253157 0.039062 0.059343
0 0.051847 0.907197 0.068182 0.077020
0 0.920455 0.143308 0.068182 0.077020
8 0.560724 0.855429 0.039062 0.059343
5 0.160866 0.568813 0.039062 0.059343
0 0.168324 0.322601 0.068182 0.077020
2 0.275213 0.732955 0.029119 0.051768
7 0.224787 0.856692 0.039062 0.059343
3 0.913707 0.522096 0.039062 0.059343
3 0.087713 0.721591 0.039062 0.059343
5 0.443537 0.635732 0.039062 0.059343
6 0.560724 0.297348 0.039062 0.059343
2 0.709872 0.701389 0.029119 0.051768
