4 0.568537 0.068813 0.039062 0.059343
8 0.601918 0.558712 0.039062 0.059343
6 0.397372 0.315025 0.039062 0.059343
1 0.926136 0.061237 0.068182 0.077020
2 0.814986 0.318813 0.029119 0.051768
4 0.520952 0.941288 0.039062 0.059343
5 0.603338 0.263258 0.039062 0.059343
6 0.928622 0.539773 0.039062 0.059343
5 0.698509 0.889520 0.039062 0.059343
3 0.219815 0.335227 0.039062 0.059343
5 0.072798 0.111742 0.039062 0.059343
1 0.815341 0.931187 0.068182 0.077020
1 0.704545 0.120581 0.068182 0.077020
4 0.058594 0.676136 0.039062 0.059343
1 0.082386 0.349116 0.068182 0.077020
0 0.579545 0.734217 0.068182 0.077020
6 0.895241 0.836490 0.039062 0.059343
8 0.214134 0.886995 0.039062 0.059343
5 0.194957 0.634470 0.039062 0.059343
7 0.920810 0.662247 0.039062 0.059343
7 0.810014 0.453914 0.039062 0.059343
1 0.187500 0.115530 0.068182 0.077020
4 0.464844 0.912247 0.039062 0.059343
4 0.278764 0.730429 0.039062 0.059343
0 0.679688 0.727904 0.068182 0.077020
1 0.293324 0.355429 0.068182 0.077020
3 0.444957 0.057449 0.039062 0.059343
7 0.433594 0.745581 0.039062 0.059343
2 0.805753 0.707702 0.029119 0.051768
4 0.188565 0.558712 0.039062 0.059343
4 0.939986 0.347854 0.039062 0.059343
7 0.298651 0.164773 0.039062 0.059343
3 0.837713 0.033460 0.039062 0.059343
2 0.396662 0.518308 0.029119 0.051768
8 0.282315 0.495581 0.039062 0.059343
7 0.057173 0.886995 0.039062 0.059343
