8 0.034446 0.147096 0.039062 0.059343
1 0.214489 0.320076 0.068182 0.077020
2 0.141690 0.504419 0.029119 0.051768
2 0.834162 0.067551 0.029119 0.051768
6 0.837713 0.760732 0.039062 0.059343
2 0.026634 0.311237 0.029119 0.051768
5 0.843395 0.229167 0.039062 0.059343
7 0.660866 0.835227 0.039062 0.059343
3 0.047230 0.505682 0.039062 0.059343
0 0.712358 0.715278 0.068182 0.077020
3 0.964134 0.501894 0.039062 0.059343
4 0.911577 0.674874 0.039062 0.059343
3 0.352628 0.461490 0.039062 0.059343
4 0.457031 0.465278 0.039062 0.059343
5 0.704190 0.143308 0.039062 0.059343
4 0.290838 0.264520 0.039062 0.059343
2 0.359020 0.746843 0.029119 0.051768
1 0.437500 0.660985 0.068182 0.077020
1 0.942472 0.957702 0.068182 0.077020
8 0.429332 0.943813 0.039062 0.059343
7 0.039418 0.759470 0.039062 0.059343
1 0.163352 0.111742 0.068182 0.077020
8 0.954190 0.292298 0.039062 0.059343
0 0.062500 0.902146 0.068182 0.077020
0 0.921875 0.145833 0.068182 0.077020
5 0.275213 0.135732 0.039062 0.059343
2 0.606179 0.446338 0.029119 0.051768
6 0.204901 0.933712 0.039062 0.059343
4 0.685014 0.244318 0.039062 0.059343
3 0.603338 0.669823 0.039062 0.059343
7 0.532315 0.061237 0.039062 0.059343
1 0.464489 0.101641 0.068182 0.077020
4 0.470526 0.241793 0.039062 0.059343
