7 0.399503 0.705177 0.039062 0.059343
3 0.795810 0.332702 0.039062 0.059343
0 0.064631 0.153409 0.068182 0.077020
3 0.802202 0.490530 0.039062 0.059343
7 0.959872 0.748106 0.039062 0.059343
0 0.307528 0.695076 0.068182 0.077020
3 0.470526 0.114268 0.039062 0.059343
6 0.729048 0.303662 0.039062 0.059343
4 0.446378 0.342803 0.039062 0.059343
6 0.907315 0.841540 0.039062 0.059343
5 0.535866 0.701389 0.039062 0.059343
7 0.082031 0.307449 0.039062 0.059343
8 0.685724 0.071338 0.039062 0.059343
0 0.950284 0.543561 0.068182 0.077020
1 0.176136 0.049874 0.068182 0.077020
3 0.809304 0.669823 0.039062 0.059343
0 0.215199 0.746843 0.068182 0.077020
8 0.145241 0.899621 0.039062 0.059343
2 0.702060 0.461490 0.029119 0.051768
6 0.821378 0.119318 0.039062 0.059343
5 0.222656 0.456439 0.039062 0.059343
6 0.308594 0.493056 0.039062 0.059343
0 0.546875 0.135732 0.068182 0.077020
3 0.547940 0.471591 0.039062 0.059343
6 0.328480 0.070076 0.039062 0.059343
0 0.703835 0.734217 0.068182 0.077020
1 0.954545 0.121843 0.068182 0.077020
