3 0.439986 0.469066 0.039062 0.059343
2 0.805043 0.554924 0.029119 0.051768
6 0.572088 0.543561 0.039062 0.059343
3 0.541548 0.350379 0.039062 0.059343
2 0.400213 0.666035 0.029119 0.051768
5 0.282315 0.364268 0.039062 0.059343
2 0.680753 0.844066 0.029119 0.051768
0 0.210938 0.559975 0.068182 0.077020
7 0.794389 0.720328 0.039062 0.059343
8 0.776634 0.243056 0.039062 0.059343
3 0.903054 0.657197 0.039062 0.059343
0 0.198153 0.745581 0.068182 0.077020
8 0.202770 0.307449 0.039062 0.059343
4 0.057173 0.546086 0.039062 0.059343
1 0.808949 0.099116 0.068182 0.077020
0 0.580966 0.869318 0.068182 0.077020
4 0.925071 0.522096 0.039062 0.059343
7 0.056463 0.241793 0.039062 0.059343
5 0.290128 0.679924 0.039062 0.059343
3 0.911577 0.131944 0.039062 0.059343
2 0.528764 0.150884 0.029119 0.051768
2 0.317116 0.144571 0.029119 0.051768
4 0.066406 0.051136 0.039062 0.059343
5 0.669389 0.244318 0.039062 0.059343
5 0.657315 0.124369 0.039062 0.059343
5 0.553622 0.739268 0.039062 0.059343
3 0.322088 0.496843 0.039062 0.059343
6 0.478338 0.293561 0.039062 0.059343
5 0.172940 0.131944 0.039062 0.059343
3 0.037287 0.837753 0.039062 0.059343
4 0.730469 0.744318 0.039062 0.059343
0 0.304688 0.866793 0.068182 0.077020
0 0.837358 0.859217 0.068182 0.077020
7 0.942827 0.847854 0.039062 0.059343
4 0.062855 0.719066 0.039062 0.059343
5 0.681463 0.488005 0.039062 0.059343
7 0.216974 0.916035 0.039062 0.059343
4 0.964844 0.244318 0.039062 0.059343
4 0.433594 0.038510 0.039062 0.059343
