6 0.273082 0.940025 0.039062 0.059343
8 0.052202 0.938763 0.039062 0.059343
0 0.838068 0.679924 0.068182 0.077020
4 0.195668 0.851641 0.039062 0.059343
6 0.579901 0.537247 0.039062 0.059343
1 0.589489 0.750631 0.068182 0.077020
5 0.068537 0.567551 0.039062 0.059343
6 0.922940 0.234217 0.039062 0.059343
0 0.337358 0.038510 0.068182 0.077020
1 0.815341 0.889520 0.068182 0.077020
2 0.483310 0.945076 0.029119 0.051768
7 0.665838 0.714015 0.039062 0.059343
5 0.312145 0.501894 0.039062 0.059343
4 0.721946 0.320076 0.039062 0.059343
1 0.933949 0.719066 0.068182 0.077020
3 0.603338 0.951389 0.039062 0.059343
5 0.580611 0.057449 0.039062 0.059343
0 0.328125 0.255682 0.068182 0.077020
8 0.837713 0.075126 0.039062 0.059343
6 0.437855 0.669823 0.039062 0.059343
3 0.827770 0.245581 0.039062 0.059343
2 0.719105 0.956439 0.029119 0.051768
0 0.059659 0.135732 0.068182 0.077020
7 0.087713 0.273359 0.039062 0.059343
4 0.579190 0.273359 0.039062 0.059343
5 0.719815 0.543561 0.039062 0.059343
2 0.170099 0.552399 0.029119 0.051768
7 0.917969 0.850379 0.039062 0.059343
