4 0.073509 0.126894 0.039062 0.059343
1 0.926136 0.292298 0.068182 0.077020
3 0.432173 0.707702 0.039062 0.059343
7 0.977628 0.931187 0.039062 0.059343
8 0.582031 0.828914 0.039062 0.059343
5 0.069247 0.943813 0.039062 0.059343
7 0.449219 0.440025 0.039062 0.059343
8 0.811435 0.451389 0.039062 0.059343
3 0.170099 0.741793 0.039062 0.059343
0 0.327415 0.129419 0.068182 0.077020
6 0.297230 0.251894 0.039062 0.059343
7 0.605469 0.489268 0.039062 0.059343
7 0.769531 0.904672 0.039062 0.059343
0 0.804688 0.289773 0.068182 0.077020
8 0.399503 0.871843 0.039062 0.059343
7 0.526634 0.744318 0.039062 0.059343
8 0.828480 0.166035 0.039062 0.059343
6 0.898082 0.565025 0.039062 0.059343
6 0.660156 0.104167 0.039062 0.059343
6 0.037287 0.746843 0.039062 0.059343
6 0.583452 0.076389 0.039062 0.059343
0 0.703125 0.292298 0.068182 0.077020
6 0.839134 0.714015 0.039062 0.059343
7 0.709162 0.938763 0.039062 0.059343
8 0.146662 0.249369 0.039062 0.059343
8 0.583452 0.346591 0.039062 0.059343
3 0.157315 0.840278 0.039062 0.059343
7 0.202770 0.514520 0.039062 0.059343
0 0.928977 0.663510 0.068182 0.077020
3 0.435724 0.080177 0.039062 0.059343
4 0.169389 0.097854 0.039062 0.059343
