4 0.976918 0.660985 0.039062 0.059343
7 0.464134 0.241793 0.039062 0.059343
5 0.667969 0.113005 0.039062 0.059343
2 0.676491 0.898359 0.029119 0.051768
3 0.093395 0.676136 0.039062 0.059343
5 0.030895 0.264520 0.039062 0.059343
3 0.173651 0.947601 0.039062 0.059343
8 0.922940 0.115530 0.039062 0.059343
0 0.336648 0.455177 0.068182 0.077020
3 0.659446 0.679924 0.039062 0.059343
2 0.704190 0.251894 0.029119 0.051768
6 0.829190 0.152146 0.039062 0.059343
5 0.579190 0.702652 0.039062 0.059343
6 0.304332 0.845328 0.039062 0.059343
4 0.148793 0.481692 0.039062 0.059343
6 0.290128 0.114268 0.039062 0.059343
3 0.100497 0.931187 0.039062 0.059343
8 0.144531 0.715278 0.039062 0.059343
0 0.579545 0.250631 0.068182 0.077020
6 0.040128 0.432449 0.039062 0.059343
2 0.605469 0.934975 0.029119 0.051768
7 0.473366 0.481692 0.039062 0.059343
8 0.033736 0.133207 0.039062 0.059343
1 0.921875 0.953914 0.068182 0.077020
5 0.837003 0.344066 0.039062 0.059343
7 0.576349 0.101641 0.039062 0.059343
3 0.436435 0.700126 0.039062 0.059343
8 0.962713 0.508207 0.039062 0.059343
8 0.329190 0.337753 0.039062 0.059343
0 0.412642 0.837753 0.068182 0.077020
2 0.853338 0.484217 0.029119 0.051768
3 0.975497 0.302399 0.039062 0.059343
6 0.780895 0.961490 0.039062 0.059343
4 0.159446 0.099116 0.039062 0.059343
8 0.695668 0.472854 0.039062 0.059343
6 0.195668 0.325126 0.039062 0.059343
