5 0.168679 0.164773 0.039062 0.059343
2 0.890270 0.268308 0.029119 0.051768
6 0.672230 0.933712 0.039062 0.059343
8 0.559304 0.639520 0.039062 0.059343
1 0.933239 0.681187 0.068182 0.077020
3 0.579190 0.530934 0.039062 0.059343
8 0.280185 0.336490 0.039062 0.059343
2 0.195668 0.702652 0.029119 0.051768
8 0.645952 0.309975 0.039062 0.059343
2 0.234020 0.832702 0.029119 0.051768
5 0.055753 0.845328 0.039062 0.059343
0 0.318892 0.897096 0.068182 0.077020
4 0.459162 0.964015 0.039062 0.059343
6 0.446378 0.760732 0.039062 0.059343
8 0.802202 0.354167 0.039062 0.059343
2 0.454190 0.053662 0.029119 0.051768
0 0.176136 0.263258 0.068182 0.077020
1 0.839489 0.672348 0.068182 0.077020
0 0.950284 0.053662 0.068182 0.077020
0 0.840909 0.857955 0.068182 0.077020
5 0.403054 0.556187 0.039062 0.059343
0 0.559659 0.316288 0.068182 0.077020
7 0.549361 0.931187 0.039062 0.059343
4 0.338423 0.653409 0.039062 0.059343
2 0.562145 0.062500 0.029119 0.051768
2 0.942116 0.503157 0.029119 0.051768
5 0.792969 0.505682 0.039062 0.059343
8 0.653764 0.453914 0.039062 0.059343
8 0.689986 0.738005 0.039062 0.059343
5 0.683594 0.083965 0.039062 0.059343
1 0.078835 0.150884 0.068182 0.077020
0 0.179688 0.441288 0.068182 0.077020
5 0.964134 0.893308 0.039062 0.059343
