1 0.965199 0.702652 0.068182 0.077020
4 0.449219 0.082702 0.039062 0.059343
8 0.327060 0.741793 0.039062 0.059343
6 0.935014 0.292298 0.039062 0.059343
8 0.333452 0.922348 0.039062 0.059343
6 0.772372 0.495581 0.039062 0.059343
1 0.538352 0.291035 0.068182 0.077020
2 0.557173 0.563763 0.029119 0.051768
7 0.423651 0.244318 0.039062 0.059343
5 0.158026 0.515783 0.039062 0.059343
3 0.072088 0.669823 0.039062 0.059343
3 0.279474 0.359217 0.039062 0.059343
5 0.600497 0.753157 0.039062 0.059343
3 0.942116 0.075126 0.039062 0.059343
0 0.208097 0.269571 0.068182 0.077020
8 0.315696 0.466540 0.039062 0.059343
5 0.927912 0.831439 0.039062 0.059343
0 0.661222 0.892045 0.068182 0.077020
4 0.591264 0.868056 0.039062 0.059343
4 0.969105 0.527146 0.039062 0.059343
3 0.785156 0.154672 0.039062 0.059343
6 0.438565 0.466540 0.039062 0.059343
2 0.841974 0.932449 0.029119 0.051768
7 0.059304 0.500631 0.039062 0.059343
