8 0.692116 0.236742 0.039062 0.059343
5 0.783026 0.138258 0.039062 0.059343
8 0.525213 0.875631 0.039062 0.059343
2 0.477628 0.568813 0.029119 0.051768
7 0.525213 0.508207 0.039062 0.059343
8 0.466974 0.681187 0.039062 0.059343
7 0.806463 0.753157 0.039062 0.059343
8 0.329901 0.907197 0.039062 0.059343
6 0.795810 0.339015 0.039062 0.059343
7 0.102628 0.352904 0.039062 0.059343
3 0.021662 0.941288 0.039062 0.059343
5 0.053622 0.032197 0.039062 0.059343
8 0.319247 0.735480 0.039062 0.059343
5 0.924361 0.879419 0.039062 0.059343
4 0.840554 0.953914 0.039062 0.059343
7 0.163707 0.470328 0.039062 0.059343
2 0.697798 0.770833 0.029119 0.051768
0 0.565341 0.139520 0.068182 0.077020
8 0.965554 0.251894 0.039062 0.059343
7 0.204901 0.109217 0.039062 0.059343
7 0.714844 0.101641 0.039062 0.059343
8 0.726207 0.523359 0.039062 0.059343
2 0.455611 0.917298 0.029119 0.051768
2 0.291548 0.500631 0.029119 0.051768
4 0.044389 0.645833 0.039062 0.059343
2 0.192116 0.741793 0.029119 0.051768
5 0.050781 0.460227 0.039062 0.059343
0 0.173295 0.921086 0.068182 0.077020
3 0.908026 0.052399 0.039062 0.059343
4 0.908026 0.476641 0.039062 0.059343
