4 0.449929 0.948864 0.039062 0.059343
3 0.778764 0.883207 0.039062 0.059343
5 0.082031 0.110480 0.039062 0.059343
6 0.064276 0.905934 0.039062 0.059343
0 0.539773 0.277146 0.068182 0.077020
3 0.179332 0.967803 0.039062 0.059343
2 0.697088 0.087753 0.029119 0.051768
6 0.949929 0.359217 0.039062 0.059343
0 0.811080 0.674874 0.068182 0.077020
6 0.535866 0.945076 0.039062 0.059343
8 0.850497 0.538510 0.039062 0.059343
2 0.547940 0.462753 0.029119 0.051768
2 0.707031 0.443813 0.029119 0.051768
3 0.094815 0.355429 0.039062 0.059343
7 0.902344 0.453914 0.039062 0.059343
2 0.402344 0.561237 0.029119 0.051768
1 0.446733 0.681187 0.068182 0.077020
3 0.306463 0.234217 0.039062 0.059343
3 0.934304 0.926136 0.039062 0.059343
0 0.558949 0.667298 0.068182 0.077020
4 0.780185 0.105429 0.039062 0.059343
7 0.175071 0.519571 0.039062 0.059343
6 0.820668 0.296086 0.039062 0.059343
7 0.339844 0.658460 0.039062 0.059343
4 0.707031 0.346591 0.039062 0.059343
1 0.328835 0.080177 0.068182 0.077020
2 0.343395 0.841540 0.029119 0.051768
7 0.974077 0.643308 0.039062 0.059343
0 0.063920 0.539773 0.068182 0.077020
4 0.587713 0.063763 0.039062 0.059343
1 0.917614 0.099116 0.068182 0.077020
5 0.195668 0.260732 0.039062 0.059343
3 0.436435 0.081439 0.039062 0.059343
3 0.044389 0.695076 0.039062 0.059343
1 0.464489 0.336490 0.068182 0.077020
4 0.153764 0.097854 0.039062 0.059343
7 0.325639 0.476641 0.039062 0.059343
5 0.670810 0.740530 0.039062 0.059343
3 0.152344 0.636995 0.039062 0.059343
