6 0.476207 0.167298 0.039062 0.059343
2 0.606179 0.115530 0.029119 0.051768
2 0.266690 0.245581 0.029119 0.051768
8 0.281605 0.955177 0.039062 0.059343
4 0.039418 0.469066 0.039062 0.059343
1 0.172585 0.653409 0.068182 0.077020
1 0.409091 0.548611 0.068182 0.077020
4 0.584162 0.366793 0.039062 0.059343
2 0.851207 0.154672 0.029119 0.051768
3 0.480469 0.368056 0.039062 0.059343
1 0.680398 0.360480 0.068182 0.077020
0 0.963778 0.068813 0.068182 0.077020
0 0.938920 0.957702 0.068182 0.077020
5 0.462003 0.663510 0.039062 0.059343
8 0.796520 0.508207 0.039062 0.059343
5 0.924361 0.442551 0.039062 0.059343
8 0.793679 0.284722 0.039062 0.059343
3 0.708452 0.546086 0.039062 0.059343
4 0.454901 0.892045 0.039062 0.059343
2 0.358310 0.106692 0.029119 0.051768
1 0.174006 0.524621 0.068182 0.077020
1 0.708097 0.854167 0.068182 0.077020
6 0.539418 0.548611 0.039062 0.059343
7 0.344815 0.717803 0.039062 0.059343
6 0.275923 0.490530 0.039062 0.059343
7 0.209872 0.894571 0.039062 0.059343
2 0.192116 0.082702 0.029119 0.051768
5 0.094815 0.087753 0.039062 0.059343
3 0.979048 0.717803 0.039062 0.059343
