4 0.839134 0.162247 0.039062 0.059343
6 0.526634 0.029672 0.039062 0.059343
7 0.022372 0.030934 0.039062 0.059343
4 0.409446 0.750631 0.039062 0.059343
0 0.926136 0.269571 0.068182 0.077020
8 0.187145 0.558712 0.039062 0.059343
6 0.841264 0.442551 0.039062 0.059343
7 0.102628 0.664773 0.039062 0.059343
4 0.662287 0.698864 0.039062 0.059343
7 0.162287 0.643308 0.039062 0.059343
4 0.175781 0.071338 0.039062 0.059343
7 0.185014 0.263258 0.039062 0.059343
4 0.323509 0.554924 0.039062 0.059343
5 0.827770 0.835227 0.039062 0.059343
4 0.938565 0.768308 0.039062 0.059343
7 0.647372 0.928662 0.039062 0.059343
0 0.536222 0.460227 0.068182 0.077020
5 0.720526 0.349116 0.039062 0.059343
6 0.401634 0.852904 0.039062 0.059343
3 0.829190 0.660985 0.039062 0.059343
4 0.925781 0.475379 0.039062 0.059343
1 0.672585 0.441288 0.068182 0.077020
5 0.343395 0.248106 0.039062 0.059343
0 0.058949 0.344066 0.068182 0.077020
4 0.430043 0.110480 0.039062 0.059343
8 0.470526 0.484217 0.039062 0.059343
3 0.939276 0.131944 0.039062 0.059343
3 0.420810 0.235480 0.039062 0.059343
6 0.320668 0.140783 0.039062 0.059343
1 0.050426 0.908460 0.068182 0.077020
8 0.343395 0.888258 0.039062 0.059343
2 0.650923 0.034722 0.029119 0.051768
1 0.931818 0.873106 0.068182 0.077020
2 0.596946 0.873106 0.029119 0.051768
6 0.332741 0.697601 0.039062 0.059343
1 0.572443 0.282197 0.068182 0.077020
6 0.160866 0.833965 0.039062 0.059343
2 0.787287 0.297348 0.029119 0.051768
