3 0.799361 0.494318 0.039062 0.059343
4 0.216264 0.051136 0.039062 0.059343
3 0.917969 0.899621 0.039062 0.059343
1 0.665483 0.285985 0.068182 0.077020
0 0.420455 0.476641 0.068182 0.077020
7 0.959872 0.360480 0.039062 0.059343
1 0.587358 0.861742 0.068182 0.077020
0 0.562500 0.043561 0.068182 0.077020
7 0.803622 0.075126 0.039062 0.059343
1 0.551847 0.691288 0.068182 0.077020
5 0.332031 0.764520 0.039062 0.059343
4 0.915838 0.568813 0.039062 0.059343
0 0.068892 0.513258 0.068182 0.077020
7 0.041548 0.702652 0.039062 0.059343
8 0.216264 0.297348 0.039062 0.059343
1 0.086648 0.107955 0.068182 0.077020
5 0.329901 0.166035 0.039062 0.059343
1 0.449574 0.724116 0.068182 0.077020
7 0.667259 0.710227 0.039062 0.059343
0 0.159801 0.486742 0.068182 0.077020
5 0.655895 0.467803 0.039062 0.059343
2 0.649503 0.078914 0.029119 0.051768
0 0.163352 0.729167 0.068182 0.077020
0 0.452415 0.124369 0.068182 0.077020
4 0.045099 0.847854 0.039062 0.059343
1 0.578125 0.312500 0.068182 0.077020
3 0.849787 0.701389 0.039062 0.059343
7 0.427912 0.292298 0.039062 0.059343
5 0.176491 0.832702 0.039062 0.059343
0 0.332386 0.524621 0.068182 0.077020
1 0.699574 0.875631 0.068182 0.077020
2 0.976918 0.739268 0.029119 0.051768
6 0.576349 0.434975 0.039062 0.059343
