3 0.397372 0.662247 0.039062 0.059343
7 0.962713 0.251894 0.039062 0.059343
0 0.180398 0.677399 0.068182 0.077020
7 0.057884 0.708965 0.039062 0.059343
6 0.662287 0.143308 0.039062 0.059343
2 0.395241 0.344066 0.029119 0.051768
5 0.774503 0.120581 0.039062 0.059343
1 0.338778 0.313763 0.068182 0.077020
2 0.287997 0.629419 0.029119 0.051768
8 0.189986 0.306187 0.039062 0.059343
5 0.534446 0.630682 0.039062 0.059343
3 0.327770 0.863005 0.039062 0.059343
5 0.829901 0.687500 0.039062 0.059343
1 0.920455 0.491793 0.068182 0.077020
2 0.982599 0.087753 0.029119 0.051768
4 0.699929 0.287247 0.039062 0.059343
1 0.433949 0.131944 0.068182 0.077020
5 0.066406 0.279672 0.039062 0.059343
0 0.209517 0.094066 0.068182 0.077020
2 0.843395 0.471591 0.029119 0.051768
1 0.036932 0.076389 0.068182 0.077020
7 0.450639 0.910985 0.039062 0.059343
5 0.790838 0.961490 0.039062 0.059343
5 0.979759 0.859217 0.039062 0.059343
8 0.084162 0.428662 0.039062 0.059343
