5 0.318537 0.833965 0.039062 0.059343
5 0.842685 0.708965 0.039062 0.059343
0 0.938920 0.135732 0.068182 0.077020
0 0.580966 0.469066 0.068182 0.077020
5 0.101918 0.273359 0.039062 0.059343
8 0.934304 0.852904 0.039062 0.059343
5 0.790838 0.325126 0.039062 0.059343
0 0.325994 0.089015 0.068182 0.077020
8 0.469815 0.159722 0.039062 0.059343
0 0.288352 0.260732 0.068182 0.077020
4 0.075639 0.934975 0.039062 0.059343
5 0.079901 0.124369 0.039062 0.059343
8 0.707031 0.489268 0.039062 0.059343
2 0.602628 0.272096 0.029119 0.051768
0 0.568182 0.647096 0.068182 0.077020
6 0.943537 0.434975 0.039062 0.059343
7 0.182173 0.339015 0.039062 0.059343
6 0.414418 0.880682 0.039062 0.059343
1 0.167614 0.706439 0.068182 0.077020
2 0.964134 0.341540 0.029119 0.051768
5 0.690696 0.717803 0.039062 0.059343
7 0.601207 0.874369 0.039062 0.059343
5 0.395241 0.451389 0.039062 0.059343
0 0.677557 0.328914 0.068182 0.077020
5 0.894531 0.642045 0.039062 0.059343
7 0.810724 0.429924 0.039062 0.059343
1 0.191051 0.883207 0.068182 0.077020
0 0.659801 0.152146 0.068182 0.077020
8 0.472656 0.645833 0.039062 0.059343
7 0.715554 0.900884 0.039062 0.059343
5 0.433594 0.269571 0.039062 0.059343
1 0.335938 0.729167 0.068182 0.077020
1 0.323864 0.541035 0.068182 0.077020
2 0.835582 0.029672 0.029119 0.051768
8 0.542969 0.162247 0.039062 0.059343
3 0.229048 0.150884 0.039062 0.059343
