0 0.203125 0.509470 0.068182 0.077020
7 0.465554 0.441288 0.039062 0.059343
3 0.908026 0.471591 0.039062 0.059343
7 0.581321 0.881944 0.039062 0.059343
2 0.810724 0.461490 0.029119 0.051768
2 0.808594 0.839015 0.029119 0.051768
1 0.924716 0.105429 0.068182 0.077020
4 0.694247 0.945076 0.039062 0.059343
2 0.406605 0.043561 0.029119 0.051768
1 0.918324 0.841540 0.068182 0.077020
2 0.558594 0.708965 0.029119 0.051768
7 0.648793 0.687500 0.039062 0.059343
5 0.062145 0.634470 0.039062 0.059343
2 0.694247 0.231692 0.029119 0.051768
7 0.153054 0.311237 0.039062 0.059343
4 0.035866 0.932449 0.039062 0.059343
0 0.302557 0.549874 0.068182 0.077020
6 0.343395 0.745581 0.039062 0.059343
8 0.288707 0.844066 0.039062 0.059343
3 0.976207 0.727904 0.039062 0.059343
4 0.544389 0.124369 0.039062 0.059343
6 0.945668 0.292298 0.039062 0.059343
8 0.542969 0.552399 0.039062 0.059343
4 0.412287 0.856692 0.039062 0.059343
3 0.720526 0.518308 0.039062 0.059343
5 0.420099 0.293561 0.039062 0.059343
5 0.084872 0.260732 0.039062 0.059343
6 0.225497 0.879419 0.039062 0.059343
2 0.268821 0.129419 0.029119 0.051768
7 0.215554 0.169823 0.039062 0.059343
2 0.104048 0.504419 0.029119 0.051768
4 0.425071 0.659722 0.039062 0.059343
5 0.726918 0.089015 0.039062 0.059343
0 0.793324 0.095328 0.068182 0.077020
