6 0.051491 0.936237 0.039062 0.059343
8 0.772372 0.865530 0.039062 0.059343
5 0.846236 0.765783 0.039062 0.059343
8 0.275213 0.135732 0.039062 0.059343
6 0.783026 0.288510 0.039062 0.059343
4 0.949929 0.277146 0.039062 0.059343
5 0.148793 0.336490 0.039062 0.059343
5 0.909446 0.097854 0.039062 0.059343
0 0.179688 0.114268 0.068182 0.077020
4 0.174361 0.913510 0.039062 0.059343
1 0.414062 0.304924 0.068182 0.077020
4 0.188565 0.489268 0.039062 0.059343
7 0.401634 0.038510 0.039062 0.059343
2 0.419389 0.671086 0.029119 0.051768
4 0.851918 0.134470 0.039062 0.059343
0 0.923295 0.840278 0.068182 0.077020
7 0.077060 0.043561 0.039062 0.059343
2 0.476918 0.481692 0.029119 0.051768
1 0.685369 0.134470 0.068182 0.077020
3 0.052912 0.706439 0.039062 0.059343
6 0.692116 0.724116 0.039062 0.059343
2 0.719105 0.878157 0.029119 0.051768
0 0.185369 0.644571 0.068182 0.077020
7 0.669389 0.298611 0.039062 0.059343
6 0.533026 0.496843 0.039062 0.059343
