4 0.925071 0.928662 0.039062 0.059343
6 0.328480 0.115530 0.039062 0.059343
5 0.342685 0.561237 0.039062 0.059343
6 0.604759 0.071338 0.039062 0.059343
0 0.667614 0.356692 0.068182 0.077020
0 0.715199 0.687500 0.068182 0.077020
3 0.399503 0.340278 0.039062 0.059343
5 0.685724 0.837753 0.039062 0.059343
5 0.306463 0.243056 0.039062 0.059343
0 0.784091 0.727904 0.068182 0.077020
0 0.090199 0.712753 0.068182 0.077020
1 0.438210 0.070076 0.068182 0.077020
5 0.052912 0.345328 0.039062 0.059343
8 0.799361 0.063763 0.039062 0.059343
4 0.045810 0.450126 0.039062 0.059343
2 0.547230 0.926136 0.029119 0.051768
7 0.958452 0.519571 0.039062 0.059343
0 0.708807 0.076389 0.068182 0.077020
0 0.199574 0.729167 0.068182 0.077020
1 0.175426 0.253157 0.068182 0.077020
7 0.962713 0.138258 0.039062 0.059343
2 0.089134 0.864268 0.029119 0.051768
0 0.199574 0.046086 0.068182 0.077020
4 0.526634 0.659722 0.039062 0.059343
2 0.912287 0.292298 0.029119 0.051768
6 0.398793 0.721591 0.039062 0.059343
2 0.063565 0.120581 0.029119 0.051768
5 0.412997 0.494318 0.039062 0.059343
3 0.912287 0.666035 0.039062 0.059343
2 0.554332 0.571338 0.029119 0.051768
6 0.330611 0.907197 0.039062 0.059343
2 0.571378 0.275884 0.029119 0.051768
5 0.720526 0.518308 0.039062 0.059343
7 0.845526 0.910985 0.039062 0.059343
7 0.165128 0.453914 0.039062 0.059343
