6 0.901634 0.491793 0.039062 0.059343
7 0.180043 0.907197 0.039062 0.059343
4 0.691406 0.486742 0.039062 0.059343
0 0.952415 0.057449 0.068182 0.077020
3 0.042259 0.136995 0.039062 0.059343
1 0.709517 0.879419 0.068182 0.077020
7 0.682173 0.724116 0.039062 0.059343
4 0.964844 0.235480 0.039062 0.059343
0 0.802557 0.500631 0.068182 0.077020
2 0.062855 0.633207 0.029119 0.051768
0 0.799716 0.070076 0.068182 0.077020
4 0.319247 0.654672 0.039062 0.059343
0 0.288352 0.539773 0.068182 0.077020
4 0.421520 0.455177 0.039062 0.059343
6 0.327770 0.231692 0.039062 0.059343
8 0.087003 0.330177 0.039062 0.059343
8 0.475497 0.707702 0.039062 0.059343
6 0.974787 0.854167 0.039062 0.059343
3 0.584162 0.030934 0.039062 0.059343
7 0.806463 0.246843 0.039062 0.059343
0 0.203125 0.673611 0.068182 0.077020
5 0.096946 0.938763 0.039062 0.059343
3 0.720526 0.245581 0.039062 0.059343
2 0.274503 0.871843 0.029119 0.051768
7 0.295810 0.147096 0.039062 0.059343
2 0.201349 0.311237 0.029119 0.051768
