6 0.810014 0.081439 0.039062 0.059343
4 0.917259 0.750631 0.039062 0.059343
5 0.530185 0.035985 0.039062 0.059343
4 0.067827 0.476641 0.039062 0.059343
1 0.553977 0.861742 0.068182 0.077020
4 0.157315 0.246843 0.039062 0.059343
5 0.525923 0.333965 0.039062 0.059343
0 0.326705 0.094066 0.068182 0.077020
7 0.405895 0.168561 0.039062 0.059343
3 0.454190 0.898359 0.039062 0.059343
4 0.351207 0.306187 0.039062 0.059343
2 0.971236 0.465278 0.029119 0.051768
0 0.922585 0.345328 0.068182 0.077020
8 0.145952 0.753157 0.039062 0.059343
2 0.060014 0.359217 0.029119 0.051768
0 0.693892 0.871843 0.068182 0.077020
5 0.798651 0.726641 0.039062 0.059343
5 0.332031 0.561237 0.039062 0.059343
1 0.831676 0.870581 0.068182 0.077020
4 0.398793 0.662247 0.039062 0.059343
5 0.179332 0.504419 0.039062 0.059343
4 0.466264 0.328914 0.039062 0.059343
1 0.065341 0.748106 0.068182 0.077020
3 0.577770 0.698864 0.039062 0.059343
7 0.645241 0.253157 0.039062 0.059343
5 0.043679 0.839015 0.039062 0.059343
6 0.849787 0.363005 0.039062 0.059343
0 0.669034 0.053662 0.068182 0.077020
3 0.650213 0.745581 0.039062 0.059343
8 0.959162 0.945076 0.039062 0.059343
7 0.769531 0.455177 0.039062 0.059343
4 0.691406 0.452652 0.039062 0.059343
1 0.330966 0.948864 0.068182 0.077020
6 0.181463 0.940025 0.039062 0.059343
2 0.297230 0.633207 0.029119 0.051768
