4 0.969105 0.450126 0.039062 0.059343
1 0.432528 0.269571 0.068182 0.077020
5 0.918679 0.869318 0.039062 0.059343
5 0.810014 0.893308 0.039062 0.059343
3 0.466974 0.034722 0.039062 0.059343
8 0.699929 0.498106 0.039062 0.059343
7 0.291548 0.943813 0.039062 0.059343
7 0.581321 0.696338 0.039062 0.059343
3 0.798651 0.648359 0.039062 0.059343
7 0.537997 0.909722 0.039062 0.059343
3 0.917969 0.278409 0.039062 0.059343
5 0.164418 0.869318 0.039062 0.059343
0 0.287642 0.544823 0.068182 0.077020
2 0.074929 0.543561 0.029119 0.051768
8 0.807884 0.133207 0.039062 0.059343
5 0.680043 0.336490 0.039062 0.059343
1 0.310369 0.249369 0.068182 0.077020
8 0.398082 0.965278 0.039062 0.059343
3 0.702060 0.903409 0.039062 0.059343
3 0.019531 0.851641 0.039062 0.059343
2 0.288707 0.652146 0.029119 0.051768
5 0.158026 0.482955 0.039062 0.059343
2 0.807173 0.488005 0.029119 0.051768
4 0.469815 0.668561 0.039062 0.059343
7 0.348366 0.077652 0.039062 0.059343
2 0.587713 0.542298 0.029119 0.051768
8 0.052202 0.116793 0.039062 0.059343
7 0.819957 0.306187 0.039062 0.059343
2 0.107599 0.761995 0.029119 0.051768
0 0.925426 0.677399 0.068182 0.077020
7 0.089844 0.352904 0.039062 0.059343
