6 0.467685 0.684975 0.039062 0.059343
2 0.202060 0.879419 0.029119 0.051768
1 0.448864 0.903409 0.068182 0.077020
3 0.199929 0.539773 0.039062 0.059343
0 0.210227 0.155934 0.068182 0.077020
4 0.480469 0.552399 0.039062 0.059343
7 0.440696 0.041035 0.039062 0.059343
7 0.355469 0.333965 0.039062 0.059343
1 0.328125 0.489268 0.068182 0.077020
2 0.307884 0.674874 0.029119 0.051768
1 0.088068 0.844066 0.068182 0.077020
6 0.728338 0.698864 0.039062 0.059343
8 0.721946 0.845328 0.039062 0.059343
2 0.943537 0.359217 0.029119 0.051768
1 0.215199 0.244318 0.068182 0.077020
2 0.535156 0.355429 0.029119 0.051768
6 0.599787 0.440025 0.039062 0.059343
0 0.918324 0.860480 0.068182 0.077020
1 0.554688 0.736742 0.068182 0.077020
8 0.403764 0.326389 0.039062 0.059343
3 0.529474 0.138258 0.039062 0.059343
4 0.810724 0.673611 0.039062 0.059343
6 0.289418 0.874369 0.039062 0.059343
1 0.786222 0.556187 0.068182 0.077020
5 0.917259 0.729167 0.039062 0.059343
3 0.051491 0.250631 0.039062 0.059343
5 0.341974 0.101641 0.039062 0.059343
5 0.660156 0.067551 0.039062 0.059343
2 0.106889 0.714015 0.029119 0.051768
8 0.849077 0.360480 0.039062 0.059343
5 0.695668 0.312500 0.039062 0.059343
0 0.797585 0.038510 0.068182 0.077020
4 0.691406 0.535985 0.039062 0.059343
6 0.019531 0.168561 0.039062 0.059343
