7 0.354048 0.847854 0.039062 0.059343
4 0.974787 0.321338 0.039062 0.059343
5 0.802912 0.157197 0.039062 0.059343
4 0.022372 0.690025 0.039062 0.059343
6 0.431463 0.446338 0.039062 0.059343
4 0.452060 0.238005 0.039062 0.059343
2 0.604048 0.625631 0.029119 0.051768
1 0.558239 0.524621 0.068182 0.077020
2 0.153764 0.937500 0.029119 0.051768
7 0.193537 0.514520 0.039062 0.059343
5 0.344815 0.258207 0.039062 0.059343
7 0.411577 0.652146 0.039062 0.059343
5 0.698509 0.956439 0.039062 0.059343
5 0.082741 0.908460 0.039062 0.059343
4 0.851207 0.357955 0.039062 0.059343
0 0.213068 0.140783 0.068182 0.077020
7 0.650213 0.561237 0.039062 0.059343
4 0.341264 0.690025 0.039062 0.059343
1 0.446733 0.873106 0.068182 0.077020
5 0.658736 0.063763 0.039062 0.059343
0 0.086648 0.306187 0.068182 0.077020
