3 0.410156 0.543561 0.039062 0.059343
5 0.204190 0.633207 0.039062 0.059343
0 0.544744 0.059975 0.068182 0.077020
7 0.270241 0.267045 0.039062 0.059343
2 0.408736 0.037247 0.029119 0.051768
1 0.805398 0.327652 0.068182 0.077020
6 0.952060 0.246843 0.039062 0.059343
6 0.100497 0.511995 0.039062 0.059343
3 0.295099 0.131944 0.039062 0.059343
4 0.197088 0.957702 0.039062 0.059343
6 0.712003 0.912247 0.039062 0.059343
6 0.965554 0.458965 0.039062 0.059343
5 0.591264 0.828914 0.039062 0.059343
0 0.539062 0.513258 0.068182 0.077020
0 0.659091 0.049874 0.068182 0.077020
4 0.707741 0.673611 0.039062 0.059343
1 0.175426 0.345328 0.068182 0.077020
6 0.407315 0.292298 0.039062 0.059343
1 0.041903 0.667298 0.068182 0.077020
8 0.144531 0.513258 0.039062 0.059343
