8 0.023082 0.248106 0.039062 0.059343
4 0.954190 0.519571 0.039062 0.059343
3 0.832031 0.136995 0.039062 0.059343
8 0.786577 0.241793 0.039062 0.059343
1 0.557528 0.154672 0.068182 0.077020
8 0.817116 0.523359 0.039062 0.059343
6 0.280895 0.330177 0.039062 0.059343
8 0.150923 0.833965 0.039062 0.059343
2 0.462003 0.701389 0.029119 0.051768
8 0.910156 0.274621 0.039062 0.059343
1 0.921875 0.076389 0.068182 0.077020
5 0.177912 0.288510 0.039062 0.059343
0 0.685369 0.899621 0.068182 0.077020
6 0.726207 0.054924 0.039062 0.059343
8 0.447798 0.287247 0.039062 0.059343
2 0.296520 0.676136 0.029119 0.051768
8 0.170099 0.037247 0.039062 0.059343
3 0.341264 0.869318 0.039062 0.059343
2 0.015270 0.482955 0.029119 0.051768
3 0.719105 0.307449 0.039062 0.059343
1 0.938210 0.743056 0.068182 0.077020
0 0.310369 0.049874 0.068182 0.077020
0 0.197443 0.506944 0.068182 0.077020
4 0.439276 0.130682 0.039062 0.059343
8 0.574219 0.431187 0.039062 0.059343
7 0.162287 0.643308 0.039062 0.059343
7 0.770952 0.761995 0.039062 0.059343
5 0.337713 0.447601 0.039062 0.059343
7 0.538707 0.763258 0.039062 0.059343
3 0.094815 0.754419 0.039062 0.059343
1 0.681108 0.688763 0.068182 0.077020
1 0.566761 0.298611 0.068182 0.077020
0 0.578835 0.921086 0.068182 0.077020
6 0.810724 0.957702 0.039062 0.059343
3 0.095526 0.878157 0.039062 0.059343
