6 0.177912 0.168561 0.039062 0.059343
1 0.294744 0.356692 0.068182 0.077020
3 0.052202 0.330177 0.039062 0.059343
1 0.411222 0.049874 0.068182 0.077020
3 0.949219 0.294823 0.039062 0.059343
2 0.719105 0.767045 0.029119 0.051768
8 0.537287 0.706439 0.039062 0.059343
3 0.913707 0.431187 0.039062 0.059343
2 0.449929 0.544823 0.029119 0.051768
8 0.800781 0.488005 0.039062 0.059343
8 0.660866 0.328914 0.039062 0.059343
7 0.680043 0.125631 0.039062 0.059343
0 0.209517 0.549874 0.068182 0.077020
0 0.198864 0.894571 0.068182 0.077020
7 0.979048 0.889520 0.039062 0.059343
4 0.809304 0.240530 0.039062 0.059343
0 0.813210 0.159722 0.068182 0.077020
1 0.168324 0.690025 0.068182 0.077020
2 0.557173 0.437500 0.029119 0.051768
3 0.166548 0.253157 0.039062 0.059343
5 0.599787 0.840278 0.039062 0.059343
0 0.693892 0.854167 0.068182 0.077020
2 0.319247 0.563763 0.029119 0.051768
0 0.708097 0.554924 0.068182 0.077020
1 0.086648 0.437500 0.068182 0.077020
0 0.323153 0.123106 0.068182 0.077020
7 0.963423 0.652146 0.039062 0.059343
4 0.792259 0.736742 0.039062 0.059343
0 0.063920 0.652146 0.068182 0.077020
7 0.446378 0.357955 0.039062 0.059343
7 0.777344 0.952652 0.039062 0.059343
6 0.557884 0.041035 0.039062 0.059343
8 0.322798 0.916035 0.039062 0.059343
8 0.445668 0.899621 0.039062 0.059343
4 0.946378 0.047348 0.039062 0.059343
