5 0.658026 0.634470 0.039062 0.059343
0 0.670455 0.057449 0.068182 0.077020
6 0.476207 0.432449 0.039062 0.059343
8 0.229759 0.503157 0.039062 0.059343
1 0.806108 0.359217 0.068182 0.077020
5 0.587713 0.654672 0.039062 0.059343
5 0.289418 0.833965 0.039062 0.059343
2 0.091264 0.361742 0.029119 0.051768
6 0.444957 0.240530 0.039062 0.059343
5 0.054332 0.876894 0.039062 0.059343
8 0.552202 0.916035 0.039062 0.059343
1 0.679688 0.486742 0.068182 0.077020
7 0.653764 0.298611 0.039062 0.059343
5 0.212003 0.366793 0.039062 0.059343
5 0.462003 0.869318 0.039062 0.059343
2 0.929332 0.907197 0.029119 0.051768
6 0.468395 0.658460 0.039062 0.059343
3 0.951349 0.291035 0.039062 0.059343
5 0.063565 0.043561 0.039062 0.059343
0 0.066051 0.638258 0.068182 0.077020
3 0.853338 0.756944 0.039062 0.059343
0 0.056108 0.501894 0.068182 0.077020
7 0.222656 0.159722 0.039062 0.059343
1 0.558949 0.260732 0.068182 0.077020
0 0.542614 0.049874 0.068182 0.077020
1 0.792614 0.881944 0.068182 0.077020
3 0.308594 0.119318 0.039062 0.059343
2 0.167969 0.851641 0.029119 0.051768
1 0.436080 0.121843 0.068182 0.077020
8 0.297230 0.710227 0.039062 0.059343
2 0.910156 0.130682 0.029119 0.051768
4 0.324219 0.339015 0.039062 0.059343
