4 0.188565 0.912247 0.039062 0.059343
6 0.353338 0.124369 0.039062 0.059343
2 0.939276 0.447601 0.029119 0.051768
6 0.417259 0.922348 0.039062 0.059343
5 0.317827 0.941288 0.039062 0.059343
8 0.410866 0.293561 0.039062 0.059343
7 0.837713 0.912247 0.039062 0.059343
8 0.352628 0.273359 0.039062 0.059343
2 0.676491 0.732955 0.029119 0.051768
2 0.920810 0.085227 0.029119 0.051768
8 0.588423 0.052399 0.039062 0.059343
5 0.832031 0.090278 0.039062 0.059343
4 0.479759 0.530934 0.039062 0.059343
1 0.818892 0.293561 0.068182 0.077020
4 0.937145 0.293561 0.039062 0.059343
7 0.280895 0.712753 0.039062 0.059343
4 0.219815 0.673611 0.039062 0.059343
6 0.071378 0.700126 0.039062 0.059343
1 0.052557 0.349116 0.068182 0.077020
6 0.701349 0.541035 0.039062 0.059343
3 0.416548 0.648359 0.039062 0.059343
0 0.698864 0.239268 0.068182 0.077020
5 0.971946 0.936237 0.039062 0.059343
0 0.191051 0.260732 0.068182 0.077020
8 0.582741 0.509470 0.039062 0.059343
5 0.655895 0.941288 0.039062 0.059343
4 0.969105 0.647096 0.039062 0.059343
1 0.708807 0.125631 0.068182 0.077020
3 0.341264 0.500631 0.039062 0.059343
5 0.069247 0.960227 0.039062 0.059343
6 0.584872 0.671086 0.039062 0.059343
8 0.055753 0.048611 0.039062 0.059343
2 0.521662 0.952652 0.029119 0.051768
8 0.222656 0.495581 0.039062 0.059343
6 0.430043 0.037247 0.039062 0.059343
3 0.082741 0.466540 0.039062 0.059343
