2 0.020952 0.885732 0.029119 0.051768
2 0.587003 0.363005 0.029119 0.051768
0 0.559659 0.695076 0.068182 0.077020
0 0.915483 0.874369 0.068182 0.077020
0 0.462358 0.724116 0.068182 0.077020
0 0.793324 0.260732 0.068182 0.077020
7 0.332741 0.152146 0.039062 0.059343
6 0.560724 0.080177 0.039062 0.059343
2 0.015270 0.261995 0.029119 0.051768
7 0.026634 0.437500 0.039062 0.059343
8 0.354759 0.844066 0.039062 0.059343
4 0.906605 0.539773 0.039062 0.059343
6 0.426491 0.857955 0.039062 0.059343
7 0.155185 0.229167 0.039062 0.059343
3 0.835582 0.965278 0.039062 0.059343
2 0.942116 0.339015 0.029119 0.051768
6 0.705611 0.842803 0.039062 0.059343
5 0.803622 0.705177 0.039062 0.059343
0 0.061080 0.150884 0.068182 0.077020
8 0.151634 0.037247 0.039062 0.059343
4 0.292259 0.302399 0.039062 0.059343
