3 0.548651 0.698864 0.039062 0.059343
1 0.787642 0.511995 0.068182 0.077020
8 0.425781 0.308712 0.039062 0.059343
0 0.069602 0.690025 0.068182 0.077020
5 0.656605 0.361742 0.039062 0.059343
1 0.683239 0.855429 0.068182 0.077020
6 0.354759 0.267045 0.039062 0.059343
2 0.058594 0.863005 0.029119 0.051768
8 0.208452 0.648359 0.039062 0.059343
7 0.847656 0.666035 0.039062 0.059343
2 0.390980 0.075126 0.029119 0.051768
3 0.557173 0.359217 0.039062 0.059343
1 0.673295 0.096591 0.068182 0.077020
8 0.023082 0.270833 0.039062 0.059343
2 0.025923 0.075126 0.029119 0.051768
0 0.205256 0.553662 0.068182 0.077020
5 0.947088 0.317551 0.039062 0.059343
6 0.104759 0.554924 0.039062 0.059343
1 0.552557 0.131944 0.068182 0.077020
4 0.429332 0.841540 0.039062 0.059343
3 0.349077 0.856692 0.039062 0.059343
8 0.276634 0.138258 0.039062 0.059343
7 0.968395 0.166035 0.039062 0.059343
7 0.792969 0.951389 0.039062 0.059343
1 0.544034 0.868056 0.068182 0.077020
1 0.419744 0.557449 0.068182 0.077020
2 0.393111 0.712753 0.029119 0.051768
6 0.846946 0.071338 0.039062 0.059343
8 0.311435 0.732955 0.039062 0.059343
4 0.938565 0.631944 0.039062 0.059343
4 0.722656 0.436237 0.039062 0.059343
5 0.785866 0.366793 0.039062 0.059343
1 0.335938 0.453914 0.068182 0.077020
7 0.728338 0.748106 0.039062 0.059343
4 0.958452 0.871843 0.039062 0.059343
4 0.220526 0.321338 0.039062 0.059343
