1 0.564631 0.320076 0.068182 0.077020
7 0.056463 0.068813 0.039062 0.059343
4 0.063565 0.495581 0.039062 0.059343
0 0.191051 0.860480 0.068182 0.077020
2 0.303622 0.508207 0.029119 0.051768
1 0.452415 0.153409 0.068182 0.077020
5 0.292259 0.248106 0.039062 0.059343
8 0.564276 0.967803 0.039062 0.059343
7 0.286577 0.842803 0.039062 0.059343
7 0.715554 0.320076 0.039062 0.059343
3 0.187145 0.472854 0.039062 0.059343
1 0.190341 0.351641 0.068182 0.077020
8 0.791548 0.278409 0.039062 0.059343
8 0.822798 0.758207 0.039062 0.059343
3 0.902344 0.318813 0.039062 0.059343
2 0.788707 0.083965 0.029119 0.051768
4 0.423651 0.347854 0.039062 0.059343
2 0.674361 0.119318 0.029119 0.051768
4 0.715554 0.912247 0.039062 0.059343
3 0.050781 0.857955 0.039062 0.059343
