2 0.437145 0.537247 0.029119 0.051768
2 0.803622 0.533460 0.029119 0.051768
3 0.296520 0.667298 0.039062 0.059343
3 0.565696 0.440025 0.039062 0.059343
8 0.427202 0.285985 0.039062 0.059343
4 0.469815 0.037247 0.039062 0.059343
2 0.682884 0.520833 0.029119 0.051768
1 0.708807 0.342803 0.068182 0.077020
7 0.667969 0.754419 0.039062 0.059343
1 0.043324 0.312500 0.068182 0.077020
0 0.082386 0.926136 0.068182 0.077020
4 0.774503 0.143308 0.039062 0.059343
8 0.906605 0.643308 0.039062 0.059343
3 0.902344 0.238005 0.039062 0.059343
0 0.165483 0.892045 0.068182 0.077020
7 0.306463 0.311237 0.039062 0.059343
7 0.976918 0.086490 0.039062 0.059343
7 0.180753 0.496843 0.039062 0.059343
8 0.294389 0.856692 0.039062 0.059343
5 0.710582 0.110480 0.039062 0.059343
8 0.173651 0.304924 0.039062 0.059343
