7 0.950639 0.043561 0.039062 0.059343
7 0.977628 0.511995 0.039062 0.059343
2 0.403054 0.500631 0.029119 0.051768
8 0.150213 0.953914 0.039062 0.059343
0 0.696023 0.682449 0.068182 0.077020
0 0.050426 0.846591 0.068182 0.077020
8 0.805043 0.030934 0.039062 0.059343
7 0.790838 0.739268 0.039062 0.059343
6 0.431463 0.284722 0.039062 0.059343
7 0.974787 0.857955 0.039062 0.059343
8 0.298651 0.715278 0.039062 0.059343
5 0.526634 0.649621 0.039062 0.059343
6 0.955611 0.693813 0.039062 0.059343
7 0.645241 0.542298 0.039062 0.059343
2 0.095526 0.030934 0.029119 0.051768
4 0.560014 0.301136 0.039062 0.059343
6 0.594815 0.967803 0.039062 0.059343
0 0.035511 0.660985 0.068182 0.077020
1 0.041903 0.243056 0.068182 0.077020
2 0.447088 0.133207 0.029119 0.051768
1 0.542614 0.496843 0.068182 0.077020
4 0.202770 0.751894 0.039062 0.059343
2 0.664418 0.831439 0.029119 0.051768
0 0.549006 0.073864 0.068182 0.077020
2 0.395241 0.770833 0.029119 0.051768
