0 0.575994 0.940025 0.068182 0.077020
7 0.452060 0.034722 0.039062 0.059343
7 0.970526 0.924874 0.039062 0.059343
8 0.295099 0.725379 0.039062 0.059343
7 0.814986 0.529672 0.039062 0.059343
8 0.901634 0.708965 0.039062 0.059343
2 0.540128 0.315025 0.029119 0.051768
0 0.189631 0.318813 0.068182 0.077020
0 0.808239 0.336490 0.068182 0.077020
3 0.177912 0.460227 0.039062 0.059343
3 0.183594 0.168561 0.039062 0.059343
2 0.660156 0.510732 0.029119 0.051768
7 0.525213 0.453914 0.039062 0.059343
0 0.934659 0.481692 0.068182 0.077020
0 0.960938 0.253157 0.068182 0.077020
4 0.473366 0.493056 0.039062 0.059343
5 0.273793 0.871843 0.039062 0.059343
1 0.671875 0.097854 0.068182 0.077020
0 0.444602 0.741793 0.068182 0.077020
3 0.067116 0.725379 0.039062 0.059343
7 0.591264 0.754419 0.039062 0.059343
6 0.100497 0.836490 0.039062 0.059343
1 0.715909 0.682449 0.068182 0.077020
1 0.054688 0.307449 0.068182 0.077020
4 0.677202 0.318813 0.039062 0.059343
3 0.420099 0.859217 0.039062 0.059343
2 0.142401 0.904672 0.029119 0.051768
8 0.338423 0.061237 0.039062 0.059343
5 0.207741 0.765783 0.039062 0.059343
1 0.818892 0.884470 0.068182 0.077020
6 0.604759 0.085227 0.039062 0.059343
3 0.101918 0.068813 0.039062 0.059343
8 0.317116 0.529672 0.039062 0.059343
0 0.338778 0.238005 0.068182 0.077020
2 0.830611 0.770833 0.029119 0.051768
6 0.825639 0.073864 0.039062 0.059343
4 0.951349 0.049874 0.039062 0.059343
