7 0.663707 0.865530 0.039062 0.059343
8 0.230469 0.697601 0.039062 0.059343
5 0.312855 0.080177 0.039062 0.059343
8 0.462713 0.325126 0.039062 0.059343
1 0.946733 0.755682 0.068182 0.077020
7 0.175071 0.445076 0.039062 0.059343
4 0.544389 0.279672 0.039062 0.059343
6 0.227628 0.244318 0.039062 0.059343
0 0.786932 0.049874 0.068182 0.077020
7 0.057173 0.559975 0.039062 0.059343
3 0.476918 0.763258 0.039062 0.059343
1 0.965909 0.839015 0.068182 0.077020
4 0.801491 0.934975 0.039062 0.059343
4 0.519531 0.515783 0.039062 0.059343
7 0.797940 0.749369 0.039062 0.059343
4 0.822088 0.441288 0.039062 0.059343
0 0.053267 0.711490 0.068182 0.077020
7 0.645241 0.251894 0.039062 0.059343
2 0.929332 0.347854 0.029119 0.051768
7 0.304332 0.746843 0.039062 0.059343
4 0.596236 0.893308 0.039062 0.059343
3 0.077770 0.253157 0.039062 0.059343
7 0.724077 0.674874 0.039062 0.059343
7 0.524503 0.764520 0.039062 0.059343
1 0.201705 0.909722 0.068182 0.077020
6 0.663707 0.063763 0.039062 0.059343
3 0.074929 0.844066 0.039062 0.059343
7 0.086293 0.104167 0.039062 0.059343
8 0.411577 0.168561 0.039062 0.059343
4 0.297230 0.429924 0.039062 0.059343
7 0.825639 0.239268 0.039062 0.059343
1 0.177557 0.091540 0.068182 0.077020
8 0.936435 0.081439 0.039062 0.059343
6 0.672230 0.558712 0.039062 0.059343
0 0.431818 0.874369 0.068182 0.077020
