0 0.082386 0.513258 0.068182 0.077020
8 0.159446 0.087753 0.039062 0.059343
5 0.215554 0.931187 0.039062 0.059343
3 0.834162 0.053662 0.039062 0.059343
1 0.089489 0.711490 0.068182 0.077020
0 0.053977 0.059975 0.068182 0.077020
7 0.605469 0.261995 0.039062 0.059343
6 0.073509 0.264520 0.039062 0.059343
3 0.337003 0.967803 0.039062 0.059343
8 0.702770 0.038510 0.039062 0.059343
4 0.822088 0.330177 0.039062 0.059343
0 0.825994 0.942551 0.068182 0.077020
6 0.949929 0.274621 0.039062 0.059343
4 0.468395 0.879419 0.039062 0.059343
7 0.953480 0.846591 0.039062 0.059343
3 0.689276 0.485480 0.039062 0.059343
3 0.200639 0.758207 0.039062 0.059343
5 0.469105 0.296086 0.039062 0.059343
4 0.420810 0.504419 0.039062 0.059343
6 0.020952 0.832702 0.039062 0.059343
8 0.536577 0.679924 0.039062 0.059343
1 0.678267 0.317551 0.068182 0.077020
8 0.917969 0.528409 0.039062 0.059343
5 0.729759 0.722854 0.039062 0.059343
6 0.410866 0.710227 0.039062 0.059343
7 0.599077 0.158460 0.039062 0.059343
8 0.319957 0.168561 0.039062 0.059343
5 0.410866 0.126894 0.039062 0.059343
2 0.961293 0.107955 0.029119 0.051768
2 0.604048 0.902146 0.029119 0.051768
8 0.956321 0.755682 0.039062 0.059343
6 0.789418 0.480429 0.039062 0.059343
0 0.821023 0.758207 0.068182 0.077020
2 0.321378 0.696338 0.029119 0.051768
