5 0.435724 0.289773 0.039062 0.059343
2 0.264560 0.924874 0.029119 0.051768
5 0.195668 0.953914 0.039062 0.059343
0 0.197443 0.090278 0.068182 0.077020
2 0.901634 0.642045 0.029119 0.051768
4 0.842685 0.967803 0.039062 0.059343
4 0.464134 0.145833 0.039062 0.059343
4 0.082031 0.932449 0.039062 0.059343
0 0.062500 0.105429 0.068182 0.077020
2 0.087003 0.667298 0.029119 0.051768
0 0.963778 0.274621 0.068182 0.077020
1 0.417614 0.936237 0.068182 0.077020
3 0.311435 0.345328 0.039062 0.059343
2 0.721236 0.308712 0.029119 0.051768
3 0.773793 0.740530 0.039062 0.059343
5 0.770952 0.342803 0.039062 0.059343
0 0.663352 0.515783 0.068182 0.077020
7 0.568537 0.857955 0.039062 0.059343
8 0.051491 0.517045 0.039062 0.059343
1 0.909801 0.042298 0.068182 0.077020
8 0.726207 0.082702 0.039062 0.059343
2 0.460582 0.513258 0.029119 0.051768
4 0.958452 0.524621 0.039062 0.059343
8 0.530185 0.264520 0.039062 0.059343
0 0.198864 0.350379 0.068182 0.077020
6 0.563565 0.046086 0.039062 0.059343
8 0.307173 0.658460 0.039062 0.059343
8 0.704190 0.744318 0.039062 0.059343
0 0.715909 0.854167 0.068182 0.077020
5 0.194247 0.544823 0.039062 0.059343
5 0.576349 0.558712 0.039062 0.059343
6 0.105469 0.335227 0.039062 0.059343
0 0.338778 0.101641 0.068182 0.077020
