0 0.536932 0.292298 0.068182 0.077020
5 0.437855 0.750631 0.039062 0.059343
3 0.214134 0.921086 0.039062 0.059343
3 0.470526 0.942551 0.039062 0.059343
3 0.806463 0.673611 0.039062 0.059343
0 0.056108 0.346591 0.068182 0.077020
1 0.089489 0.457702 0.068182 0.077020
7 0.313565 0.897096 0.039062 0.059343
3 0.524503 0.488005 0.039062 0.059343
7 0.221946 0.751894 0.039062 0.059343
6 0.711293 0.153409 0.039062 0.059343
0 0.570312 0.744318 0.068182 0.077020
5 0.784446 0.162247 0.039062 0.059343
7 0.293679 0.124369 0.039062 0.059343
4 0.219105 0.232955 0.039062 0.059343
6 0.719815 0.644571 0.039062 0.059343
5 0.792259 0.870581 0.039062 0.059343
8 0.677912 0.953914 0.039062 0.059343
0 0.568182 0.926136 0.068182 0.077020
1 0.449574 0.335227 0.068182 0.077020
7 0.202060 0.471591 0.039062 0.059343
3 0.305753 0.231692 0.039062 0.059343
8 0.954190 0.461490 0.039062 0.059343
2 0.517401 0.085227 0.029119 0.051768
6 0.793679 0.484217 0.039062 0.059343
5 0.782315 0.354167 0.039062 0.059343
7 0.692827 0.498106 0.039062 0.059343
