7 0.290128 0.493056 0.039062 0.059343
7 0.954190 0.744318 0.039062 0.059343
7 0.327060 0.240530 0.039062 0.059343
3 0.174361 0.888258 0.039062 0.059343
5 0.920099 0.440025 0.039062 0.059343
5 0.080611 0.239268 0.039062 0.059343
6 0.783026 0.245581 0.039062 0.059343
0 0.465199 0.113005 0.068182 0.077020
3 0.775923 0.876894 0.039062 0.059343
6 0.694957 0.440025 0.039062 0.059343
7 0.415128 0.721591 0.039062 0.059343
8 0.298651 0.674874 0.039062 0.059343
8 0.577060 0.756944 0.039062 0.059343
8 0.033026 0.506944 0.039062 0.059343
4 0.897372 0.133207 0.039062 0.059343
2 0.579190 0.833965 0.029119 0.051768
0 0.584517 0.049874 0.068182 0.077020
0 0.549006 0.451389 0.068182 0.077020
6 0.677202 0.159722 0.039062 0.059343
2 0.709872 0.904672 0.029119 0.051768
7 0.403054 0.519571 0.039062 0.059343
3 0.915128 0.315025 0.039062 0.059343
1 0.084517 0.890783 0.068182 0.077020
0 0.324574 0.937500 0.068182 0.077020
8 0.540838 0.230429 0.039062 0.059343
2 0.854048 0.669823 0.029119 0.051768
8 0.337003 0.152146 0.039062 0.059343
5 0.226918 0.750631 0.039062 0.059343
2 0.699219 0.687500 0.029119 0.051768
1 0.808239 0.124369 0.068182 0.077020
4 0.207741 0.080177 0.039062 0.059343
2 0.224787 0.544823 0.029119 0.051768
3 0.476207 0.298611 0.039062 0.059343
4 0.926491 0.922348 0.039062 0.059343
5 0.474077 0.861742 0.039062 0.059343
4 0.695668 0.302399 0.039062 0.059343
