2 0.460582 0.691288 0.029119 0.051768
1 0.554688 0.301136 0.068182 0.077020
0 0.310369 0.873106 0.068182 0.077020
5 0.777344 0.554924 0.039062 0.059343
2 0.829901 0.359217 0.029119 0.051768
6 0.480469 0.368056 0.039062 0.059343
7 0.067827 0.684975 0.039062 0.059343
0 0.659091 0.724116 0.068182 0.077020
8 0.964134 0.452652 0.039062 0.059343
8 0.591974 0.842803 0.039062 0.059343
4 0.051491 0.361742 0.039062 0.059343
6 0.073509 0.517045 0.039062 0.059343
0 0.314631 0.644571 0.068182 0.077020
0 0.182528 0.714015 0.068182 0.077020
7 0.168679 0.246843 0.039062 0.059343
3 0.648793 0.864268 0.039062 0.059343
8 0.655895 0.244318 0.039062 0.059343
8 0.577770 0.517045 0.039062 0.059343
4 0.021662 0.126894 0.039062 0.059343
7 0.644531 0.480429 0.039062 0.059343
7 0.821378 0.687500 0.039062 0.059343
3 0.680043 0.101641 0.039062 0.059343
8 0.573509 0.761995 0.039062 0.059343
8 0.272372 0.500631 0.039062 0.059343
3 0.908026 0.966540 0.039062 0.059343
6 0.292969 0.267045 0.039062 0.059343
4 0.895241 0.236742 0.039062 0.059343
3 0.061435 0.888258 0.039062 0.059343
5 0.403764 0.124369 0.039062 0.059343
8 0.941406 0.724116 0.039062 0.059343
4 0.836293 0.052399 0.039062 0.059343
1 0.911932 0.133207 0.068182 0.077020
6 0.228338 0.046086 0.039062 0.059343
5 0.473366 0.854167 0.039062 0.059343
6 0.287997 0.155934 0.039062 0.059343
5 0.479048 0.476641 0.039062 0.059343
6 0.175071 0.458965 0.039062 0.059343
6 0.832741 0.839015 0.039062 0.059343
