8 0.471946 0.113005 0.039062 0.059343
4 0.709162 0.331439 0.039062 0.059343
8 0.325639 0.467803 0.039062 0.059343
7 0.721946 0.929924 0.039062 0.059343
5 0.433594 0.542298 0.039062 0.059343
7 0.853338 0.905934 0.039062 0.059343
7 0.589844 0.359217 0.039062 0.059343
8 0.770952 0.484217 0.039062 0.059343
5 0.337713 0.158460 0.039062 0.059343
5 0.064276 0.535985 0.039062 0.059343
1 0.912642 0.708965 0.068182 0.077020
2 0.033736 0.245581 0.029119 0.051768
6 0.582741 0.565025 0.039062 0.059343
8 0.561435 0.763258 0.039062 0.059343
5 0.200639 0.657197 0.039062 0.059343
8 0.712713 0.429924 0.039062 0.059343
2 0.026634 0.852904 0.029119 0.051768
6 0.943537 0.288510 0.039062 0.059343
4 0.316406 0.354167 0.039062 0.059343
5 0.067116 0.631944 0.039062 0.059343
4 0.454190 0.664773 0.039062 0.059343
0 0.214489 0.448864 0.068182 0.077020
8 0.853338 0.246843 0.039062 0.059343
