8 0.596236 0.553662 0.039062 0.059343
8 0.351207 0.880682 0.039062 0.059343
5 0.897372 0.745581 0.039062 0.059343
8 0.430043 0.465278 0.039062 0.059343
1 0.049716 0.129419 0.068182 0.077020
4 0.705611 0.255682 0.039062 0.059343
5 0.319957 0.291035 0.039062 0.059343
6 0.961293 0.903409 0.039062 0.059343
2 0.591974 0.315025 0.029119 0.051768
0 0.159801 0.136995 0.068182 0.077020
2 0.041548 0.500631 0.029119 0.051768
4 0.912997 0.554924 0.039062 0.059343
7 0.716264 0.546086 0.039062 0.059343
7 0.685724 0.057449 0.039062 0.059343
1 0.340909 0.110480 0.068182 0.077020
4 0.792259 0.261995 0.039062 0.059343
8 0.830611 0.056187 0.039062 0.059343
3 0.519531 0.091540 0.039062 0.059343
2 0.412997 0.926136 0.029119 0.051768
2 0.025923 0.373106 0.029119 0.051768
7 0.284446 0.754419 0.039062 0.059343
2 0.210582 0.741793 0.029119 0.051768
1 0.681108 0.707702 0.068182 0.077020
7 0.805043 0.888258 0.039062 0.059343
6 0.450639 0.635732 0.039062 0.059343
5 0.098366 0.666035 0.039062 0.059343
1 0.675426 0.888258 0.068182 0.077020
6 0.532315 0.721591 0.039062 0.059343
7 0.096236 0.831439 0.039062 0.059343
