3 0.688565 0.105429 0.039062 0.059343
1 0.184659 0.057449 0.068182 0.077020
6 0.918679 0.768308 0.039062 0.059343
1 0.421165 0.923611 0.068182 0.077020
5 0.562855 0.734217 0.039062 0.059343
3 0.542969 0.937500 0.039062 0.059343
6 0.812855 0.934975 0.039062 0.059343
4 0.422940 0.475379 0.039062 0.059343
4 0.965554 0.554924 0.039062 0.059343
4 0.930043 0.306187 0.039062 0.059343
5 0.313565 0.168561 0.039062 0.059343
8 0.476207 0.700126 0.039062 0.059343
8 0.680753 0.669823 0.039062 0.059343
8 0.476918 0.301136 0.039062 0.059343
0 0.306108 0.845328 0.068182 0.077020
8 0.699929 0.455177 0.039062 0.059343
4 0.818537 0.518308 0.039062 0.059343
1 0.086648 0.075126 0.068182 0.077020
7 0.335582 0.562500 0.039062 0.059343
1 0.572443 0.099116 0.068182 0.077020
7 0.680043 0.831439 0.039062 0.059343
8 0.521662 0.548611 0.039062 0.059343
5 0.458452 0.154672 0.039062 0.059343
5 0.187145 0.323864 0.039062 0.059343
1 0.289773 0.748106 0.068182 0.077020
5 0.895241 0.967803 0.039062 0.059343
2 0.279474 0.320076 0.029119 0.051768
0 0.057528 0.307449 0.068182 0.077020
5 0.841974 0.735480 0.039062 0.059343
2 0.145241 0.748106 0.029119 0.051768
0 0.708807 0.293561 0.068182 0.077020
3 0.077060 0.908460 0.039062 0.059343
5 0.170099 0.520833 0.039062 0.059343
0 0.949574 0.139520 0.068182 0.077020
