7 0.523082 0.942551 0.039062 0.059343
6 0.656605 0.366793 0.039062 0.059343
2 0.764560 0.316288 0.029119 0.051768
8 0.055753 0.433712 0.039062 0.059343
8 0.667969 0.732955 0.039062 0.059343
4 0.217685 0.655934 0.039062 0.059343
3 0.545099 0.557449 0.039062 0.059343
6 0.468395 0.548611 0.039062 0.059343
2 0.944247 0.143308 0.029119 0.051768
6 0.685014 0.157197 0.039062 0.059343
0 0.574574 0.089015 0.068182 0.077020
2 0.971236 0.538510 0.029119 0.051768
4 0.448509 0.087753 0.039062 0.059343
2 0.686435 0.424874 0.029119 0.051768
2 0.338423 0.277146 0.029119 0.051768
5 0.053622 0.940025 0.039062 0.059343
5 0.466974 0.299874 0.039062 0.059343
4 0.192827 0.440025 0.039062 0.059343
1 0.561080 0.660985 0.068182 0.077020
6 0.284446 0.940025 0.039062 0.059343
1 0.815341 0.054924 0.068182 0.077020
