6 0.954901 0.340278 0.039062 0.059343
1 0.174716 0.729167 0.068182 0.077020
5 0.530185 0.936237 0.039062 0.059343
0 0.204545 0.115530 0.068182 0.077020
8 0.350497 0.547348 0.039062 0.059343
0 0.308239 0.301136 0.068182 0.077020
8 0.677202 0.642045 0.039062 0.059343
6 0.577770 0.734217 0.039062 0.059343
4 0.716974 0.830177 0.039062 0.059343
8 0.562855 0.355429 0.039062 0.059343
5 0.688565 0.135732 0.039062 0.059343
5 0.815696 0.912247 0.039062 0.059343
7 0.710582 0.462753 0.039062 0.059343
2 0.920810 0.428662 0.029119 0.051768
4 0.158736 0.317551 0.039062 0.059343
6 0.477628 0.326389 0.039062 0.059343
5 0.836293 0.302399 0.039062 0.059343
3 0.449929 0.514520 0.039062 0.059343
4 0.422940 0.705177 0.039062 0.059343
1 0.080256 0.721591 0.068182 0.077020
8 0.030895 0.051136 0.039062 0.059343
0 0.159091 0.948864 0.068182 0.077020
2 0.319247 0.111742 0.029119 0.051768
1 0.058239 0.484217 0.068182 0.077020
6 0.688565 0.312500 0.039062 0.059343
1 0.431108 0.123106 0.068182 0.077020
2 0.172940 0.539773 0.029119 0.051768
5 0.410866 0.835227 0.039062 0.059343
1 0.784801 0.464015 0.068182 0.077020
1 0.953835 0.652146 0.068182 0.077020
4 0.060724 0.874369 0.039062 0.059343
6 0.895952 0.038510 0.039062 0.059343
8 0.779474 0.732955 0.039062 0.059343
1 0.556108 0.048611 0.068182 0.077020
2 0.342685 0.827652 0.029119 0.051768
4 0.027344 0.330177 0.039062 0.059343
6 0.807884 0.116793 0.039062 0.059343
8 0.293679 0.754419 0.039062 0.059343
6 0.968395 0.936237 0.039062 0.059343
