2 0.658026 0.299874 0.029119 0.051768
6 0.187855 0.517045 0.039062 0.059343
7 0.978338 0.086490 0.039062 0.059343
7 0.805753 0.114268 0.039062 0.059343
8 0.224787 0.029672 0.039062 0.059343
6 0.221236 0.934975 0.039062 0.059343
2 0.815696 0.548611 0.029119 0.051768
2 0.516690 0.111742 0.029119 0.051768
5 0.286577 0.053662 0.039062 0.059343
6 0.785156 0.950126 0.039062 0.059343
0 0.286932 0.251894 0.068182 0.077020
3 0.295099 0.458965 0.039062 0.059343
0 0.674716 0.866793 0.068182 0.077020
4 0.523082 0.871843 0.039062 0.059343
4 0.103338 0.889520 0.039062 0.059343
8 0.398793 0.847854 0.039062 0.059343
3 0.147372 0.325126 0.039062 0.059343
6 0.523793 0.312500 0.039062 0.059343
4 0.537287 0.567551 0.039062 0.059343
2 0.661577 0.100379 0.029119 0.051768
0 0.833097 0.243056 0.068182 0.077020
2 0.185014 0.676136 0.029119 0.051768
2 0.442827 0.236742 0.029119 0.051768
