0 0.181108 0.270833 0.068182 0.077020
4 0.718395 0.118056 0.039062 0.059343
8 0.918679 0.472854 0.039062 0.059343
5 0.479759 0.116793 0.039062 0.059343
6 0.552202 0.498106 0.039062 0.059343
3 0.976207 0.057449 0.039062 0.059343
4 0.297940 0.481692 0.039062 0.059343
4 0.202060 0.437500 0.039062 0.059343
1 0.922585 0.917298 0.068182 0.077020
1 0.816761 0.248106 0.068182 0.077020
2 0.440696 0.280934 0.029119 0.051768
7 0.337003 0.907197 0.039062 0.059343
7 0.100497 0.078914 0.039062 0.059343
5 0.403764 0.883207 0.039062 0.059343
3 0.669389 0.869318 0.039062 0.059343
6 0.307173 0.131944 0.039062 0.059343
6 0.670810 0.234217 0.039062 0.059343
8 0.216974 0.688763 0.039062 0.059343
1 0.682528 0.476641 0.068182 0.077020
4 0.688565 0.663510 0.039062 0.059343
5 0.161577 0.946338 0.039062 0.059343
2 0.552912 0.721591 0.029119 0.051768
0 0.455966 0.489268 0.068182 0.077020
0 0.587358 0.926136 0.068182 0.077020
7 0.788707 0.534722 0.039062 0.059343
5 0.043679 0.333965 0.039062 0.059343
3 0.797940 0.032197 0.039062 0.059343
1 0.816761 0.886995 0.068182 0.077020
4 0.416548 0.749369 0.039062 0.059343
2 0.078480 0.474116 0.029119 0.051768
2 0.890980 0.225379 0.029119 0.051768
