5 0.430753 0.330177 0.039062 0.059343
5 0.088423 0.297348 0.039062 0.059343
4 0.601207 0.841540 0.039062 0.059343
3 0.581321 0.359217 0.039062 0.059343
3 0.324929 0.065025 0.039062 0.059343
5 0.351207 0.871843 0.039062 0.059343
7 0.082741 0.500631 0.039062 0.059343
4 0.964134 0.256944 0.039062 0.059343
8 0.229048 0.748106 0.039062 0.059343
6 0.550071 0.749369 0.039062 0.059343
5 0.852628 0.472854 0.039062 0.059343
3 0.846946 0.345328 0.039062 0.059343
5 0.646662 0.922348 0.039062 0.059343
7 0.832741 0.642045 0.039062 0.059343
0 0.946023 0.744318 0.068182 0.077020
4 0.280895 0.275884 0.039062 0.059343
0 0.941051 0.142045 0.068182 0.077020
7 0.972656 0.509470 0.039062 0.059343
2 0.707031 0.143308 0.029119 0.051768
1 0.176847 0.897096 0.068182 0.077020
5 0.177912 0.267045 0.039062 0.059343
2 0.644531 0.562500 0.029119 0.051768
1 0.081676 0.860480 0.068182 0.077020
5 0.302912 0.477904 0.039062 0.059343
4 0.036577 0.116793 0.039062 0.059343
