8 0.591974 0.158460 0.039062 0.059343
6 0.908736 0.455177 0.039062 0.059343
5 0.724787 0.548611 0.039062 0.059343
3 0.269531 0.030934 0.039062 0.059343
2 0.656605 0.825126 0.029119 0.051768
3 0.645952 0.677399 0.039062 0.059343
6 0.079190 0.926136 0.039062 0.059343
7 0.899503 0.947601 0.039062 0.059343
0 0.926847 0.139520 0.068182 0.077020
8 0.583452 0.899621 0.039062 0.059343
8 0.445668 0.102904 0.039062 0.059343
6 0.806463 0.708965 0.039062 0.059343
8 0.344105 0.279672 0.039062 0.059343
8 0.562145 0.489268 0.039062 0.059343
1 0.059659 0.121843 0.068182 0.077020
6 0.773793 0.443813 0.039062 0.059343
3 0.588423 0.726641 0.039062 0.059343
5 0.285156 0.720328 0.039062 0.059343
4 0.047230 0.664773 0.039062 0.059343
0 0.693182 0.067551 0.068182 0.077020
7 0.052202 0.496843 0.039062 0.059343
8 0.192827 0.243056 0.039062 0.059343
6 0.305043 0.846591 0.039062 0.059343
8 0.216974 0.702652 0.039062 0.059343
2 0.832741 0.082702 0.029119 0.051768
1 0.916193 0.688763 0.068182 0.077020
2 0.147372 0.166035 0.029119 0.051768
4 0.435014 0.532197 0.039062 0.059343
5 0.800781 0.832702 0.039062 0.059343
7 0.692827 0.269571 0.039062 0.059343
5 0.161577 0.437500 0.039062 0.059343
3 0.545099 0.246843 0.039062 0.059343
2 0.046520 0.256944 0.029119 0.051768
