7 0.679332 0.736742 0.039062 0.059343
7 0.040838 0.264520 0.039062 0.059343
1 0.455966 0.554924 0.068182 0.077020
0 0.340909 0.111742 0.068182 0.077020
3 0.770952 0.827652 0.039062 0.059343
0 0.548295 0.924874 0.068182 0.077020
3 0.922940 0.110480 0.039062 0.059343
8 0.269531 0.313763 0.039062 0.059343
2 0.180043 0.299874 0.029119 0.051768
1 0.785511 0.724116 0.068182 0.077020
3 0.824929 0.105429 0.039062 0.059343
0 0.166903 0.870581 0.068182 0.077020
7 0.555043 0.561237 0.039062 0.059343
0 0.337358 0.924874 0.068182 0.077020
7 0.064986 0.648359 0.039062 0.059343
4 0.919389 0.328914 0.039062 0.059343
7 0.730469 0.292298 0.039062 0.059343
5 0.587003 0.754419 0.039062 0.059343
1 0.456676 0.684975 0.068182 0.077020
1 0.936080 0.926136 0.068182 0.077020
1 0.455966 0.095328 0.068182 0.077020
6 0.729759 0.831439 0.039062 0.059343
7 0.662287 0.094066 0.039062 0.059343
6 0.442827 0.892045 0.039062 0.059343
4 0.060724 0.953914 0.039062 0.059343
8 0.844815 0.272096 0.039062 0.059343
5 0.189986 0.056187 0.039062 0.059343
7 0.921520 0.755682 0.039062 0.059343
7 0.344105 0.683712 0.039062 0.059343
0 0.071023 0.557449 0.068182 0.077020
5 0.690696 0.474116 0.039062 0.059343
2 0.221946 0.731692 0.029119 0.051768
