7 0.098366 0.437500 0.039062 0.059343
0 0.952415 0.148359 0.068182 0.077020
4 0.273082 0.731692 0.039062 0.059343
7 0.303622 0.503157 0.039062 0.059343
5 0.714844 0.517045 0.039062 0.059343
5 0.581321 0.164773 0.039062 0.059343
0 0.319602 0.928662 0.068182 0.077020
5 0.960582 0.514520 0.039062 0.059343
7 0.583452 0.327652 0.039062 0.059343
3 0.432884 0.465278 0.039062 0.059343
0 0.687500 0.955177 0.068182 0.077020
8 0.787287 0.495581 0.039062 0.059343
2 0.447798 0.107955 0.029119 0.051768
5 0.658736 0.129419 0.039062 0.059343
0 0.715909 0.303662 0.068182 0.077020
5 0.271662 0.053662 0.039062 0.059343
2 0.975497 0.874369 0.029119 0.051768
3 0.198509 0.672348 0.039062 0.059343
1 0.210938 0.070076 0.068182 0.077020
0 0.168324 0.910985 0.068182 0.077020
1 0.544744 0.530934 0.068182 0.077020
3 0.202060 0.455177 0.039062 0.059343
5 0.782315 0.698864 0.039062 0.059343
8 0.092685 0.894571 0.039062 0.059343
3 0.212003 0.306187 0.039062 0.059343
0 0.073153 0.666035 0.068182 0.077020
5 0.430753 0.708965 0.039062 0.059343
4 0.719815 0.759470 0.039062 0.059343
6 0.593395 0.961490 0.039062 0.059343
8 0.970526 0.323864 0.039062 0.059343
6 0.979759 0.738005 0.039062 0.059343
3 0.400213 0.365530 0.039062 0.059343
4 0.837713 0.922348 0.039062 0.059343
3 0.575639 0.759470 0.039062 0.059343
4 0.769531 0.063763 0.039062 0.059343
0 0.821733 0.307449 0.068182 0.077020
6 0.311435 0.231692 0.039062 0.059343
8 0.079190 0.274621 0.039062 0.059343
4 0.094105 0.128157 0.039062 0.059343
