8 0.099787 0.493056 0.039062 0.059343
2 0.957741 0.727904 0.029119 0.051768
3 0.526634 0.280934 0.039062 0.059343
0 0.958807 0.347854 0.068182 0.077020
1 0.840909 0.667298 0.068182 0.077020
7 0.582741 0.529672 0.039062 0.059343
5 0.180753 0.121843 0.039062 0.059343
7 0.185724 0.304924 0.039062 0.059343
3 0.472656 0.440025 0.039062 0.059343
0 0.089489 0.721591 0.068182 0.077020
1 0.824574 0.857955 0.068182 0.077020
0 0.666193 0.958965 0.068182 0.077020
5 0.309304 0.900884 0.039062 0.059343
2 0.837713 0.100379 0.029119 0.051768
0 0.662642 0.354167 0.068182 0.077020
8 0.420099 0.671086 0.039062 0.059343
8 0.084162 0.318813 0.039062 0.059343
4 0.334162 0.328914 0.039062 0.059343
3 0.806463 0.273359 0.039062 0.059343
4 0.971236 0.144571 0.039062 0.059343
4 0.308594 0.460227 0.039062 0.059343
1 0.545455 0.135732 0.068182 0.077020
6 0.960582 0.917298 0.039062 0.059343
2 0.100497 0.957702 0.029119 0.051768
3 0.290128 0.113005 0.039062 0.059343
5 0.672940 0.667298 0.039062 0.059343
5 0.780185 0.530934 0.039062 0.059343
7 0.648082 0.431187 0.039062 0.059343
6 0.047940 0.128157 0.039062 0.059343
5 0.702770 0.067551 0.039062 0.059343
7 0.170099 0.761995 0.039062 0.059343
7 0.547940 0.912247 0.039062 0.059343
1 0.289062 0.722854 0.068182 0.077020
