1 0.056108 0.080177 0.068182 0.077020
2 0.082741 0.364268 0.029119 0.051768
8 0.949219 0.255682 0.039062 0.059343
2 0.347656 0.869318 0.029119 0.051768
3 0.449929 0.927399 0.039062 0.059343
2 0.812145 0.091540 0.029119 0.051768
7 0.901634 0.852904 0.039062 0.059343
2 0.588423 0.697601 0.029119 0.051768
3 0.590554 0.054924 0.039062 0.059343
8 0.323509 0.698864 0.039062 0.059343
3 0.814986 0.287247 0.039062 0.059343
5 0.394531 0.456439 0.039062 0.059343
6 0.790128 0.494318 0.039062 0.059343
5 0.670810 0.484217 0.039062 0.059343
3 0.327770 0.085227 0.039062 0.059343
4 0.655185 0.634470 0.039062 0.059343
8 0.064276 0.664773 0.039062 0.059343
3 0.582741 0.537247 0.039062 0.059343
3 0.211293 0.163510 0.039062 0.059343
8 0.161577 0.958965 0.039062 0.059343
1 0.058239 0.451389 0.068182 0.077020
7 0.298651 0.562500 0.039062 0.059343
7 0.694957 0.154672 0.039062 0.059343
6 0.954190 0.652146 0.039062 0.059343
2 0.552912 0.845328 0.029119 0.051768
6 0.432884 0.366793 0.039062 0.059343
4 0.202060 0.311237 0.039062 0.059343
4 0.104759 0.871843 0.039062 0.059343
1 0.456676 0.650884 0.068182 0.077020
4 0.287997 0.331439 0.039062 0.059343
5 0.452770 0.104167 0.039062 0.059343
8 0.798651 0.880682 0.039062 0.059343
7 0.834872 0.722854 0.039062 0.059343
6 0.728338 0.907197 0.039062 0.059343
