2 0.810014 0.457702 0.029119 0.051768
8 0.814986 0.167298 0.039062 0.059343
0 0.565341 0.336490 0.068182 0.077020
2 0.153054 0.513258 0.029119 0.051768
6 0.422230 0.287247 0.039062 0.059343
3 0.721236 0.100379 0.039062 0.059343
6 0.088423 0.328914 0.039062 0.059343
4 0.828480 0.260732 0.039062 0.059343
4 0.405895 0.154672 0.039062 0.059343
0 0.301847 0.317551 0.068182 0.077020
7 0.604759 0.518308 0.039062 0.059343
7 0.676491 0.638258 0.039062 0.059343
8 0.163707 0.235480 0.039062 0.059343
3 0.917969 0.908460 0.039062 0.059343
5 0.283736 0.724116 0.039062 0.059343
1 0.918324 0.659722 0.068182 0.077020
4 0.155185 0.835227 0.039062 0.059343
3 0.332031 0.144571 0.039062 0.059343
7 0.573509 0.086490 0.039062 0.059343
2 0.716264 0.475379 0.029119 0.051768
5 0.965554 0.035985 0.039062 0.059343
