2 0.530185 0.953914 0.029119 0.051768
5 0.951349 0.845328 0.039062 0.059343
4 0.170099 0.467803 0.039062 0.059343
0 0.954545 0.693813 0.068182 0.077020
7 0.181463 0.328914 0.039062 0.059343
3 0.219815 0.874369 0.039062 0.059343
2 0.596236 0.716540 0.029119 0.051768
0 0.818182 0.663510 0.068182 0.077020
6 0.050781 0.634470 0.039062 0.059343
5 0.666548 0.765783 0.039062 0.059343
2 0.541548 0.315025 0.029119 0.051768
8 0.803622 0.288510 0.039062 0.059343
1 0.933949 0.498106 0.068182 0.077020
3 0.976207 0.308712 0.039062 0.059343
0 0.580256 0.107955 0.068182 0.077020
6 0.418679 0.325126 0.039062 0.059343
0 0.325994 0.725379 0.068182 0.077020
6 0.806463 0.561237 0.039062 0.059343
1 0.048295 0.931187 0.068182 0.077020
2 0.015980 0.259470 0.029119 0.051768
3 0.414418 0.556187 0.039062 0.059343
1 0.171875 0.652146 0.068182 0.077020
