0 0.454545 0.076389 0.068182 0.077020
1 0.545455 0.160985 0.068182 0.077020
0 0.954545 0.913510 0.068182 0.077020
1 0.049006 0.712753 0.068182 0.077020
3 0.943537 0.552399 0.039062 0.059343
5 0.160156 0.346591 0.039062 0.059343
4 0.474787 0.261995 0.039062 0.059343
5 0.814986 0.073864 0.039062 0.059343
6 0.555043 0.686237 0.039062 0.059343
5 0.900213 0.321338 0.039062 0.059343
3 0.554332 0.232955 0.039062 0.059343
6 0.689276 0.735480 0.039062 0.059343
3 0.201349 0.052399 0.039062 0.059343
0 0.414773 0.451389 0.068182 0.077020
3 0.229048 0.648359 0.039062 0.059343
3 0.104048 0.263258 0.039062 0.059343
8 0.807173 0.953914 0.039062 0.059343
5 0.536577 0.486742 0.039062 0.059343
0 0.915483 0.722854 0.068182 0.077020
2 0.476207 0.715278 0.029119 0.051768
4 0.855469 0.687500 0.039062 0.059343
3 0.271662 0.932449 0.039062 0.059343
8 0.270241 0.106692 0.039062 0.059343
4 0.645952 0.837753 0.039062 0.059343
8 0.833452 0.360480 0.039062 0.059343
7 0.028764 0.846591 0.039062 0.059343
3 0.320668 0.707702 0.039062 0.059343
3 0.825639 0.434975 0.039062 0.059343
1 0.210938 0.541035 0.068182 0.077020
0 0.039773 0.539773 0.068182 0.077020
6 0.910866 0.123106 0.039062 0.059343
6 0.705611 0.524621 0.039062 0.059343
1 0.169034 0.952652 0.068182 0.077020
3 0.572798 0.922348 0.039062 0.059343
7 0.462003 0.905934 0.039062 0.059343
2 0.359730 0.496843 0.029119 0.051768
4 0.038707 0.067551 0.039062 0.059343
