4 0.051491 0.489268 0.039062 0.059343
0 0.691051 0.714015 0.068182 0.077020
8 0.814276 0.530934 0.039062 0.059343
5 0.682884 0.936237 0.039062 0.059343
1 0.583097 0.892045 0.068182 0.077020
0 0.164773 0.491793 0.068182 0.077020
7 0.972656 0.916035 0.039062 0.059343
6 0.396662 0.710227 0.039062 0.059343
3 0.069247 0.291035 0.039062 0.059343
0 0.059659 0.942551 0.068182 0.077020
1 0.915483 0.465278 0.068182 0.077020
2 0.536577 0.529672 0.029119 0.051768
8 0.797230 0.965278 0.039062 0.059343
1 0.808239 0.743056 0.068182 0.077020
1 0.436790 0.928662 0.068182 0.077020
1 0.332386 0.952652 0.068182 0.077020
8 0.948509 0.133207 0.039062 0.059343
1 0.543324 0.121843 0.068182 0.077020
7 0.709872 0.296086 0.039062 0.059343
8 0.164418 0.647096 0.039062 0.059343
8 0.832031 0.085227 0.039062 0.059343
3 0.685014 0.082702 0.039062 0.059343
2 0.072088 0.740530 0.029119 0.051768
0 0.088068 0.131944 0.068182 0.077020
1 0.316761 0.131944 0.068182 0.077020
4 0.397372 0.477904 0.039062 0.059343
4 0.529474 0.274621 0.039062 0.059343
1 0.340909 0.686237 0.068182 0.077020
4 0.457031 0.320076 0.039062 0.059343
3 0.447798 0.149621 0.039062 0.059343
2 0.722656 0.494318 0.029119 0.051768
4 0.321378 0.466540 0.039062 0.059343
4 0.354048 0.309975 0.039062 0.059343
2 0.212003 0.312500 0.029119 0.051768
