1 0.159091 0.147096 0.068182 0.077020
3 0.697798 0.292298 0.039062 0.059343
3 0.310014 0.029672 0.039062 0.059343
3 0.466264 0.967803 0.039062 0.059343
1 0.556108 0.070076 0.068182 0.077020
0 0.544034 0.448864 0.068182 0.077020
7 0.032315 0.308712 0.039062 0.059343
7 0.316406 0.732955 0.039062 0.059343
1 0.681108 0.073864 0.068182 0.077020
8 0.692827 0.477904 0.039062 0.059343
5 0.075639 0.462753 0.039062 0.059343
1 0.948864 0.878157 0.068182 0.077020
8 0.537287 0.898359 0.039062 0.059343
0 0.285511 0.447601 0.068182 0.077020
5 0.216264 0.895833 0.039062 0.059343
0 0.301847 0.868056 0.068182 0.077020
8 0.935724 0.697601 0.039062 0.059343
0 0.584517 0.727904 0.068182 0.077020
1 0.552557 0.273359 0.068182 0.077020
1 0.038352 0.719066 0.068182 0.077020
4 0.060724 0.945076 0.039062 0.059343
0 0.416903 0.440025 0.068182 0.077020
5 0.920810 0.515783 0.039062 0.059343
4 0.800071 0.447601 0.039062 0.059343
1 0.198153 0.524621 0.068182 0.077020
8 0.788707 0.664773 0.039062 0.059343
2 0.849077 0.884470 0.029119 0.051768
2 0.662287 0.751894 0.029119 0.051768
7 0.810014 0.288510 0.039062 0.059343
0 0.960938 0.136995 0.068182 0.077020
4 0.193537 0.758207 0.039062 0.059343
6 0.209872 0.328914 0.039062 0.059343
4 0.663707 0.859217 0.039062 0.059343
0 0.428977 0.359217 0.068182 0.077020
