6 0.046520 0.628157 0.039062 0.059343
7 0.405185 0.927399 0.039062 0.059343
8 0.177912 0.356692 0.039062 0.059343
0 0.458097 0.357955 0.068182 0.077020
3 0.072798 0.859217 0.039062 0.059343
6 0.934304 0.254419 0.039062 0.059343
6 0.979048 0.032197 0.039062 0.059343
0 0.049716 0.465278 0.068182 0.077020
7 0.535156 0.541035 0.039062 0.059343
4 0.327770 0.767045 0.039062 0.059343
6 0.351207 0.879419 0.039062 0.059343
4 0.838423 0.941288 0.039062 0.059343
8 0.820668 0.244318 0.039062 0.059343
7 0.808594 0.501894 0.039062 0.059343
4 0.653764 0.503157 0.039062 0.059343
7 0.971946 0.880682 0.039062 0.059343
6 0.228338 0.072601 0.039062 0.059343
8 0.920099 0.484217 0.039062 0.059343
8 0.165128 0.888258 0.039062 0.059343
6 0.552202 0.289773 0.039062 0.059343
1 0.286932 0.118056 0.068182 0.077020
1 0.823864 0.160985 0.068182 0.077020
4 0.272372 0.493056 0.039062 0.059343
3 0.227628 0.702652 0.039062 0.059343
4 0.722656 0.936237 0.039062 0.059343
1 0.338778 0.355429 0.068182 0.077020
6 0.091264 0.166035 0.039062 0.059343
5 0.678622 0.080177 0.039062 0.059343
4 0.827770 0.703914 0.039062 0.059343
8 0.943537 0.730429 0.039062 0.059343
8 0.447798 0.029672 0.039062 0.059343
2 0.201349 0.457702 0.029119 0.051768
6 0.569247 0.854167 0.039062 0.059343
1 0.587358 0.116793 0.068182 0.077020
