5 0.403764 0.278409 0.039062 0.059343
8 0.571378 0.515783 0.039062 0.059343
6 0.288707 0.902146 0.039062 0.059343
7 0.287287 0.517045 0.039062 0.059343
3 0.221236 0.691288 0.039062 0.059343
8 0.067827 0.241793 0.039062 0.059343
2 0.590554 0.725379 0.029119 0.051768
1 0.696023 0.284722 0.068182 0.077020
7 0.444957 0.654672 0.039062 0.059343
7 0.909446 0.653409 0.039062 0.059343
4 0.472656 0.902146 0.039062 0.059343
6 0.280895 0.264520 0.039062 0.059343
5 0.951349 0.870581 0.039062 0.059343
3 0.813565 0.729167 0.039062 0.059343
2 0.687855 0.763258 0.029119 0.051768
7 0.417259 0.510732 0.039062 0.059343
1 0.710938 0.486742 0.068182 0.077020
5 0.328480 0.767045 0.039062 0.059343
8 0.045099 0.711490 0.039062 0.059343
1 0.535511 0.274621 0.068182 0.077020
2 0.215554 0.880682 0.029119 0.051768
6 0.023793 0.559975 0.039062 0.059343
4 0.208452 0.495581 0.039062 0.059343
0 0.673295 0.134470 0.068182 0.077020
