5 0.045810 0.446338 0.039062 0.059343
1 0.793324 0.546086 0.068182 0.077020
3 0.286577 0.094066 0.039062 0.059343
7 0.682884 0.330177 0.039062 0.059343
8 0.672230 0.451389 0.039062 0.059343
6 0.564276 0.121843 0.039062 0.059343
6 0.963423 0.063763 0.039062 0.059343
0 0.181108 0.734217 0.068182 0.077020
5 0.072798 0.951389 0.039062 0.059343
7 0.687855 0.736742 0.039062 0.059343
0 0.571733 0.337753 0.068182 0.077020
4 0.328480 0.855429 0.039062 0.059343
4 0.050781 0.645833 0.039062 0.059343
5 0.301491 0.453914 0.039062 0.059343
7 0.076349 0.364268 0.039062 0.059343
1 0.202415 0.919823 0.068182 0.077020
5 0.851207 0.136995 0.039062 0.059343
0 0.203835 0.043561 0.068182 0.077020
4 0.410156 0.640783 0.039062 0.059343
2 0.531605 0.458965 0.029119 0.051768
5 0.844105 0.888258 0.039062 0.059343
0 0.668324 0.046086 0.068182 0.077020
6 0.942827 0.644571 0.039062 0.059343
2 0.779474 0.238005 0.029119 0.051768
1 0.338778 0.648359 0.068182 0.077020
1 0.549716 0.695076 0.068182 0.077020
8 0.908736 0.351641 0.039062 0.059343
4 0.270241 0.261995 0.039062 0.059343
5 0.908026 0.873106 0.039062 0.059343
0 0.448864 0.861742 0.068182 0.077020
8 0.057173 0.034722 0.039062 0.059343
