4 0.444247 0.634470 0.039062 0.059343
4 0.658736 0.503157 0.039062 0.059343
7 0.346236 0.033460 0.039062 0.059343
2 0.668679 0.933712 0.029119 0.051768
0 0.823864 0.294823 0.068182 0.077020
2 0.893111 0.302399 0.029119 0.051768
4 0.580611 0.057449 0.039062 0.059343
8 0.597656 0.678662 0.039062 0.059343
2 0.403764 0.878157 0.029119 0.051768
3 0.219105 0.254419 0.039062 0.059343
3 0.171520 0.513258 0.039062 0.059343
4 0.180043 0.725379 0.039062 0.059343
2 0.808594 0.745581 0.029119 0.051768
6 0.785156 0.437500 0.039062 0.059343
8 0.653764 0.309975 0.039062 0.059343
7 0.971236 0.765783 0.039062 0.059343
7 0.310014 0.505682 0.039062 0.059343
7 0.024503 0.847854 0.039062 0.059343
6 0.957031 0.946338 0.039062 0.059343
5 0.292969 0.308712 0.039062 0.059343
2 0.044389 0.504419 0.029119 0.051768
0 0.446733 0.283460 0.068182 0.077020
7 0.072088 0.710227 0.039062 0.059343
