1 0.534801 0.658460 0.068182 0.077020
5 0.572088 0.294823 0.039062 0.059343
7 0.229759 0.837753 0.039062 0.059343
1 0.208807 0.153409 0.068182 0.077020
1 0.447443 0.855429 0.068182 0.077020
7 0.906605 0.467803 0.039062 0.059343
4 0.791548 0.135732 0.039062 0.059343
3 0.317827 0.277146 0.039062 0.059343
2 0.335582 0.828914 0.029119 0.051768
3 0.903764 0.246843 0.039062 0.059343
5 0.571378 0.081439 0.039062 0.059343
3 0.334162 0.159722 0.039062 0.059343
3 0.961293 0.897096 0.039062 0.059343
2 0.816406 0.369318 0.029119 0.051768
2 0.529474 0.894571 0.029119 0.051768
0 0.688920 0.253157 0.068182 0.077020
0 0.688920 0.721591 0.068182 0.077020
3 0.926491 0.755682 0.039062 0.059343
6 0.845526 0.513258 0.039062 0.059343
3 0.431463 0.495581 0.039062 0.059343
7 0.095526 0.529672 0.039062 0.059343
2 0.289418 0.525884 0.029119 0.051768
4 0.440696 0.359217 0.039062 0.059343
