6 0.674361 0.922348 0.039062 0.059343
5 0.562145 0.865530 0.039062 0.059343
8 0.104759 0.683712 0.039062 0.059343
7 0.095526 0.245581 0.039062 0.059343
6 0.969815 0.937500 0.039062 0.059343
0 0.456676 0.917298 0.068182 0.077020
3 0.794389 0.163510 0.039062 0.059343
7 0.442827 0.274621 0.039062 0.059343
6 0.846946 0.647096 0.039062 0.059343
7 0.687855 0.309975 0.039062 0.059343
7 0.458452 0.116793 0.039062 0.059343
6 0.834872 0.888258 0.039062 0.059343
2 0.267401 0.758207 0.029119 0.051768
1 0.203125 0.056187 0.068182 0.077020
5 0.570668 0.727904 0.039062 0.059343
8 0.548651 0.432449 0.039062 0.059343
8 0.272372 0.270833 0.039062 0.059343
7 0.047940 0.080177 0.039062 0.059343
8 0.657315 0.169823 0.039062 0.059343
8 0.930753 0.528409 0.039062 0.059343
7 0.951349 0.123106 0.039062 0.059343
1 0.043324 0.836490 0.068182 0.077020
0 0.335938 0.455177 0.068182 0.077020
0 0.463068 0.524621 0.068182 0.077020
5 0.019531 0.519571 0.039062 0.059343
8 0.229759 0.278409 0.039062 0.059343
