7 0.843395 0.140783 0.039062 0.059343
1 0.803977 0.559975 0.068182 0.077020
6 0.309304 0.841540 0.039062 0.059343
6 0.708452 0.239268 0.039062 0.059343
1 0.085938 0.239268 0.068182 0.077020
3 0.055753 0.759470 0.039062 0.059343
5 0.269531 0.278409 0.039062 0.059343
8 0.550071 0.691288 0.039062 0.059343
8 0.154474 0.847854 0.039062 0.059343
7 0.341974 0.643308 0.039062 0.059343
5 0.428622 0.158460 0.039062 0.059343
4 0.826349 0.749369 0.039062 0.059343
8 0.057173 0.842803 0.039062 0.059343
3 0.674361 0.947601 0.039062 0.059343
4 0.596946 0.229167 0.039062 0.059343
7 0.174361 0.136995 0.039062 0.059343
3 0.947088 0.566288 0.039062 0.059343
5 0.697088 0.736742 0.039062 0.059343
7 0.480469 0.855429 0.039062 0.059343
0 0.057528 0.139520 0.068182 0.077020
5 0.540838 0.428662 0.039062 0.059343
8 0.462003 0.524621 0.039062 0.059343
2 0.316406 0.051136 0.029119 0.051768
8 0.174361 0.682449 0.039062 0.059343
3 0.950639 0.231692 0.039062 0.059343
7 0.955611 0.105429 0.039062 0.059343
4 0.846236 0.854167 0.039062 0.059343
6 0.147372 0.493056 0.039062 0.059343
7 0.924361 0.956439 0.039062 0.059343
4 0.589134 0.123106 0.039062 0.059343
8 0.442827 0.650884 0.039062 0.059343
6 0.895241 0.712753 0.039062 0.059343
7 0.227628 0.307449 0.039062 0.059343
4 0.062855 0.520833 0.039062 0.059343
