2 0.927912 0.095328 0.029119 0.051768
3 0.181463 0.738005 0.039062 0.059343
2 0.403764 0.241793 0.029119 0.051768
6 0.415838 0.763258 0.039062 0.059343
0 0.580256 0.698864 0.068182 0.077020
5 0.217685 0.092803 0.039062 0.059343
5 0.951349 0.312500 0.039062 0.059343
3 0.040838 0.125631 0.039062 0.059343
7 0.345526 0.647096 0.039062 0.059343
4 0.021662 0.445076 0.039062 0.059343
1 0.821733 0.696338 0.068182 0.077020
5 0.020952 0.926136 0.039062 0.059343
3 0.782315 0.519571 0.039062 0.059343
4 0.654474 0.241793 0.039062 0.059343
3 0.670099 0.131944 0.039062 0.059343
6 0.524503 0.490530 0.039062 0.059343
1 0.932528 0.863005 0.068182 0.077020
5 0.769531 0.100379 0.039062 0.059343
8 0.303622 0.120581 0.039062 0.059343
6 0.396662 0.166035 0.039062 0.059343
3 0.725497 0.731692 0.039062 0.059343
1 0.181108 0.506944 0.068182 0.077020
1 0.816761 0.894571 0.068182 0.077020
1 0.575284 0.922348 0.068182 0.077020
4 0.410156 0.548611 0.039062 0.059343
7 0.305043 0.311237 0.039062 0.059343
0 0.560369 0.133207 0.068182 0.077020
5 0.726918 0.543561 0.039062 0.059343
5 0.318537 0.844066 0.039062 0.059343
7 0.285156 0.465278 0.039062 0.059343
2 0.942827 0.772096 0.029119 0.051768
3 0.067827 0.297348 0.039062 0.059343
8 0.846946 0.304924 0.039062 0.059343
1 0.084517 0.688763 0.068182 0.077020
