0 0.327415 0.955177 0.068182 0.077020
3 0.082741 0.652146 0.039062 0.059343
8 0.478338 0.907197 0.039062 0.059343
2 0.350497 0.720328 0.029119 0.051768
5 0.672230 0.472854 0.039062 0.059343
2 0.437855 0.299874 0.029119 0.051768
1 0.317472 0.349116 0.068182 0.077020
1 0.457386 0.714015 0.068182 0.077020
0 0.213068 0.657197 0.068182 0.077020
6 0.432173 0.477904 0.039062 0.059343
5 0.287997 0.464015 0.039062 0.059343
3 0.522372 0.440025 0.039062 0.059343
0 0.806818 0.284722 0.068182 0.077020
6 0.050781 0.558712 0.039062 0.059343
7 0.052912 0.038510 0.039062 0.059343
8 0.581321 0.741793 0.039062 0.059343
0 0.558239 0.323864 0.068182 0.077020
1 0.963778 0.337753 0.068182 0.077020
0 0.194602 0.469066 0.068182 0.077020
3 0.693537 0.318813 0.039062 0.059343
1 0.678267 0.917298 0.068182 0.077020
7 0.427202 0.037247 0.039062 0.059343
8 0.172940 0.908460 0.039062 0.059343
6 0.817827 0.855429 0.039062 0.059343
6 0.935724 0.091540 0.039062 0.059343
2 0.714134 0.674874 0.029119 0.051768
7 0.187855 0.148359 0.039062 0.059343
6 0.192116 0.350379 0.039062 0.059343
0 0.542614 0.144571 0.068182 0.077020
3 0.841264 0.034722 0.039062 0.059343
4 0.798651 0.428662 0.039062 0.059343
0 0.926136 0.865530 0.068182 0.077020
