6 0.942827 0.754419 0.039062 0.059343
1 0.288352 0.705177 0.068182 0.077020
7 0.089844 0.660985 0.039062 0.059343
2 0.590554 0.025884 0.029119 0.051768
0 0.679688 0.111742 0.068182 0.077020
3 0.569957 0.871843 0.039062 0.059343
1 0.318892 0.546086 0.068182 0.077020
8 0.824929 0.436237 0.039062 0.059343
1 0.445312 0.270833 0.068182 0.077020
5 0.025923 0.434975 0.039062 0.059343
8 0.785156 0.644571 0.039062 0.059343
7 0.591974 0.683712 0.039062 0.059343
8 0.921520 0.837753 0.039062 0.059343
3 0.939276 0.434975 0.039062 0.059343
2 0.769531 0.355429 0.029119 0.051768
2 0.162997 0.895833 0.029119 0.051768
8 0.460582 0.736742 0.039062 0.059343
5 0.917259 0.320076 0.039062 0.059343
4 0.646662 0.644571 0.039062 0.059343
1 0.190341 0.682449 0.068182 0.077020
0 0.323864 0.118056 0.068182 0.077020
0 0.562500 0.474116 0.068182 0.077020
2 0.858310 0.957702 0.029119 0.051768
1 0.958097 0.078914 0.068182 0.077020
2 0.399503 0.154672 0.029119 0.051768
5 0.680043 0.355429 0.039062 0.059343
2 0.406605 0.917298 0.029119 0.051768
8 0.726918 0.448864 0.039062 0.059343
2 0.408026 0.528409 0.029119 0.051768
3 0.347656 0.341540 0.039062 0.059343
