1 0.286222 0.942551 0.068182 0.077020
2 0.841264 0.467803 0.029119 0.051768
5 0.969815 0.892045 0.039062 0.059343
2 0.425781 0.129419 0.029119 0.051768
3 0.918679 0.364268 0.039062 0.059343
2 0.655185 0.448864 0.029119 0.051768
4 0.082031 0.083965 0.039062 0.059343
6 0.057173 0.832702 0.039062 0.059343
4 0.287997 0.254419 0.039062 0.059343
8 0.680043 0.645833 0.039062 0.059343
7 0.290838 0.139520 0.039062 0.059343
8 0.538707 0.921086 0.039062 0.059343
8 0.783736 0.922348 0.039062 0.059343
3 0.044389 0.351641 0.039062 0.059343
8 0.533026 0.352904 0.039062 0.059343
3 0.677912 0.831439 0.039062 0.059343
4 0.165838 0.725379 0.039062 0.059343
5 0.040128 0.710227 0.039062 0.059343
4 0.545099 0.638258 0.039062 0.059343
0 0.087358 0.476641 0.068182 0.077020
3 0.918679 0.113005 0.039062 0.059343
6 0.964134 0.745581 0.039062 0.059343
1 0.419034 0.710227 0.068182 0.077020
5 0.224787 0.846591 0.039062 0.059343
0 0.553977 0.552399 0.068182 0.077020
4 0.211293 0.032197 0.039062 0.059343
2 0.156605 0.557449 0.029119 0.051768
4 0.183594 0.236742 0.039062 0.059343
