1 0.441051 0.958965 0.068182 0.077020
4 0.835582 0.683712 0.039062 0.059343
3 0.933594 0.951389 0.039062 0.059343
2 0.171520 0.059975 0.029119 0.051768
6 0.709162 0.961490 0.039062 0.059343
2 0.266690 0.258207 0.029119 0.051768
0 0.436080 0.121843 0.068182 0.077020
4 0.210582 0.351641 0.039062 0.059343
2 0.295099 0.543561 0.029119 0.051768
2 0.063565 0.105429 0.029119 0.051768
7 0.719105 0.292298 0.039062 0.059343
2 0.445668 0.368056 0.029119 0.051768
8 0.929332 0.274621 0.039062 0.059343
6 0.430043 0.711490 0.039062 0.059343
5 0.906605 0.486742 0.039062 0.059343
6 0.400923 0.450126 0.039062 0.059343
2 0.029474 0.363005 0.029119 0.051768
7 0.299361 0.936237 0.039062 0.059343
8 0.554332 0.652146 0.039062 0.059343
3 0.679332 0.030934 0.039062 0.059343
0 0.586648 0.924874 0.068182 0.077020
7 0.791548 0.070076 0.039062 0.059343
7 0.093395 0.566288 0.039062 0.059343
8 0.221236 0.510732 0.039062 0.059343
5 0.158026 0.931187 0.039062 0.059343
4 0.944957 0.738005 0.039062 0.059343
5 0.060014 0.726641 0.039062 0.059343
0 0.303267 0.732955 0.068182 0.077020
7 0.312855 0.152146 0.039062 0.059343
5 0.812145 0.291035 0.039062 0.059343
6 0.814986 0.880682 0.039062 0.059343
3 0.597656 0.514520 0.039062 0.059343
5 0.218395 0.657197 0.039062 0.059343
