0 0.331676 0.535985 0.068182 0.077020
4 0.552202 0.350379 0.039062 0.059343
1 0.291903 0.241793 0.068182 0.077020
2 0.462713 0.142045 0.029119 0.051768
6 0.542259 0.965278 0.039062 0.059343
1 0.686790 0.506944 0.068182 0.077020
1 0.173295 0.469066 0.068182 0.077020
1 0.681108 0.080177 0.068182 0.077020
8 0.213423 0.644571 0.039062 0.059343
6 0.052912 0.341540 0.039062 0.059343
8 0.317827 0.712753 0.039062 0.059343
8 0.102628 0.884470 0.039062 0.059343
8 0.188565 0.873106 0.039062 0.059343
6 0.656605 0.765783 0.039062 0.059343
6 0.586293 0.447601 0.039062 0.059343
2 0.464844 0.764520 0.029119 0.051768
4 0.529474 0.743056 0.039062 0.059343
6 0.321378 0.089015 0.039062 0.059343
4 0.522372 0.168561 0.039062 0.059343
3 0.906605 0.932449 0.039062 0.059343
