7 0.444957 0.091540 0.039062 0.059343
2 0.804332 0.077652 0.029119 0.051768
0 0.187500 0.840278 0.068182 0.077020
4 0.050781 0.311237 0.039062 0.059343
2 0.533736 0.085227 0.029119 0.051768
6 0.066406 0.955177 0.039062 0.059343
6 0.274503 0.071338 0.039062 0.059343
0 0.809659 0.934975 0.068182 0.077020
5 0.900213 0.749369 0.039062 0.059343
2 0.161577 0.306187 0.029119 0.051768
7 0.939276 0.301136 0.039062 0.059343
1 0.831676 0.472854 0.068182 0.077020
6 0.728338 0.629419 0.039062 0.059343
5 0.540838 0.554924 0.039062 0.059343
0 0.699574 0.506944 0.068182 0.077020
6 0.052912 0.744318 0.039062 0.059343
1 0.163352 0.145833 0.068182 0.077020
4 0.172230 0.561237 0.039062 0.059343
3 0.780185 0.652146 0.039062 0.059343
1 0.063920 0.479167 0.068182 0.077020
3 0.796520 0.279672 0.039062 0.059343
1 0.699574 0.351641 0.068182 0.077020
0 0.928267 0.921086 0.068182 0.077020
5 0.718395 0.158460 0.039062 0.059343
3 0.526634 0.945076 0.039062 0.059343
7 0.567827 0.351641 0.039062 0.059343
8 0.939986 0.168561 0.039062 0.059343
1 0.309659 0.244318 0.068182 0.077020
6 0.546520 0.683712 0.039062 0.059343
7 0.283736 0.642045 0.039062 0.059343
2 0.420099 0.644571 0.029119 0.051768
3 0.341264 0.840278 0.039062 0.059343
4 0.175071 0.725379 0.039062 0.059343
6 0.099787 0.157197 0.039062 0.059343
3 0.478338 0.513258 0.039062 0.059343
7 0.458452 0.833965 0.039062 0.059343
