6 0.207031 0.081439 0.039062 0.059343
0 0.434659 0.544823 0.068182 0.077020
0 0.664062 0.932449 0.068182 0.077020
2 0.303622 0.364268 0.029119 0.051768
3 0.654474 0.128157 0.039062 0.059343
1 0.664773 0.274621 0.068182 0.077020
2 0.689276 0.524621 0.029119 0.051768
6 0.904474 0.099116 0.039062 0.059343
4 0.439986 0.945076 0.039062 0.059343
6 0.917259 0.836490 0.039062 0.059343
7 0.350497 0.711490 0.039062 0.059343
0 0.053267 0.868056 0.068182 0.077020
2 0.065696 0.245581 0.029119 0.051768
5 0.573509 0.876894 0.039062 0.059343
4 0.156605 0.874369 0.039062 0.059343
6 0.779474 0.352904 0.039062 0.059343
7 0.817827 0.682449 0.039062 0.059343
2 0.936435 0.326389 0.029119 0.051768
4 0.173651 0.636995 0.039062 0.059343
4 0.166548 0.453914 0.039062 0.059343
