3 0.557884 0.163510 0.039062 0.059343
3 0.599077 0.265783 0.039062 0.059343
1 0.292614 0.126894 0.068182 0.077020
1 0.290483 0.347854 0.068182 0.077020
2 0.658026 0.075126 0.029119 0.051768
7 0.153054 0.947601 0.039062 0.059343
6 0.407315 0.046086 0.039062 0.059343
5 0.971236 0.095328 0.039062 0.059343
4 0.403764 0.960227 0.039062 0.059343
4 0.922940 0.542298 0.039062 0.059343
5 0.430043 0.486742 0.039062 0.059343
0 0.837358 0.681187 0.068182 0.077020
6 0.848366 0.235480 0.039062 0.059343
1 0.667614 0.706439 0.068182 0.077020
0 0.066051 0.317551 0.068182 0.077020
7 0.659446 0.835227 0.039062 0.059343
3 0.457031 0.720328 0.039062 0.059343
7 0.954190 0.845328 0.039062 0.059343
6 0.530185 0.910985 0.039062 0.059343
6 0.650923 0.437500 0.039062 0.059343
3 0.295810 0.658460 0.039062 0.059343
6 0.096236 0.941288 0.039062 0.059343
3 0.585582 0.669823 0.039062 0.059343
3 0.662287 0.307449 0.039062 0.059343
1 0.465199 0.340278 0.068182 0.077020
