1 0.835227 0.679924 0.068182 0.077020
5 0.067116 0.883207 0.039062 0.059343
7 0.930043 0.720328 0.039062 0.059343
7 0.021662 0.154672 0.039062 0.059343
7 0.331321 0.768308 0.039062 0.059343
0 0.800426 0.051136 0.068182 0.077020
6 0.331321 0.885732 0.039062 0.059343
4 0.723366 0.918561 0.039062 0.059343
7 0.826349 0.453914 0.039062 0.059343
0 0.941761 0.331439 0.068182 0.077020
2 0.721946 0.456439 0.029119 0.051768
2 0.233310 0.547348 0.029119 0.051768
1 0.563210 0.359217 0.068182 0.077020
0 0.287642 0.333965 0.068182 0.077020
2 0.482599 0.666035 0.029119 0.051768
3 0.714134 0.763258 0.039062 0.059343
3 0.449929 0.116793 0.039062 0.059343
6 0.052202 0.238005 0.039062 0.059343
8 0.415128 0.303662 0.039062 0.059343
1 0.191761 0.854167 0.068182 0.077020
5 0.561435 0.638258 0.039062 0.059343
0 0.551136 0.494318 0.068182 0.077020
3 0.349787 0.152146 0.039062 0.059343
7 0.895952 0.447601 0.039062 0.059343
8 0.708452 0.067551 0.039062 0.059343
7 0.917969 0.828914 0.039062 0.059343
0 0.195312 0.701389 0.068182 0.077020
6 0.900923 0.070076 0.039062 0.059343
7 0.081321 0.693813 0.039062 0.059343
