8 0.189276 0.114268 0.039062 0.059343
6 0.045810 0.355429 0.039062 0.059343
5 0.194957 0.453914 0.039062 0.059343
4 0.207741 0.288510 0.039062 0.059343
8 0.461293 0.690025 0.039062 0.059343
0 0.566761 0.955177 0.068182 0.077020
8 0.557173 0.100379 0.039062 0.059343
1 0.813210 0.842803 0.068182 0.077020
2 0.287287 0.640783 0.029119 0.051768
8 0.937855 0.169823 0.039062 0.059343
7 0.930753 0.294823 0.039062 0.059343
1 0.554688 0.551136 0.068182 0.077020
3 0.962003 0.509470 0.039062 0.059343
5 0.453480 0.534722 0.039062 0.059343
8 0.931463 0.956439 0.039062 0.059343
0 0.196023 0.928662 0.068182 0.077020
1 0.786932 0.160985 0.068182 0.077020
6 0.082031 0.636995 0.039062 0.059343
2 0.017401 0.960227 0.029119 0.051768
1 0.316051 0.933712 0.068182 0.077020
5 0.019531 0.091540 0.039062 0.059343
