6 0.144531 0.666035 0.039062 0.059343
1 0.586648 0.744318 0.068182 0.077020
6 0.572088 0.837753 0.039062 0.059343
6 0.083452 0.525884 0.039062 0.059343
1 0.450994 0.504419 0.068182 0.077020
2 0.018821 0.892045 0.029119 0.051768
1 0.693182 0.731692 0.068182 0.077020
6 0.469105 0.860480 0.039062 0.059343
1 0.203835 0.330177 0.068182 0.077020
4 0.839134 0.871843 0.039062 0.059343
8 0.977628 0.725379 0.039062 0.059343
2 0.317827 0.904672 0.029119 0.051768
6 0.769531 0.119318 0.039062 0.059343
6 0.920810 0.520833 0.039062 0.059343
2 0.062855 0.264520 0.029119 0.051768
2 0.411577 0.724116 0.029119 0.051768
4 0.305043 0.724116 0.039062 0.059343
2 0.780185 0.493056 0.029119 0.051768
2 0.905185 0.825126 0.029119 0.051768
8 0.322798 0.136995 0.039062 0.059343
8 0.895952 0.245581 0.039062 0.059343
