6 0.653764 0.234217 0.039062 0.059343
4 0.443537 0.902146 0.039062 0.059343
4 0.287287 0.440025 0.039062 0.059343
6 0.939276 0.546086 0.039062 0.059343
0 0.943892 0.671086 0.068182 0.077020
2 0.589134 0.731692 0.029119 0.051768
6 0.604048 0.265783 0.039062 0.059343
2 0.698509 0.841540 0.029119 0.051768
7 0.019531 0.322601 0.039062 0.059343
7 0.675781 0.496843 0.039062 0.059343
0 0.435369 0.104167 0.068182 0.077020
7 0.220526 0.441288 0.039062 0.059343
8 0.568537 0.130682 0.039062 0.059343
6 0.853338 0.690025 0.039062 0.059343
8 0.055753 0.964015 0.039062 0.059343
2 0.583452 0.467803 0.029119 0.051768
8 0.916548 0.057449 0.039062 0.059343
7 0.162997 0.077652 0.039062 0.059343
1 0.175426 0.839015 0.068182 0.077020
8 0.302912 0.889520 0.039062 0.059343
2 0.181463 0.724116 0.029119 0.051768
5 0.028764 0.465278 0.039062 0.059343
6 0.308594 0.284722 0.039062 0.059343
2 0.309304 0.743056 0.029119 0.051768
5 0.926491 0.951389 0.039062 0.059343
3 0.812855 0.519571 0.039062 0.059343
7 0.453480 0.297348 0.039062 0.059343
6 0.403054 0.664773 0.039062 0.059343
4 0.670810 0.120581 0.039062 0.059343
6 0.183594 0.330177 0.039062 0.059343
4 0.828480 0.159722 0.039062 0.059343
6 0.826349 0.839015 0.039062 0.059343
0 0.335227 0.053662 0.068182 0.077020
5 0.095526 0.119318 0.039062 0.059343
5 0.812855 0.344066 0.039062 0.059343
5 0.055043 0.736742 0.039062 0.059343
3 0.935014 0.287247 0.039062 0.059343
3 0.475497 0.450126 0.039062 0.059343
1 0.678977 0.720328 0.068182 0.077020
