7 0.319247 0.932449 0.039062 0.059343
1 0.536222 0.049874 0.068182 0.077020
7 0.031605 0.719066 0.039062 0.059343
2 0.533736 0.489268 0.029119 0.051768
0 0.789062 0.919823 0.068182 0.077020
5 0.593395 0.768308 0.039062 0.059343
8 0.922230 0.942551 0.039062 0.059343
5 0.404474 0.865530 0.039062 0.059343
8 0.663707 0.513258 0.039062 0.059343
2 0.927912 0.514520 0.029119 0.051768
2 0.778054 0.330177 0.029119 0.051768
5 0.095526 0.515783 0.039062 0.059343
1 0.420455 0.099116 0.068182 0.077020
8 0.698509 0.630682 0.039062 0.059343
3 0.899503 0.349116 0.039062 0.059343
4 0.045810 0.283460 0.039062 0.059343
7 0.712713 0.147096 0.039062 0.059343
4 0.165838 0.053662 0.039062 0.059343
2 0.845526 0.567551 0.029119 0.051768
8 0.192827 0.486742 0.039062 0.059343
1 0.558239 0.863005 0.068182 0.077020
6 0.932884 0.159722 0.039062 0.059343
5 0.285866 0.542298 0.039062 0.059343
4 0.958452 0.664773 0.039062 0.059343
3 0.601918 0.243056 0.039062 0.059343
