4 0.917969 0.099116 0.039062 0.059343
8 0.077060 0.745581 0.039062 0.059343
0 0.814631 0.469066 0.068182 0.077020
5 0.174361 0.301136 0.039062 0.059343
6 0.829190 0.707702 0.039062 0.059343
4 0.316406 0.044823 0.039062 0.059343
1 0.463778 0.285985 0.068182 0.077020
1 0.811790 0.849116 0.068182 0.077020
1 0.463778 0.543561 0.068182 0.077020
5 0.074219 0.143308 0.039062 0.059343
0 0.319602 0.638258 0.068182 0.077020
7 0.349787 0.437500 0.039062 0.059343
2 0.275923 0.937500 0.029119 0.051768
8 0.667259 0.277146 0.039062 0.059343
0 0.784091 0.107955 0.068182 0.077020
2 0.976918 0.472854 0.029119 0.051768
6 0.538707 0.268308 0.039062 0.059343
7 0.709162 0.166035 0.039062 0.059343
2 0.193537 0.032197 0.029119 0.051768
4 0.572088 0.504419 0.039062 0.059343
5 0.837003 0.285985 0.039062 0.059343
2 0.665128 0.484217 0.029119 0.051768
5 0.415128 0.714015 0.039062 0.059343
5 0.921520 0.761995 0.039062 0.059343
3 0.083452 0.264520 0.039062 0.059343
7 0.153054 0.721591 0.039062 0.059343
2 0.290128 0.288510 0.029119 0.051768
2 0.053622 0.505682 0.029119 0.051768
6 0.554332 0.096591 0.039062 0.059343
1 0.925426 0.291035 0.068182 0.077020
2 0.460582 0.145833 0.029119 0.051768
6 0.543679 0.927399 0.039062 0.059343
8 0.708452 0.668561 0.039062 0.059343
0 0.175426 0.905934 0.068182 0.077020
