4 0.821378 0.168561 0.039062 0.059343
6 0.063565 0.253157 0.039062 0.059343
4 0.297230 0.503157 0.039062 0.059343
2 0.975497 0.562500 0.029119 0.051768
3 0.688565 0.842803 0.039062 0.059343
6 0.543679 0.678662 0.039062 0.059343
5 0.822088 0.910985 0.039062 0.059343
4 0.202060 0.894571 0.039062 0.059343
1 0.450284 0.104167 0.068182 0.077020
6 0.976207 0.756944 0.039062 0.059343
0 0.212358 0.321338 0.068182 0.077020
3 0.524503 0.352904 0.039062 0.059343
6 0.597656 0.123106 0.039062 0.059343
6 0.470526 0.445076 0.039062 0.059343
5 0.099077 0.091540 0.039062 0.059343
6 0.064986 0.873106 0.039062 0.059343
3 0.728338 0.335227 0.039062 0.059343
3 0.437855 0.846591 0.039062 0.059343
5 0.146662 0.030934 0.039062 0.059343
7 0.550781 0.489268 0.039062 0.059343
2 0.327770 0.760732 0.029119 0.051768
7 0.905185 0.850379 0.039062 0.059343
4 0.342685 0.912247 0.039062 0.059343
1 0.834517 0.464015 0.068182 0.077020
5 0.021662 0.736742 0.039062 0.059343
4 0.655185 0.562500 0.039062 0.059343
3 0.674361 0.697601 0.039062 0.059343
2 0.226918 0.513258 0.029119 0.051768
1 0.803267 0.243056 0.068182 0.077020
3 0.946378 0.260732 0.039062 0.059343
6 0.442827 0.648359 0.039062 0.059343
1 0.040483 0.461490 0.068182 0.077020
8 0.341264 0.167298 0.039062 0.059343
2 0.713423 0.075126 0.029119 0.051768
6 0.965554 0.099116 0.039062 0.059343
6 0.287997 0.337753 0.039062 0.059343
1 0.573153 0.864268 0.068182 0.077020
6 0.811435 0.710227 0.039062 0.059343
