3 0.591974 0.850379 0.039062 0.059343
0 0.186080 0.142045 0.068182 0.077020
6 0.712713 0.557449 0.039062 0.059343
8 0.410156 0.957702 0.039062 0.059343
0 0.453835 0.711490 0.068182 0.077020
5 0.566406 0.100379 0.039062 0.059343
2 0.439986 0.462753 0.029119 0.051768
6 0.346236 0.703914 0.039062 0.059343
3 0.837003 0.143308 0.039062 0.059343
0 0.071023 0.636995 0.068182 0.077020
2 0.659446 0.349116 0.029119 0.051768
5 0.805043 0.921086 0.039062 0.059343
2 0.095526 0.373106 0.029119 0.051768
7 0.213423 0.231692 0.039062 0.059343
3 0.778764 0.716540 0.039062 0.059343
0 0.573864 0.489268 0.068182 0.077020
8 0.273082 0.539773 0.039062 0.059343
8 0.901634 0.945076 0.039062 0.059343
7 0.794389 0.296086 0.039062 0.059343
1 0.320312 0.287247 0.068182 0.077020
5 0.294389 0.865530 0.039062 0.059343
7 0.687145 0.738005 0.039062 0.059343
0 0.714489 0.057449 0.068182 0.077020
0 0.198153 0.474116 0.068182 0.077020
6 0.973366 0.078914 0.039062 0.059343
8 0.162997 0.909722 0.039062 0.059343
1 0.811080 0.461490 0.068182 0.077020
4 0.938565 0.312500 0.039062 0.059343
2 0.358310 0.125631 0.029119 0.051768
5 0.057884 0.839015 0.039062 0.059343
3 0.099077 0.509470 0.039062 0.059343
