5 0.788707 0.937500 0.039062 0.059343
7 0.585582 0.690025 0.039062 0.059343
1 0.914773 0.315025 0.068182 0.077020
5 0.064986 0.559975 0.039062 0.059343
7 0.199929 0.128157 0.039062 0.059343
5 0.545099 0.083965 0.039062 0.059343
2 0.709872 0.668561 0.029119 0.051768
6 0.474077 0.126894 0.039062 0.059343
5 0.709162 0.163510 0.039062 0.059343
5 0.770952 0.364268 0.039062 0.059343
5 0.330611 0.301136 0.039062 0.059343
4 0.904474 0.162247 0.039062 0.059343
8 0.353338 0.751894 0.039062 0.059343
2 0.393111 0.496843 0.029119 0.051768
2 0.102628 0.931187 0.029119 0.051768
7 0.700639 0.849116 0.039062 0.059343
1 0.823153 0.736742 0.068182 0.077020
7 0.170810 0.768308 0.039062 0.059343
8 0.827770 0.494318 0.039062 0.059343
8 0.946378 0.481692 0.039062 0.059343
4 0.166548 0.568813 0.039062 0.059343
3 0.689276 0.494318 0.039062 0.059343
3 0.786577 0.101641 0.039062 0.059343
3 0.339134 0.532197 0.039062 0.059343
2 0.473366 0.293561 0.029119 0.051768
4 0.953480 0.686237 0.039062 0.059343
