4 0.550781 0.277146 0.039062 0.059343
0 0.575284 0.077652 0.068182 0.077020
6 0.412997 0.697601 0.039062 0.059343
5 0.800071 0.230429 0.039062 0.059343
1 0.465199 0.322601 0.068182 0.077020
3 0.907315 0.839015 0.039062 0.059343
4 0.666548 0.346591 0.039062 0.059343
6 0.567116 0.519571 0.039062 0.059343
1 0.661932 0.557449 0.068182 0.077020
5 0.398082 0.056187 0.039062 0.059343
0 0.322443 0.759470 0.068182 0.077020
0 0.918324 0.442551 0.068182 0.077020
5 0.290128 0.505682 0.039062 0.059343
6 0.796520 0.945076 0.039062 0.059343
6 0.726918 0.630682 0.039062 0.059343
1 0.215199 0.840278 0.068182 0.077020
4 0.819247 0.659722 0.039062 0.059343
8 0.076349 0.566288 0.039062 0.059343
2 0.155185 0.231692 0.029119 0.051768
1 0.588778 0.688763 0.068182 0.077020
5 0.182884 0.513258 0.039062 0.059343
4 0.327060 0.886995 0.039062 0.059343
7 0.650923 0.150884 0.039062 0.059343
6 0.173651 0.053662 0.039062 0.059343
7 0.062855 0.344066 0.039062 0.059343
6 0.690696 0.861742 0.039062 0.059343
7 0.035866 0.695076 0.039062 0.059343
3 0.040838 0.082702 0.039062 0.059343
7 0.592685 0.836490 0.039062 0.059343
