5 0.578480 0.639520 0.039062 0.059343
1 0.450284 0.520833 0.068182 0.077020
3 0.973366 0.910985 0.039062 0.059343
3 0.721946 0.894571 0.039062 0.059343
0 0.464489 0.690025 0.068182 0.077020
1 0.046165 0.687500 0.068182 0.077020
0 0.208807 0.330177 0.068182 0.077020
5 0.087003 0.912247 0.039062 0.059343
7 0.175781 0.091540 0.039062 0.059343
2 0.587713 0.908460 0.029119 0.051768
7 0.545099 0.544823 0.039062 0.059343
6 0.021662 0.145833 0.039062 0.059343
2 0.522372 0.129419 0.029119 0.051768
8 0.343395 0.565025 0.039062 0.059343
3 0.678622 0.320076 0.039062 0.059343
4 0.287997 0.684975 0.039062 0.059343
8 0.037997 0.466540 0.039062 0.059343
4 0.200639 0.682449 0.039062 0.059343
7 0.665128 0.542298 0.039062 0.059343
3 0.220526 0.443813 0.039062 0.059343
4 0.291548 0.943813 0.039062 0.059343
8 0.797230 0.143308 0.039062 0.059343
7 0.715554 0.715278 0.039062 0.059343
0 0.431818 0.898359 0.068182 0.077020
6 0.207741 0.900884 0.039062 0.059343
0 0.808239 0.885732 0.068182 0.077020
