1 0.825284 0.840278 0.068182 0.077020
3 0.709872 0.654672 0.039062 0.059343
2 0.603338 0.336490 0.029119 0.051768
2 0.844815 0.548611 0.029119 0.051768
6 0.776634 0.763258 0.039062 0.059343
2 0.417259 0.155934 0.029119 0.051768
1 0.164773 0.533460 0.068182 0.077020
3 0.219815 0.335227 0.039062 0.059343
0 0.433239 0.753157 0.068182 0.077020
8 0.590554 0.111742 0.039062 0.059343
2 0.559304 0.636995 0.029119 0.051768
4 0.943537 0.738005 0.039062 0.059343
1 0.696023 0.903409 0.068182 0.077020
8 0.066406 0.052399 0.039062 0.059343
4 0.927202 0.528409 0.039062 0.059343
0 0.174006 0.745581 0.068182 0.077020
7 0.727628 0.111742 0.039062 0.059343
3 0.801491 0.322601 0.039062 0.059343
0 0.416903 0.557449 0.068182 0.077020
4 0.302912 0.768308 0.039062 0.059343
