2 0.430043 0.650884 0.029119 0.051768
7 0.697798 0.238005 0.039062 0.059343
6 0.087713 0.287247 0.039062 0.059343
8 0.818537 0.369318 0.039062 0.059343
5 0.928622 0.951389 0.039062 0.059343
0 0.787642 0.933712 0.068182 0.077020
4 0.455611 0.910985 0.039062 0.059343
5 0.548651 0.256944 0.039062 0.059343
3 0.599077 0.063763 0.039062 0.059343
2 0.826349 0.691288 0.029119 0.051768
3 0.604759 0.837753 0.039062 0.059343
4 0.855469 0.513258 0.039062 0.059343
6 0.054332 0.046086 0.039062 0.059343
0 0.314631 0.462753 0.068182 0.077020
4 0.667969 0.705177 0.039062 0.059343
3 0.658736 0.895833 0.039062 0.059343
3 0.021662 0.951389 0.039062 0.059343
5 0.186435 0.876894 0.039062 0.059343
6 0.314986 0.113005 0.039062 0.059343
3 0.829190 0.075126 0.039062 0.059343
0 0.464489 0.038510 0.068182 0.077020
7 0.349077 0.950126 0.039062 0.059343
2 0.267401 0.285985 0.029119 0.051768
7 0.920810 0.157197 0.039062 0.059343
0 0.172585 0.520833 0.068182 0.077020
