0 0.585938 0.316288 0.068182 0.077020
3 0.585582 0.111742 0.039062 0.059343
4 0.081321 0.897096 0.039062 0.059343
0 0.794744 0.958965 0.068182 0.077020
7 0.301491 0.958965 0.039062 0.059343
7 0.915128 0.243056 0.039062 0.059343
2 0.846236 0.553662 0.029119 0.051768
8 0.210582 0.660985 0.039062 0.059343
3 0.208452 0.568813 0.039062 0.059343
6 0.209162 0.095328 0.039062 0.059343
2 0.929332 0.547348 0.029119 0.051768
4 0.822088 0.135732 0.039062 0.059343
4 0.645952 0.030934 0.039062 0.059343
2 0.603338 0.716540 0.029119 0.051768
8 0.314986 0.315025 0.039062 0.059343
0 0.064631 0.145833 0.068182 0.077020
2 0.230469 0.225379 0.029119 0.051768
1 0.661222 0.928662 0.068182 0.077020
4 0.925781 0.644571 0.039062 0.059343
5 0.339844 0.086490 0.039062 0.059343
6 0.842685 0.710227 0.039062 0.059343
0 0.462358 0.522096 0.068182 0.077020
5 0.473366 0.942551 0.039062 0.059343
