2 0.669389 0.715278 0.029119 0.051768
5 0.293679 0.284722 0.039062 0.059343
8 0.537997 0.873106 0.039062 0.059343
1 0.590199 0.275884 0.068182 0.077020
3 0.521662 0.751894 0.039062 0.059343
7 0.225497 0.071338 0.039062 0.059343
6 0.697088 0.535985 0.039062 0.059343
6 0.212713 0.845328 0.039062 0.059343
6 0.210582 0.678662 0.039062 0.059343
2 0.786577 0.889520 0.029119 0.051768
7 0.400213 0.703914 0.039062 0.059343
6 0.158736 0.285985 0.039062 0.059343
7 0.059304 0.645833 0.039062 0.059343
8 0.297940 0.953914 0.039062 0.059343
8 0.979048 0.312500 0.039062 0.059343
5 0.285866 0.067551 0.039062 0.059343
7 0.790128 0.644571 0.039062 0.059343
3 0.910156 0.506944 0.039062 0.059343
4 0.477628 0.360480 0.039062 0.059343
2 0.091974 0.106692 0.029119 0.051768
7 0.930043 0.152146 0.039062 0.059343
7 0.415838 0.933712 0.039062 0.059343
6 0.413707 0.561237 0.039062 0.059343
5 0.694247 0.078914 0.039062 0.059343
1 0.835227 0.072601 0.068182 0.077020
3 0.777344 0.511995 0.039062 0.059343
8 0.585582 0.518308 0.039062 0.059343
0 0.672585 0.942551 0.068182 0.077020
0 0.049716 0.452652 0.068182 0.077020
7 0.526634 0.038510 0.039062 0.059343
7 0.790128 0.357955 0.039062 0.059343
2 0.023082 0.932449 0.029119 0.051768
