0 0.065341 0.261995 0.068182 0.077020
8 0.560014 0.240530 0.039062 0.059343
1 0.412642 0.042298 0.068182 0.077020
0 0.068182 0.128157 0.068182 0.077020
5 0.689986 0.845328 0.039062 0.059343
8 0.942827 0.528409 0.039062 0.059343
3 0.813565 0.667298 0.039062 0.059343
7 0.349077 0.722854 0.039062 0.059343
8 0.942116 0.682449 0.039062 0.059343
2 0.101918 0.690025 0.029119 0.051768
3 0.473366 0.260732 0.039062 0.059343
6 0.770241 0.037247 0.039062 0.059343
1 0.201705 0.874369 0.068182 0.077020
6 0.299361 0.434975 0.039062 0.059343
6 0.076349 0.849116 0.039062 0.059343
3 0.201349 0.139520 0.039062 0.059343
7 0.521662 0.708965 0.039062 0.059343
2 0.684304 0.317551 0.029119 0.051768
0 0.570312 0.524621 0.068182 0.077020
6 0.827770 0.350379 0.039062 0.059343
8 0.337003 0.056187 0.039062 0.059343
8 0.435014 0.647096 0.039062 0.059343
2 0.834162 0.568813 0.029119 0.051768
3 0.572088 0.852904 0.039062 0.059343
1 0.166903 0.238005 0.068182 0.077020
8 0.447798 0.437500 0.039062 0.059343
3 0.396662 0.850379 0.039062 0.059343
6 0.280185 0.326389 0.039062 0.059343
6 0.702060 0.566288 0.039062 0.059343
2 0.525213 0.056187 0.029119 0.051768
5 0.920810 0.957702 0.039062 0.059343
7 0.314986 0.961490 0.039062 0.059343
2 0.733310 0.044823 0.029119 0.051768
6 0.940696 0.238005 0.039062 0.059343
2 0.819247 0.934975 0.029119 0.051768
6 0.932173 0.101641 0.039062 0.059343
