6 0.962713 0.719066 0.039062 0.059343
7 0.307884 0.921086 0.039062 0.059343
7 0.029474 0.731692 0.039062 0.059343
7 0.810724 0.941288 0.039062 0.059343
7 0.917969 0.873106 0.039062 0.059343
4 0.590554 0.705177 0.039062 0.059343
2 0.190696 0.909722 0.029119 0.051768
4 0.450639 0.857955 0.039062 0.059343
5 0.599787 0.306187 0.039062 0.059343
7 0.045099 0.133207 0.039062 0.059343
2 0.355469 0.225379 0.029119 0.051768
1 0.833807 0.341540 0.068182 0.077020
6 0.059304 0.296086 0.039062 0.059343
6 0.814276 0.714015 0.039062 0.059343
7 0.312145 0.114268 0.039062 0.059343
2 0.525923 0.860480 0.029119 0.051768
7 0.947798 0.552399 0.039062 0.059343
8 0.226918 0.291035 0.039062 0.059343
1 0.582386 0.113005 0.068182 0.077020
5 0.346236 0.547348 0.039062 0.059343
8 0.043679 0.554924 0.039062 0.059343
3 0.418679 0.293561 0.039062 0.059343
8 0.822798 0.033460 0.039062 0.059343
1 0.705966 0.476641 0.068182 0.077020
0 0.669034 0.682449 0.068182 0.077020
6 0.832741 0.482955 0.039062 0.059343
6 0.698509 0.886995 0.039062 0.059343
3 0.712003 0.265783 0.039062 0.059343
8 0.962713 0.116793 0.039062 0.059343
1 0.074574 0.879419 0.068182 0.077020
6 0.480469 0.486742 0.039062 0.059343
5 0.550781 0.557449 0.039062 0.059343
5 0.146662 0.517045 0.039062 0.059343
8 0.183594 0.133207 0.039062 0.059343
3 0.686435 0.085227 0.039062 0.059343
2 0.433594 0.683712 0.029119 0.051768
