0 0.193892 0.114268 0.068182 0.077020
6 0.097656 0.288510 0.039062 0.059343
6 0.228338 0.931187 0.039062 0.059343
2 0.701349 0.294823 0.029119 0.051768
8 0.340554 0.254419 0.039062 0.059343
2 0.547940 0.958965 0.029119 0.051768
2 0.841974 0.943813 0.029119 0.051768
3 0.660156 0.672348 0.039062 0.059343
0 0.291193 0.950126 0.068182 0.077020
1 0.909801 0.672348 0.068182 0.077020
3 0.156605 0.684975 0.039062 0.059343
3 0.160866 0.453914 0.039062 0.059343
7 0.942827 0.859217 0.039062 0.059343
0 0.801136 0.638258 0.068182 0.077020
4 0.679332 0.951389 0.039062 0.059343
2 0.069247 0.739268 0.029119 0.051768
1 0.785511 0.357955 0.068182 0.077020
8 0.472656 0.091540 0.039062 0.059343
3 0.399503 0.735480 0.039062 0.059343
4 0.404474 0.851641 0.039062 0.059343
7 0.064276 0.471591 0.039062 0.059343
8 0.654474 0.125631 0.039062 0.059343
6 0.814986 0.099116 0.039062 0.059343
7 0.971236 0.089015 0.039062 0.059343
8 0.590554 0.674874 0.039062 0.059343
6 0.095526 0.888258 0.039062 0.059343
4 0.202770 0.263258 0.039062 0.059343
0 0.583807 0.360480 0.068182 0.077020
8 0.432173 0.255682 0.039062 0.059343
7 0.594815 0.491793 0.039062 0.059343
0 0.075284 0.080177 0.068182 0.077020
4 0.303622 0.120581 0.039062 0.059343
3 0.824219 0.443813 0.039062 0.059343
4 0.692827 0.567551 0.039062 0.059343
1 0.932528 0.269571 0.068182 0.077020
1 0.957386 0.484217 0.068182 0.077020
1 0.563920 0.056187 0.068182 0.077020
3 0.350497 0.486742 0.039062 0.059343
