2 0.400213 0.866793 0.029119 0.051768
2 0.217685 0.427399 0.029119 0.051768
5 0.163707 0.642045 0.039062 0.059343
7 0.395241 0.115530 0.039062 0.059343
2 0.822798 0.645833 0.029119 0.051768
6 0.584162 0.726641 0.039062 0.059343
6 0.674361 0.630682 0.039062 0.059343
8 0.103338 0.232955 0.039062 0.059343
1 0.839489 0.437500 0.068182 0.077020
8 0.191406 0.910985 0.039062 0.059343
6 0.276634 0.272096 0.039062 0.059343
2 0.409446 0.498106 0.029119 0.051768
3 0.649503 0.278409 0.039062 0.059343
3 0.350497 0.567551 0.039062 0.059343
0 0.333807 0.855429 0.068182 0.077020
3 0.062145 0.917298 0.039062 0.059343
3 0.464134 0.663510 0.039062 0.059343
0 0.082386 0.636995 0.068182 0.077020
8 0.932173 0.673611 0.039062 0.059343
7 0.940696 0.484217 0.039062 0.059343
3 0.162287 0.248106 0.039062 0.059343
7 0.335582 0.671086 0.039062 0.059343
6 0.579901 0.451389 0.039062 0.059343
8 0.310724 0.126894 0.039062 0.059343
6 0.723366 0.169823 0.039062 0.059343
0 0.914062 0.326389 0.068182 0.077020
4 0.716974 0.914773 0.039062 0.059343
5 0.095526 0.433712 0.039062 0.059343
3 0.153764 0.038510 0.039062 0.059343
1 0.426136 0.265783 0.068182 0.077020
3 0.923651 0.936237 0.039062 0.059343
6 0.551491 0.932449 0.039062 0.059343
