0 0.323864 0.249369 0.068182 0.077020
6 0.583452 0.955177 0.039062 0.059343
5 0.394531 0.726641 0.039062 0.059343
8 0.807884 0.693813 0.039062 0.059343
2 0.719815 0.356692 0.029119 0.051768
2 0.083452 0.571338 0.029119 0.051768
1 0.048295 0.159722 0.068182 0.077020
3 0.783026 0.277146 0.039062 0.059343
0 0.188920 0.115530 0.068182 0.077020
3 0.275213 0.879419 0.039062 0.059343
5 0.283736 0.056187 0.039062 0.059343
1 0.707386 0.736742 0.068182 0.077020
1 0.802557 0.874369 0.068182 0.077020
2 0.077060 0.241793 0.029119 0.051768
0 0.200284 0.332702 0.068182 0.077020
5 0.569247 0.697601 0.039062 0.059343
5 0.574929 0.331439 0.039062 0.059343
5 0.917259 0.129419 0.039062 0.059343
0 0.448153 0.932449 0.068182 0.077020
0 0.449574 0.101641 0.068182 0.077020
2 0.645241 0.051136 0.029119 0.051768
