7 0.577060 0.547348 0.039062 0.059343
4 0.912287 0.437500 0.039062 0.059343
3 0.660156 0.311237 0.039062 0.059343
3 0.959872 0.736742 0.039062 0.059343
6 0.306463 0.259470 0.039062 0.059343
5 0.785866 0.124369 0.039062 0.059343
7 0.775213 0.881944 0.039062 0.059343
8 0.179332 0.508207 0.039062 0.059343
2 0.290128 0.129419 0.029119 0.051768
3 0.216264 0.331439 0.039062 0.059343
7 0.530185 0.072601 0.039062 0.059343
3 0.165128 0.120581 0.039062 0.059343
7 0.273793 0.923611 0.039062 0.059343
5 0.533026 0.283460 0.039062 0.059343
4 0.466264 0.491793 0.039062 0.059343
4 0.550071 0.725379 0.039062 0.059343
3 0.072798 0.130682 0.039062 0.059343
4 0.420810 0.087753 0.039062 0.059343
0 0.685369 0.133207 0.068182 0.077020
6 0.895952 0.333965 0.039062 0.059343
7 0.075639 0.677399 0.039062 0.059343
7 0.195668 0.888258 0.039062 0.059343
