3 0.449219 0.722854 0.039062 0.059343
0 0.306108 0.493056 0.068182 0.077020
3 0.815696 0.032197 0.039062 0.059343
3 0.474787 0.884470 0.039062 0.059343
7 0.814276 0.759470 0.039062 0.059343
8 0.922940 0.321338 0.039062 0.059343
1 0.064631 0.958965 0.068182 0.077020
0 0.700994 0.283460 0.068182 0.077020
3 0.416548 0.342803 0.039062 0.059343
8 0.175071 0.442551 0.039062 0.059343
6 0.663707 0.905934 0.039062 0.059343
7 0.937855 0.476641 0.039062 0.059343
1 0.457386 0.447601 0.068182 0.077020
6 0.539418 0.716540 0.039062 0.059343
7 0.699929 0.702652 0.039062 0.059343
3 0.145241 0.149621 0.039062 0.059343
2 0.819957 0.849116 0.029119 0.051768
7 0.523082 0.945076 0.039062 0.059343
7 0.200639 0.294823 0.039062 0.059343
1 0.057528 0.136995 0.068182 0.077020
8 0.953480 0.629419 0.039062 0.059343
0 0.830256 0.462753 0.068182 0.077020
4 0.676491 0.133207 0.039062 0.059343
0 0.835938 0.259470 0.068182 0.077020
