7 0.537287 0.750631 0.039062 0.059343
4 0.229759 0.956439 0.039062 0.059343
0 0.547585 0.448864 0.068182 0.077020
7 0.979048 0.037247 0.039062 0.059343
2 0.975497 0.732955 0.029119 0.051768
3 0.429332 0.929924 0.039062 0.059343
6 0.437145 0.057449 0.039062 0.059343
0 0.458807 0.693813 0.068182 0.077020
8 0.162287 0.508207 0.039062 0.059343
8 0.582741 0.293561 0.039062 0.059343
8 0.068537 0.899621 0.039062 0.059343
1 0.057528 0.275884 0.068182 0.077020
3 0.646662 0.433712 0.039062 0.059343
7 0.810724 0.552399 0.039062 0.059343
1 0.816761 0.841540 0.068182 0.077020
1 0.321733 0.102904 0.068182 0.077020
6 0.292969 0.905934 0.039062 0.059343
7 0.207741 0.349116 0.039062 0.059343
0 0.935369 0.554924 0.068182 0.077020
5 0.318537 0.739268 0.039062 0.059343
7 0.047940 0.686237 0.039062 0.059343
5 0.577060 0.900884 0.039062 0.059343
1 0.664773 0.845328 0.068182 0.077020
2 0.714844 0.307449 0.029119 0.051768
5 0.544389 0.131944 0.039062 0.059343
0 0.823153 0.658460 0.068182 0.077020
5 0.313565 0.327652 0.039062 0.059343
5 0.968395 0.245581 0.039062 0.059343
3 0.667969 0.668561 0.039062 0.059343
8 0.414418 0.474116 0.039062 0.059343
2 0.729759 0.130682 0.029119 0.051768
5 0.395241 0.243056 0.039062 0.059343
3 0.042259 0.441288 0.039062 0.059343
5 0.832031 0.076389 0.039062 0.059343
1 0.178267 0.160985 0.068182 0.077020
