7 0.660866 0.517045 0.039062 0.059343
1 0.465199 0.464015 0.068182 0.077020
3 0.273793 0.755682 0.039062 0.059343
6 0.716264 0.885732 0.039062 0.059343
1 0.799006 0.644571 0.068182 0.077020
8 0.541548 0.072601 0.039062 0.059343
4 0.706321 0.067551 0.039062 0.059343
2 0.185014 0.874369 0.029119 0.051768
7 0.964134 0.138258 0.039062 0.059343
4 0.784446 0.267045 0.039062 0.059343
5 0.945668 0.643308 0.039062 0.059343
3 0.909446 0.538510 0.039062 0.059343
7 0.939986 0.948864 0.039062 0.059343
1 0.078835 0.738005 0.068182 0.077020
0 0.556108 0.741793 0.068182 0.077020
5 0.431463 0.363005 0.039062 0.059343
6 0.535156 0.874369 0.039062 0.059343
6 0.901634 0.339015 0.039062 0.059343
6 0.207031 0.159722 0.039062 0.059343
5 0.350497 0.937500 0.039062 0.059343
4 0.412997 0.095328 0.039062 0.059343
3 0.601207 0.269571 0.039062 0.059343
0 0.698153 0.243056 0.068182 0.077020
8 0.192827 0.693813 0.039062 0.059343
5 0.089844 0.143308 0.039062 0.059343
6 0.841974 0.087753 0.039062 0.059343
8 0.176491 0.461490 0.039062 0.059343
