5 0.519531 0.715278 0.039062 0.059343
3 0.655185 0.721591 0.039062 0.059343
2 0.351918 0.498106 0.029119 0.051768
0 0.059659 0.743056 0.068182 0.077020
1 0.200994 0.043561 0.068182 0.077020
0 0.963778 0.934975 0.068182 0.077020
1 0.176847 0.244318 0.068182 0.077020
5 0.949219 0.715278 0.039062 0.059343
5 0.451349 0.869318 0.039062 0.059343
6 0.183594 0.628157 0.039062 0.059343
3 0.347656 0.309975 0.039062 0.059343
5 0.464134 0.307449 0.039062 0.059343
2 0.912997 0.339015 0.029119 0.051768
8 0.971236 0.094066 0.039062 0.059343
7 0.844815 0.744318 0.039062 0.059343
5 0.083452 0.095328 0.039062 0.059343
7 0.555753 0.465278 0.039062 0.059343
5 0.066406 0.244318 0.039062 0.059343
6 0.572798 0.306187 0.039062 0.059343
3 0.584162 0.114268 0.039062 0.059343
5 0.340554 0.068813 0.039062 0.059343
2 0.519531 0.928662 0.029119 0.051768
2 0.104048 0.438763 0.029119 0.051768
7 0.665128 0.238005 0.039062 0.059343
7 0.459162 0.470328 0.039062 0.059343
1 0.703835 0.149621 0.068182 0.077020
4 0.790128 0.280934 0.039062 0.059343
5 0.416548 0.668561 0.039062 0.059343
1 0.828125 0.907197 0.068182 0.077020
2 0.338423 0.961490 0.029119 0.051768
0 0.799716 0.533460 0.068182 0.077020
2 0.727628 0.464015 0.029119 0.051768
2 0.023793 0.827652 0.029119 0.051768
1 0.183239 0.558712 0.068182 0.077020
