2 0.326349 0.731692 0.029119 0.051768
7 0.410866 0.038510 0.039062 0.059343
0 0.056108 0.917298 0.068182 0.077020
8 0.026634 0.630682 0.039062 0.059343
2 0.406605 0.243056 0.029119 0.051768
8 0.853338 0.038510 0.039062 0.059343
4 0.571378 0.537247 0.039062 0.059343
0 0.411932 0.496843 0.068182 0.077020
7 0.805043 0.254419 0.039062 0.059343
6 0.070668 0.495581 0.039062 0.059343
1 0.960938 0.472854 0.068182 0.077020
7 0.974787 0.254419 0.039062 0.059343
6 0.785156 0.833965 0.039062 0.059343
0 0.710227 0.527146 0.068182 0.077020
2 0.187855 0.917298 0.029119 0.051768
5 0.199219 0.697601 0.039062 0.059343
4 0.183594 0.254419 0.039062 0.059343
8 0.339844 0.889520 0.039062 0.059343
5 0.545099 0.746843 0.039062 0.059343
1 0.214489 0.437500 0.068182 0.077020
6 0.679332 0.634470 0.039062 0.059343
3 0.707741 0.836490 0.039062 0.059343
0 0.584517 0.293561 0.068182 0.077020
7 0.081321 0.313763 0.039062 0.059343
5 0.917259 0.964015 0.039062 0.059343
