7 0.337003 0.496843 0.039062 0.059343
0 0.338068 0.714015 0.068182 0.077020
5 0.444247 0.508207 0.039062 0.059343
4 0.842685 0.922348 0.039062 0.059343
4 0.334162 0.110480 0.039062 0.059343
4 0.582741 0.061237 0.039062 0.059343
3 0.410866 0.900884 0.039062 0.059343
3 0.024503 0.293561 0.039062 0.059343
1 0.665483 0.488005 0.068182 0.077020
8 0.908026 0.325126 0.039062 0.059343
1 0.935369 0.863005 0.068182 0.077020
1 0.926847 0.693813 0.068182 0.077020
7 0.034446 0.100379 0.039062 0.059343
5 0.084872 0.938763 0.039062 0.059343
1 0.706676 0.663510 0.068182 0.077020
1 0.559659 0.841540 0.068182 0.077020
0 0.674006 0.086490 0.068182 0.077020
1 0.174716 0.866793 0.068182 0.077020
1 0.785511 0.448864 0.068182 0.077020
4 0.066406 0.755682 0.039062 0.059343
2 0.185014 0.135732 0.029119 0.051768
7 0.420810 0.687500 0.039062 0.059343
1 0.565341 0.256944 0.068182 0.077020
6 0.218395 0.368056 0.039062 0.059343
2 0.416548 0.344066 0.029119 0.051768
2 0.687145 0.355429 0.029119 0.051768
1 0.792614 0.657197 0.068182 0.077020
8 0.770241 0.114268 0.039062 0.059343
3 0.558594 0.751894 0.039062 0.059343
