6 0.934304 0.363005 0.039062 0.059343
3 0.591974 0.042298 0.039062 0.059343
4 0.796520 0.900884 0.039062 0.059343
1 0.690341 0.695076 0.068182 0.077020
0 0.696733 0.913510 0.068182 0.077020
8 0.849077 0.346591 0.039062 0.059343
8 0.210582 0.230429 0.039062 0.059343
3 0.330611 0.274621 0.039062 0.059343
3 0.476918 0.660985 0.039062 0.059343
0 0.688210 0.313763 0.068182 0.077020
0 0.666193 0.056187 0.068182 0.077020
1 0.796165 0.504419 0.068182 0.077020
7 0.596946 0.840278 0.039062 0.059343
4 0.226918 0.537247 0.039062 0.059343
4 0.844815 0.106692 0.039062 0.059343
2 0.981179 0.705177 0.029119 0.051768
8 0.180043 0.076389 0.039062 0.059343
4 0.210582 0.851641 0.039062 0.059343
1 0.838778 0.679924 0.068182 0.077020
1 0.534091 0.719066 0.068182 0.077020
1 0.301136 0.888258 0.068182 0.077020
8 0.547230 0.354167 0.039062 0.059343
0 0.056108 0.530934 0.068182 0.077020
5 0.332031 0.715278 0.039062 0.059343
5 0.960582 0.543561 0.039062 0.059343
7 0.434304 0.833965 0.039062 0.059343
7 0.476918 0.552399 0.039062 0.059343
6 0.452770 0.304924 0.039062 0.059343
3 0.038707 0.116793 0.039062 0.059343
4 0.346946 0.032197 0.039062 0.059343
