4 0.298651 0.849116 0.039062 0.059343
5 0.185724 0.136995 0.039062 0.059343
1 0.586648 0.284722 0.068182 0.077020
0 0.187500 0.860480 0.068182 0.077020
6 0.795099 0.327652 0.039062 0.059343
4 0.168679 0.735480 0.039062 0.059343
3 0.709162 0.698864 0.039062 0.059343
5 0.074929 0.897096 0.039062 0.059343
4 0.307173 0.333965 0.039062 0.059343
1 0.558239 0.109217 0.068182 0.077020
4 0.443537 0.236742 0.039062 0.059343
1 0.569602 0.669823 0.068182 0.077020
7 0.977628 0.952652 0.039062 0.059343
0 0.426847 0.110480 0.068182 0.077020
0 0.963068 0.126894 0.068182 0.077020
7 0.035866 0.355429 0.039062 0.059343
5 0.087003 0.738005 0.039062 0.059343
7 0.696378 0.076389 0.039062 0.059343
6 0.421520 0.716540 0.039062 0.059343
2 0.312145 0.458965 0.029119 0.051768
0 0.534801 0.880682 0.068182 0.077020
2 0.037997 0.080177 0.029119 0.051768
1 0.441051 0.890783 0.068182 0.077020
4 0.832741 0.096591 0.039062 0.059343
1 0.185369 0.323864 0.068182 0.077020
5 0.605469 0.465278 0.039062 0.059343
0 0.207386 0.457702 0.068182 0.077020
1 0.089489 0.485480 0.068182 0.077020
3 0.792969 0.871843 0.039062 0.059343
5 0.904474 0.544823 0.039062 0.059343
