4 0.724787 0.851641 0.039062 0.059343
1 0.426847 0.530934 0.068182 0.077020
1 0.303267 0.268308 0.068182 0.077020
7 0.154474 0.634470 0.039062 0.059343
6 0.160156 0.265783 0.039062 0.059343
4 0.822088 0.645833 0.039062 0.059343
3 0.472656 0.067551 0.039062 0.059343
5 0.417259 0.923611 0.039062 0.059343
3 0.191406 0.471591 0.039062 0.059343
8 0.906605 0.750631 0.039062 0.059343
1 0.546875 0.130682 0.068182 0.077020
8 0.773793 0.855429 0.039062 0.059343
3 0.589134 0.741793 0.039062 0.059343
2 0.964134 0.934975 0.029119 0.051768
8 0.023082 0.748106 0.039062 0.059343
2 0.062855 0.941288 0.029119 0.051768
5 0.838423 0.148359 0.039062 0.059343
7 0.519531 0.908460 0.039062 0.059343
6 0.523793 0.349116 0.039062 0.059343
4 0.824929 0.369318 0.039062 0.059343
5 0.201349 0.047348 0.039062 0.059343
4 0.079190 0.096591 0.039062 0.059343
4 0.294389 0.885732 0.039062 0.059343
6 0.820668 0.556187 0.039062 0.059343
3 0.687145 0.505682 0.039062 0.059343
1 0.330966 0.043561 0.068182 0.077020
2 0.457031 0.628157 0.029119 0.051768
7 0.701349 0.076389 0.039062 0.059343
4 0.454901 0.246843 0.039062 0.059343
7 0.545099 0.515783 0.039062 0.059343
2 0.954190 0.282197 0.029119 0.051768
3 0.040838 0.566288 0.039062 0.059343
0 0.921875 0.041035 0.068182 0.077020
1 0.941051 0.511995 0.068182 0.077020
3 0.726207 0.232955 0.039062 0.059343
4 0.184304 0.894571 0.039062 0.059343
0 0.324574 0.640783 0.068182 0.077020
2 0.016690 0.253157 0.029119 0.051768
8 0.311435 0.440025 0.039062 0.059343
