7 0.564276 0.105429 0.039062 0.059343
8 0.535866 0.905934 0.039062 0.059343
4 0.957031 0.833965 0.039062 0.059343
4 0.576349 0.524621 0.039062 0.059343
5 0.351918 0.835227 0.039062 0.059343
8 0.170810 0.288510 0.039062 0.059343
5 0.446378 0.432449 0.039062 0.059343
4 0.056463 0.261995 0.039062 0.059343
0 0.822443 0.558712 0.068182 0.077020
0 0.578835 0.357955 0.068182 0.077020
5 0.653054 0.549874 0.039062 0.059343
3 0.578480 0.743056 0.039062 0.059343
2 0.707031 0.701389 0.029119 0.051768
1 0.194602 0.640783 0.068182 0.077020
8 0.677202 0.075126 0.039062 0.059343
6 0.443537 0.765783 0.039062 0.059343
2 0.768111 0.702652 0.029119 0.051768
0 0.960938 0.097854 0.068182 0.077020
5 0.159446 0.042298 0.039062 0.059343
3 0.955611 0.730429 0.039062 0.059343
2 0.026634 0.761995 0.029119 0.051768
7 0.354048 0.081439 0.039062 0.059343
8 0.284446 0.638258 0.039062 0.059343
1 0.050426 0.933712 0.068182 0.077020
4 0.444957 0.270833 0.039062 0.059343
2 0.436435 0.970328 0.029119 0.051768
4 0.773082 0.110480 0.039062 0.059343
2 0.161577 0.947601 0.029119 0.051768
7 0.974787 0.244318 0.039062 0.059343
4 0.043679 0.491793 0.039062 0.059343
1 0.666193 0.931187 0.068182 0.077020
2 0.942827 0.433712 0.029119 0.051768
