0 0.957386 0.067551 0.068182 0.077020
3 0.190696 0.563763 0.039062 0.059343
7 0.785866 0.283460 0.039062 0.059343
0 0.080256 0.046086 0.068182 0.077020
6 0.467685 0.082702 0.039062 0.059343
7 0.826349 0.058712 0.039062 0.059343
5 0.294389 0.327652 0.039062 0.059343
4 0.522372 0.303662 0.039062 0.059343
8 0.672940 0.437500 0.039062 0.059343
1 0.838778 0.690025 0.068182 0.077020
3 0.020241 0.525884 0.039062 0.059343
6 0.438565 0.676136 0.039062 0.059343
4 0.451349 0.326389 0.039062 0.059343
1 0.055398 0.351641 0.068182 0.077020
0 0.808949 0.553662 0.068182 0.077020
8 0.716264 0.856692 0.039062 0.059343
7 0.902344 0.460227 0.039062 0.059343
8 0.898793 0.287247 0.039062 0.059343
6 0.334162 0.506944 0.039062 0.059343
8 0.155895 0.339015 0.039062 0.059343
