8 0.440696 0.279672 0.039062 0.059343
2 0.266690 0.270833 0.029119 0.051768
6 0.719815 0.068813 0.039062 0.059343
6 0.795099 0.677399 0.039062 0.059343
8 0.849787 0.450126 0.039062 0.059343
4 0.592685 0.523359 0.039062 0.059343
7 0.943537 0.842803 0.039062 0.059343
3 0.454901 0.474116 0.039062 0.059343
0 0.191051 0.544823 0.068182 0.077020
1 0.173295 0.683712 0.068182 0.077020
4 0.066406 0.707702 0.039062 0.059343
4 0.166548 0.835227 0.039062 0.059343
4 0.671520 0.927399 0.039062 0.059343
7 0.069247 0.837753 0.039062 0.059343
4 0.565696 0.753157 0.039062 0.059343
3 0.917969 0.363005 0.039062 0.059343
4 0.951349 0.546086 0.039062 0.059343
5 0.978338 0.745581 0.039062 0.059343
1 0.313210 0.461490 0.068182 0.077020
0 0.333097 0.850379 0.068182 0.077020
7 0.709872 0.330177 0.039062 0.059343
0 0.035511 0.467803 0.068182 0.077020
6 0.050071 0.315025 0.039062 0.059343
5 0.310014 0.715278 0.039062 0.059343
3 0.829901 0.133207 0.039062 0.059343
5 0.552202 0.341540 0.039062 0.059343
8 0.803622 0.332702 0.039062 0.059343
2 0.462713 0.664773 0.029119 0.051768
1 0.703835 0.722854 0.068182 0.077020
2 0.141690 0.342803 0.029119 0.051768
0 0.549006 0.149621 0.068182 0.077020
8 0.533026 0.924874 0.039062 0.059343
0 0.438210 0.070076 0.068182 0.077020
3 0.660156 0.442551 0.039062 0.059343
4 0.337713 0.052399 0.039062 0.059343
4 0.939276 0.097854 0.039062 0.059343
5 0.180043 0.047348 0.039062 0.059343
7 0.839844 0.960227 0.039062 0.059343
