6 0.030895 0.691288 0.039062 0.059343
1 0.692472 0.041035 0.068182 0.077020
6 0.527344 0.312500 0.039062 0.059343
3 0.564986 0.951389 0.039062 0.059343
1 0.965199 0.091540 0.068182 0.077020
5 0.209872 0.532197 0.039062 0.059343
0 0.448153 0.861742 0.068182 0.077020
4 0.469105 0.749369 0.039062 0.059343
1 0.063210 0.071338 0.068182 0.077020
2 0.182884 0.235480 0.029119 0.051768
2 0.829901 0.902146 0.029119 0.051768
3 0.689986 0.658460 0.039062 0.059343
6 0.713423 0.272096 0.039062 0.059343
5 0.810724 0.682449 0.039062 0.059343
7 0.291548 0.827652 0.039062 0.059343
4 0.527344 0.528409 0.039062 0.059343
6 0.671520 0.924874 0.039062 0.059343
3 0.912997 0.948864 0.039062 0.059343
0 0.965199 0.662247 0.068182 0.077020
1 0.046875 0.298611 0.068182 0.077020
8 0.222656 0.091540 0.039062 0.059343
2 0.200639 0.628157 0.029119 0.051768
7 0.449219 0.246843 0.039062 0.059343
3 0.040838 0.839015 0.039062 0.059343
1 0.824574 0.248106 0.068182 0.077020
1 0.311790 0.554924 0.068182 0.077020
4 0.279474 0.292298 0.039062 0.059343
6 0.836293 0.043561 0.039062 0.059343
4 0.167969 0.840278 0.039062 0.059343
