5 0.419389 0.914773 0.039062 0.059343
0 0.670455 0.933712 0.068182 0.077020
5 0.439986 0.143308 0.039062 0.059343
0 0.555398 0.744318 0.068182 0.077020
1 0.410511 0.710227 0.068182 0.077020
7 0.038707 0.264520 0.039062 0.059343
3 0.344105 0.863005 0.039062 0.059343
5 0.035866 0.440025 0.039062 0.059343
8 0.810014 0.642045 0.039062 0.059343
4 0.659446 0.322601 0.039062 0.059343
8 0.207031 0.761995 0.039062 0.059343
4 0.314986 0.126894 0.039062 0.059343
3 0.318537 0.250631 0.039062 0.059343
7 0.228338 0.484217 0.039062 0.059343
0 0.210227 0.923611 0.068182 0.077020
6 0.546520 0.869318 0.039062 0.059343
7 0.095526 0.856692 0.039062 0.059343
0 0.683949 0.077652 0.068182 0.077020
6 0.480469 0.352904 0.039062 0.059343
7 0.328480 0.558712 0.039062 0.059343
1 0.318182 0.687500 0.068182 0.077020
8 0.030895 0.679924 0.039062 0.059343
1 0.540483 0.547348 0.068182 0.077020
