7 0.326349 0.535985 0.039062 0.059343
5 0.672940 0.438763 0.039062 0.059343
2 0.052912 0.154672 0.029119 0.051768
4 0.950639 0.645833 0.039062 0.059343
6 0.162287 0.339015 0.039062 0.059343
2 0.810014 0.510732 0.029119 0.051768
8 0.936435 0.056187 0.039062 0.059343
4 0.898793 0.937500 0.039062 0.059343
6 0.803622 0.947601 0.039062 0.059343
5 0.453480 0.888258 0.039062 0.059343
8 0.286577 0.904672 0.039062 0.059343
5 0.533736 0.490530 0.039062 0.059343
8 0.795099 0.767045 0.039062 0.059343
6 0.723366 0.076389 0.039062 0.059343
5 0.896662 0.279672 0.039062 0.059343
8 0.178622 0.527146 0.039062 0.059343
5 0.802202 0.059975 0.039062 0.059343
2 0.555043 0.655934 0.029119 0.051768
2 0.594105 0.826389 0.029119 0.051768
6 0.969815 0.524621 0.039062 0.059343
3 0.084872 0.280934 0.039062 0.059343
3 0.850497 0.230429 0.039062 0.059343
6 0.541548 0.336490 0.039062 0.059343
2 0.689276 0.953914 0.029119 0.051768
7 0.406605 0.667298 0.039062 0.059343
2 0.301491 0.672348 0.029119 0.051768
6 0.650923 0.710227 0.039062 0.059343
1 0.183949 0.897096 0.068182 0.077020
7 0.431463 0.553662 0.039062 0.059343
4 0.459872 0.368056 0.039062 0.059343
3 0.057884 0.943813 0.039062 0.059343
5 0.197088 0.169823 0.039062 0.059343
6 0.172230 0.727904 0.039062 0.059343
2 0.572088 0.111742 0.029119 0.051768
1 0.659801 0.337753 0.068182 0.077020
5 0.435724 0.035985 0.039062 0.059343
6 0.024503 0.750631 0.039062 0.059343
3 0.028764 0.433712 0.039062 0.059343
7 0.316406 0.246843 0.039062 0.059343
7 0.285866 0.110480 0.039062 0.059343
