0 0.671875 0.686237 0.068182 0.077020
2 0.515270 0.918561 0.029119 0.051768
4 0.179332 0.884470 0.039062 0.059343
6 0.594105 0.519571 0.039062 0.059343
5 0.059304 0.109217 0.039062 0.059343
8 0.952060 0.650884 0.039062 0.059343
6 0.439986 0.150884 0.039062 0.059343
5 0.217685 0.636995 0.039062 0.059343
7 0.812855 0.524621 0.039062 0.059343
7 0.914418 0.287247 0.039062 0.059343
1 0.051136 0.308712 0.068182 0.077020
5 0.525213 0.668561 0.039062 0.059343
1 0.427557 0.250631 0.068182 0.077020
3 0.326349 0.832702 0.039062 0.059343
1 0.203835 0.145833 0.068182 0.077020
0 0.571733 0.251894 0.068182 0.077020
1 0.311080 0.736742 0.068182 0.077020
4 0.813565 0.160985 0.039062 0.059343
5 0.148793 0.450126 0.039062 0.059343
0 0.335227 0.245581 0.068182 0.077020
1 0.938210 0.943813 0.068182 0.077020
