5 0.579901 0.131944 0.039062 0.059343
0 0.051136 0.280934 0.068182 0.077020
5 0.723366 0.722854 0.039062 0.059343
2 0.037287 0.951389 0.029119 0.051768
5 0.175781 0.749369 0.039062 0.059343
6 0.458452 0.649621 0.039062 0.059343
4 0.536577 0.951389 0.039062 0.059343
3 0.898793 0.716540 0.039062 0.059343
5 0.329901 0.499369 0.039062 0.059343
8 0.650213 0.568813 0.039062 0.059343
6 0.319957 0.678662 0.039062 0.059343
5 0.068537 0.517045 0.039062 0.059343
1 0.413352 0.861742 0.068182 0.077020
1 0.429688 0.559975 0.068182 0.077020
4 0.780185 0.511995 0.039062 0.059343
0 0.829545 0.856692 0.068182 0.077020
0 0.661222 0.895833 0.068182 0.077020
6 0.790128 0.070076 0.039062 0.059343
0 0.191761 0.892045 0.068182 0.077020
0 0.166193 0.097854 0.068182 0.077020
7 0.403054 0.130682 0.039062 0.059343
6 0.205611 0.347854 0.039062 0.059343
1 0.039062 0.664773 0.068182 0.077020
0 0.933949 0.936237 0.068182 0.077020
4 0.300781 0.342803 0.039062 0.059343
2 0.674361 0.323864 0.029119 0.051768
