4 0.724787 0.768308 0.039062 0.059343
7 0.175071 0.167298 0.039062 0.059343
8 0.204901 0.917298 0.039062 0.059343
5 0.346946 0.317551 0.039062 0.059343
7 0.902344 0.270833 0.039062 0.059343
2 0.050071 0.265783 0.029119 0.051768
4 0.398793 0.331439 0.039062 0.059343
4 0.295810 0.493056 0.039062 0.059343
3 0.052912 0.943813 0.039062 0.059343
2 0.889560 0.948864 0.029119 0.051768
3 0.689986 0.504419 0.039062 0.059343
6 0.902344 0.639520 0.039062 0.059343
4 0.429332 0.446338 0.039062 0.059343
5 0.221236 0.267045 0.039062 0.059343
5 0.837003 0.515783 0.039062 0.059343
3 0.542259 0.501894 0.039062 0.059343
7 0.554332 0.113005 0.039062 0.059343
5 0.846236 0.049874 0.039062 0.059343
6 0.480469 0.856692 0.039062 0.059343
4 0.524503 0.653409 0.039062 0.059343
