0 0.958807 0.138258 0.068182 0.077020
1 0.318182 0.722854 0.068182 0.077020
2 0.450639 0.751894 0.029119 0.051768
8 0.087003 0.942551 0.039062 0.059343
2 0.157315 0.879419 0.029119 0.051768
0 0.205966 0.331439 0.068182 0.077020
7 0.851918 0.663510 0.039062 0.059343
2 0.061435 0.671086 0.029119 0.051768
2 0.436435 0.153409 0.029119 0.051768
0 0.165483 0.642045 0.068182 0.077020
4 0.103338 0.240530 0.039062 0.059343
4 0.725497 0.562500 0.039062 0.059343
6 0.545099 0.461490 0.039062 0.059343
0 0.926847 0.481692 0.068182 0.077020
4 0.194957 0.517045 0.039062 0.059343
4 0.310724 0.282197 0.039062 0.059343
4 0.576349 0.272096 0.039062 0.059343
3 0.807173 0.557449 0.039062 0.059343
6 0.689986 0.163510 0.039062 0.059343
0 0.683239 0.926136 0.068182 0.077020
2 0.454190 0.443813 0.029119 0.051768
8 0.696378 0.235480 0.039062 0.059343
7 0.960582 0.274621 0.039062 0.059343
3 0.305043 0.061237 0.039062 0.059343
3 0.468395 0.893308 0.039062 0.059343
7 0.829901 0.873106 0.039062 0.059343
0 0.822443 0.053662 0.068182 0.077020
7 0.269531 0.491793 0.039062 0.059343
7 0.604048 0.119318 0.039062 0.059343
5 0.160156 0.101641 0.039062 0.059343
4 0.337003 0.936237 0.039062 0.059343
