4 0.404474 0.299874 0.039062 0.059343
8 0.076349 0.934975 0.039062 0.059343
4 0.841974 0.873106 0.039062 0.059343
0 0.076705 0.091540 0.068182 0.077020
4 0.429332 0.653409 0.039062 0.059343
2 0.727628 0.537247 0.029119 0.051768
4 0.974787 0.124369 0.039062 0.059343
7 0.668679 0.686237 0.039062 0.059343
3 0.914418 0.839015 0.039062 0.059343
7 0.317827 0.921086 0.039062 0.059343
3 0.547230 0.889520 0.039062 0.059343
6 0.096946 0.244318 0.039062 0.059343
8 0.531605 0.525884 0.039062 0.059343
2 0.906605 0.477904 0.029119 0.051768
4 0.729048 0.278409 0.039062 0.059343
0 0.452415 0.476641 0.068182 0.077020
8 0.533736 0.029672 0.039062 0.059343
0 0.076705 0.753157 0.068182 0.077020
4 0.827770 0.268308 0.039062 0.059343
6 0.095526 0.519571 0.039062 0.059343
5 0.851918 0.745581 0.039062 0.059343
