2 0.087003 0.465278 0.029119 0.051768
2 0.705611 0.327652 0.029119 0.051768
1 0.290483 0.049874 0.068182 0.077020
1 0.824574 0.537247 0.068182 0.077020
1 0.536222 0.655934 0.068182 0.077020
5 0.690696 0.931187 0.039062 0.059343
1 0.313210 0.355429 0.068182 0.077020
0 0.932528 0.498106 0.068182 0.077020
4 0.071378 0.066288 0.039062 0.059343
5 0.544389 0.231692 0.039062 0.059343
5 0.209162 0.267045 0.039062 0.059343
2 0.235440 0.162247 0.029119 0.051768
3 0.413707 0.249369 0.039062 0.059343
5 0.815696 0.695076 0.039062 0.059343
7 0.591974 0.485480 0.039062 0.059343
1 0.580966 0.903409 0.068182 0.077020
5 0.824219 0.878157 0.039062 0.059343
1 0.715199 0.157197 0.068182 0.077020
5 0.445668 0.457702 0.039062 0.059343
1 0.946023 0.092803 0.068182 0.077020
6 0.396662 0.962753 0.039062 0.059343
5 0.962713 0.631944 0.039062 0.059343
5 0.076349 0.734217 0.039062 0.059343
7 0.104048 0.259470 0.039062 0.059343
1 0.176847 0.528409 0.068182 0.077020
6 0.351918 0.855429 0.039062 0.059343
4 0.975497 0.902146 0.039062 0.059343
4 0.676491 0.658460 0.039062 0.059343
6 0.040838 0.904672 0.039062 0.059343
3 0.702770 0.528409 0.039062 0.059343
1 0.197443 0.659722 0.068182 0.077020
