7 0.948509 0.535985 0.039062 0.059343
4 0.088423 0.845328 0.039062 0.059343
8 0.070668 0.482955 0.039062 0.059343
1 0.550426 0.259470 0.068182 0.077020
2 0.678622 0.874369 0.029119 0.051768
3 0.939276 0.943813 0.039062 0.059343
1 0.196023 0.899621 0.068182 0.077020
6 0.805753 0.245581 0.039062 0.059343
4 0.425071 0.568813 0.039062 0.059343
2 0.787997 0.504419 0.029119 0.051768
0 0.296165 0.908460 0.068182 0.077020
3 0.318537 0.135732 0.039062 0.059343
8 0.715554 0.740530 0.039062 0.059343
0 0.411222 0.072601 0.068182 0.077020
8 0.207741 0.456439 0.039062 0.059343
3 0.849787 0.135732 0.039062 0.059343
3 0.656605 0.298611 0.039062 0.059343
6 0.302912 0.520833 0.039062 0.059343
2 0.839134 0.870581 0.029119 0.051768
0 0.199574 0.056187 0.068182 0.077020
4 0.204190 0.654672 0.039062 0.059343
3 0.435014 0.697601 0.039062 0.059343
3 0.349077 0.640783 0.039062 0.059343
