3 0.852628 0.649621 0.039062 0.059343
7 0.840554 0.130682 0.039062 0.059343
5 0.035866 0.029672 0.039062 0.059343
6 0.694957 0.552399 0.039062 0.059343
0 0.664062 0.302399 0.068182 0.077020
0 0.818892 0.500631 0.068182 0.077020
7 0.096946 0.455177 0.039062 0.059343
7 0.329190 0.561237 0.039062 0.059343
0 0.542614 0.134470 0.068182 0.077020
2 0.926491 0.083965 0.029119 0.051768
6 0.945668 0.900884 0.039062 0.059343
7 0.418679 0.067551 0.039062 0.059343
3 0.397372 0.642045 0.039062 0.059343
8 0.696378 0.640783 0.039062 0.059343
3 0.317827 0.912247 0.039062 0.059343
6 0.729759 0.029672 0.039062 0.059343
1 0.208097 0.861742 0.068182 0.077020
4 0.552202 0.679924 0.039062 0.059343
1 0.300426 0.756944 0.068182 0.077020
2 0.140980 0.081439 0.029119 0.051768
8 0.708452 0.932449 0.039062 0.059343
5 0.089844 0.950126 0.039062 0.059343
3 0.912287 0.753157 0.039062 0.059343
0 0.946023 0.316288 0.068182 0.077020
5 0.806463 0.916035 0.039062 0.059343
8 0.532315 0.544823 0.039062 0.059343
5 0.026634 0.250631 0.039062 0.059343
7 0.221946 0.323864 0.039062 0.059343
7 0.349077 0.029672 0.039062 0.059343
2 0.527344 0.833965 0.029119 0.051768
7 0.535866 0.246843 0.039062 0.059343
4 0.451349 0.332702 0.039062 0.059343
3 0.055043 0.731692 0.039062 0.059343
5 0.411577 0.452652 0.039062 0.059343
5 0.189986 0.655934 0.039062 0.059343
8 0.225497 0.514520 0.039062 0.059343
5 0.920810 0.467803 0.039062 0.059343
