5 0.937145 0.835227 0.039062 0.059343
1 0.414773 0.551136 0.068182 0.077020
1 0.165483 0.554924 0.068182 0.077020
4 0.790838 0.029672 0.039062 0.059343
8 0.650213 0.883207 0.039062 0.059343
0 0.913352 0.116793 0.068182 0.077020
5 0.702060 0.047348 0.039062 0.059343
1 0.435369 0.955177 0.068182 0.077020
1 0.794034 0.707702 0.068182 0.077020
6 0.431463 0.688763 0.039062 0.059343
5 0.660866 0.254419 0.039062 0.059343
4 0.312855 0.327652 0.039062 0.059343
5 0.413707 0.092803 0.039062 0.059343
1 0.340909 0.082702 0.068182 0.077020
0 0.312500 0.950126 0.068182 0.077020
7 0.079190 0.258207 0.039062 0.059343
5 0.209872 0.828914 0.039062 0.059343
6 0.922230 0.667298 0.039062 0.059343
1 0.317472 0.720328 0.068182 0.077020
0 0.170455 0.104167 0.068182 0.077020
0 0.571733 0.116793 0.068182 0.077020
0 0.058239 0.927399 0.068182 0.077020
7 0.061435 0.163510 0.039062 0.059343
1 0.823153 0.863005 0.068182 0.077020
5 0.540838 0.958965 0.039062 0.059343
6 0.061435 0.748106 0.039062 0.059343
5 0.344105 0.465278 0.039062 0.059343
4 0.962003 0.249369 0.039062 0.059343
6 0.709872 0.714015 0.039062 0.059343
2 0.729048 0.544823 0.029119 0.051768
0 0.563210 0.336490 0.068182 0.077020
7 0.577770 0.715278 0.039062 0.059343
1 0.445312 0.245581 0.068182 0.077020
6 0.830611 0.537247 0.039062 0.059343
5 0.171520 0.248106 0.039062 0.059343
4 0.597656 0.559975 0.039062 0.059343
0 0.196733 0.719066 0.068182 0.077020
1 0.787642 0.285985 0.068182 0.077020
4 0.910866 0.530934 0.039062 0.059343
