5 0.341974 0.544823 0.039062 0.059343
2 0.087713 0.236742 0.029119 0.051768
4 0.702770 0.296086 0.039062 0.059343
3 0.300781 0.292298 0.039062 0.059343
7 0.584162 0.657197 0.039062 0.059343
2 0.205611 0.081439 0.029119 0.051768
5 0.467685 0.128157 0.039062 0.059343
8 0.474077 0.429924 0.039062 0.059343
6 0.408026 0.279672 0.039062 0.059343
5 0.058594 0.568813 0.039062 0.059343
1 0.943182 0.496843 0.068182 0.077020
1 0.830256 0.080177 0.068182 0.077020
6 0.677912 0.037247 0.039062 0.059343
1 0.803267 0.871843 0.068182 0.077020
1 0.573153 0.331439 0.068182 0.077020
0 0.073864 0.057449 0.068182 0.077020
5 0.305753 0.946338 0.039062 0.059343
4 0.462003 0.749369 0.039062 0.059343
1 0.944602 0.298611 0.068182 0.077020
4 0.429332 0.888258 0.039062 0.059343
0 0.664773 0.892045 0.068182 0.077020
4 0.192827 0.966540 0.039062 0.059343
2 0.596946 0.097854 0.029119 0.051768
5 0.182173 0.243056 0.039062 0.059343
3 0.144531 0.442551 0.039062 0.059343
3 0.946378 0.832702 0.039062 0.059343
5 0.353338 0.048611 0.039062 0.059343
2 0.822798 0.721591 0.029119 0.051768
