8 0.915838 0.660985 0.039062 0.059343
3 0.300071 0.880682 0.039062 0.059343
4 0.547230 0.351641 0.039062 0.059343
0 0.455256 0.659722 0.068182 0.077020
8 0.849787 0.951389 0.039062 0.059343
3 0.968395 0.937500 0.039062 0.059343
1 0.060369 0.551136 0.068182 0.077020
5 0.706321 0.663510 0.039062 0.059343
2 0.425071 0.460227 0.029119 0.051768
8 0.445668 0.940025 0.039062 0.059343
5 0.155895 0.664773 0.039062 0.059343
0 0.045455 0.071338 0.068182 0.077020
7 0.725497 0.335227 0.039062 0.059343
6 0.302202 0.265783 0.039062 0.059343
3 0.056463 0.671086 0.039062 0.059343
0 0.811790 0.697601 0.068182 0.077020
6 0.182884 0.029672 0.039062 0.059343
3 0.949929 0.092803 0.039062 0.059343
3 0.968395 0.269571 0.039062 0.059343
8 0.727628 0.830177 0.039062 0.059343
6 0.197798 0.898359 0.039062 0.059343
5 0.710582 0.114268 0.039062 0.059343
3 0.293679 0.479167 0.039062 0.059343
3 0.829190 0.488005 0.039062 0.059343
1 0.458097 0.075126 0.068182 0.077020
2 0.425071 0.355429 0.029119 0.051768
5 0.579190 0.912247 0.039062 0.059343
6 0.521662 0.080177 0.039062 0.059343
3 0.342685 0.719066 0.039062 0.059343
5 0.682173 0.432449 0.039062 0.059343
3 0.915128 0.549874 0.039062 0.059343
8 0.845526 0.115530 0.039062 0.059343
6 0.101918 0.903409 0.039062 0.059343
0 0.550426 0.719066 0.068182 0.077020
7 0.155185 0.472854 0.039062 0.059343
3 0.520241 0.446338 0.039062 0.059343
0 0.297585 0.063763 0.068182 0.077020
2 0.033026 0.350379 0.029119 0.051768
1 0.804688 0.342803 0.068182 0.077020
8 0.162287 0.250631 0.039062 0.059343
