0 0.284091 0.874369 0.068182 0.077020
7 0.542969 0.143308 0.039062 0.059343
0 0.078125 0.857955 0.068182 0.077020
0 0.698864 0.693813 0.068182 0.077020
3 0.452770 0.647096 0.039062 0.059343
0 0.583807 0.331439 0.068182 0.077020
8 0.599077 0.438763 0.039062 0.059343
8 0.328480 0.270833 0.039062 0.059343
8 0.956321 0.562500 0.039062 0.059343
5 0.316406 0.453914 0.039062 0.059343
2 0.080611 0.326389 0.029119 0.051768
2 0.109020 0.033460 0.029119 0.051768
3 0.770952 0.523359 0.039062 0.059343
4 0.956321 0.067551 0.039062 0.059343
7 0.674361 0.068813 0.039062 0.059343
5 0.274503 0.630682 0.039062 0.059343
3 0.814276 0.676136 0.039062 0.059343
2 0.410156 0.544823 0.029119 0.051768
5 0.972656 0.313763 0.039062 0.059343
1 0.583807 0.926136 0.068182 0.077020
4 0.094815 0.667298 0.039062 0.059343
1 0.829545 0.875631 0.068182 0.077020
8 0.406605 0.851641 0.039062 0.059343
1 0.043324 0.490530 0.068182 0.077020
0 0.791193 0.059975 0.068182 0.077020
0 0.458807 0.054924 0.068182 0.077020
2 0.721236 0.559975 0.029119 0.051768
1 0.210227 0.667298 0.068182 0.077020
2 0.160866 0.932449 0.029119 0.051768
4 0.930753 0.875631 0.039062 0.059343
8 0.446378 0.293561 0.039062 0.059343
6 0.159446 0.366793 0.039062 0.059343
