6 0.318537 0.231692 0.039062 0.059343
0 0.046875 0.339015 0.068182 0.077020
6 0.948509 0.767045 0.039062 0.059343
0 0.673295 0.149621 0.068182 0.077020
2 0.764560 0.856692 0.029119 0.051768
1 0.941051 0.525884 0.068182 0.077020
2 0.109730 0.750631 0.029119 0.051768
2 0.850497 0.565025 0.029119 0.051768
2 0.267401 0.517045 0.029119 0.051768
1 0.428267 0.072601 0.068182 0.077020
2 0.515270 0.942551 0.029119 0.051768
4 0.579190 0.482955 0.039062 0.059343
5 0.538707 0.136995 0.039062 0.059343
0 0.301847 0.096591 0.068182 0.077020
3 0.191406 0.948864 0.039062 0.059343
4 0.406605 0.860480 0.039062 0.059343
8 0.452060 0.725379 0.039062 0.059343
3 0.656605 0.886995 0.039062 0.059343
3 0.151634 0.491793 0.039062 0.059343
3 0.219105 0.087753 0.039062 0.059343
7 0.395241 0.519571 0.039062 0.059343
6 0.305753 0.897096 0.039062 0.059343
3 0.085582 0.496843 0.039062 0.059343
3 0.309304 0.732955 0.039062 0.059343
8 0.082741 0.932449 0.039062 0.059343
3 0.574219 0.647096 0.039062 0.059343
7 0.183594 0.302399 0.039062 0.059343
7 0.158736 0.644571 0.039062 0.059343
2 0.800781 0.294823 0.029119 0.051768
5 0.719815 0.715278 0.039062 0.059343
4 0.096946 0.163510 0.039062 0.059343
5 0.403054 0.297348 0.039062 0.059343
3 0.549361 0.241793 0.039062 0.059343
1 0.821023 0.703914 0.068182 0.077020
8 0.653054 0.500631 0.039062 0.059343
6 0.973366 0.327652 0.039062 0.059343
4 0.957741 0.851641 0.039062 0.059343
2 0.785156 0.099116 0.029119 0.051768
