8 0.651634 0.059975 0.039062 0.059343
2 0.391690 0.052399 0.029119 0.051768
2 0.784446 0.056187 0.029119 0.051768
6 0.163707 0.249369 0.039062 0.059343
1 0.196023 0.893308 0.068182 0.077020
4 0.427912 0.662247 0.039062 0.059343
3 0.841264 0.850379 0.039062 0.059343
3 0.672230 0.428662 0.039062 0.059343
8 0.926491 0.441288 0.039062 0.059343
1 0.962358 0.690025 0.068182 0.077020
3 0.094105 0.332702 0.039062 0.059343
1 0.458097 0.510732 0.068182 0.077020
8 0.278764 0.840278 0.039062 0.059343
2 0.784446 0.671086 0.029119 0.051768
2 0.347656 0.234217 0.029119 0.051768
5 0.269531 0.164773 0.039062 0.059343
1 0.950284 0.940025 0.068182 0.077020
0 0.089489 0.489268 0.068182 0.077020
6 0.156605 0.493056 0.039062 0.059343
0 0.710227 0.359217 0.068182 0.077020
1 0.965199 0.318813 0.068182 0.077020
0 0.551847 0.916035 0.068182 0.077020
0 0.305398 0.724116 0.068182 0.077020
0 0.042614 0.664773 0.068182 0.077020
7 0.728338 0.635732 0.039062 0.059343
2 0.038707 0.859217 0.029119 0.051768
7 0.292259 0.508207 0.039062 0.059343
6 0.552912 0.087753 0.039062 0.059343
3 0.574219 0.296086 0.039062 0.059343
7 0.194957 0.135732 0.039062 0.059343
0 0.429688 0.251894 0.068182 0.077020
2 0.947798 0.119318 0.029119 0.051768
8 0.659446 0.904672 0.039062 0.059343
2 0.588423 0.482955 0.029119 0.051768
2 0.522372 0.720328 0.029119 0.051768
0 0.796875 0.477904 0.068182 0.077020
