6 0.405185 0.868056 0.039062 0.059343
5 0.560014 0.331439 0.039062 0.059343
6 0.476207 0.533460 0.039062 0.059343
6 0.904474 0.563763 0.039062 0.059343
6 0.704901 0.458965 0.039062 0.059343
6 0.229759 0.734217 0.039062 0.059343
8 0.285156 0.255682 0.039062 0.059343
7 0.190696 0.880682 0.039062 0.059343
4 0.663707 0.660985 0.039062 0.059343
1 0.544034 0.649621 0.068182 0.077020
5 0.038707 0.960227 0.039062 0.059343
1 0.669034 0.052399 0.068182 0.077020
5 0.471946 0.349116 0.039062 0.059343
2 0.427202 0.666035 0.029119 0.051768
3 0.150213 0.136995 0.039062 0.059343
4 0.346946 0.106692 0.039062 0.059343
5 0.837713 0.493056 0.039062 0.059343
2 0.043679 0.533460 0.029119 0.051768
4 0.349077 0.860480 0.039062 0.059343
5 0.186435 0.354167 0.039062 0.059343
6 0.343395 0.736742 0.039062 0.059343
5 0.045099 0.636995 0.039062 0.059343
0 0.831676 0.260732 0.068182 0.077020
2 0.572088 0.062500 0.029119 0.051768
7 0.929332 0.956439 0.039062 0.059343
2 0.091264 0.107955 0.029119 0.051768
7 0.207741 0.514520 0.039062 0.059343
4 0.783026 0.120581 0.039062 0.059343
5 0.435014 0.148359 0.039062 0.059343
5 0.030895 0.256944 0.039062 0.059343
8 0.964844 0.143308 0.039062 0.059343
4 0.721946 0.282197 0.039062 0.059343
7 0.665838 0.908460 0.039062 0.059343
7 0.915838 0.244318 0.039062 0.059343
2 0.971236 0.626894 0.029119 0.051768
8 0.297230 0.461490 0.039062 0.059343
4 0.601918 0.544823 0.039062 0.059343
