7 0.192116 0.129419 0.039062 0.059343
3 0.562855 0.744318 0.039062 0.059343
4 0.437855 0.914773 0.039062 0.059343
3 0.712003 0.885732 0.039062 0.059343
8 0.298651 0.344066 0.039062 0.059343
8 0.660156 0.095328 0.039062 0.059343
8 0.397372 0.322601 0.039062 0.059343
8 0.280895 0.131944 0.039062 0.059343
6 0.665128 0.283460 0.039062 0.059343
6 0.185014 0.283460 0.039062 0.059343
3 0.578480 0.066288 0.039062 0.059343
3 0.062855 0.166035 0.039062 0.059343
6 0.160866 0.639520 0.039062 0.059343
3 0.398793 0.725379 0.039062 0.059343
1 0.286222 0.527146 0.068182 0.077020
8 0.060724 0.638258 0.039062 0.059343
4 0.568537 0.293561 0.039062 0.059343
1 0.941761 0.299874 0.068182 0.077020
1 0.338068 0.866793 0.068182 0.077020
6 0.972656 0.518308 0.039062 0.059343
3 0.838423 0.693813 0.039062 0.059343
4 0.959162 0.160985 0.039062 0.059343
5 0.480469 0.466540 0.039062 0.059343
8 0.730469 0.740530 0.039062 0.059343
3 0.061435 0.889520 0.039062 0.059343
