5 0.557884 0.486742 0.039062 0.059343
6 0.921520 0.703914 0.039062 0.059343
4 0.709872 0.085227 0.039062 0.059343
5 0.427912 0.328914 0.039062 0.059343
0 0.313920 0.943813 0.068182 0.077020
0 0.046165 0.345328 0.068182 0.077020
6 0.802912 0.909722 0.039062 0.059343
4 0.071378 0.847854 0.039062 0.059343
6 0.170099 0.721591 0.039062 0.059343
0 0.713778 0.475379 0.068182 0.077020
3 0.953480 0.043561 0.039062 0.059343
1 0.712358 0.693813 0.068182 0.077020
4 0.346236 0.279672 0.039062 0.059343
6 0.202770 0.500631 0.039062 0.059343
7 0.430753 0.089015 0.039062 0.059343
6 0.932884 0.230429 0.039062 0.059343
5 0.800071 0.741793 0.039062 0.059343
6 0.809304 0.559975 0.039062 0.059343
3 0.907315 0.429924 0.039062 0.059343
7 0.329901 0.672348 0.039062 0.059343
3 0.052202 0.097854 0.039062 0.059343
8 0.452060 0.919823 0.039062 0.059343
4 0.728338 0.957702 0.039062 0.059343
1 0.166193 0.863005 0.068182 0.077020
3 0.778764 0.307449 0.039062 0.059343
