7 0.448509 0.860480 0.039062 0.059343
0 0.958807 0.508207 0.068182 0.077020
8 0.307884 0.436237 0.039062 0.059343
3 0.086293 0.566288 0.039062 0.059343
4 0.535866 0.835227 0.039062 0.059343
2 0.300781 0.736742 0.029119 0.051768
1 0.056108 0.307449 0.068182 0.077020
5 0.173651 0.474116 0.039062 0.059343
0 0.801136 0.529672 0.068182 0.077020
3 0.951349 0.962753 0.039062 0.059343
0 0.690341 0.750631 0.068182 0.077020
5 0.725497 0.059975 0.039062 0.059343
0 0.578125 0.039773 0.068182 0.077020
4 0.353338 0.058712 0.039062 0.059343
4 0.801491 0.344066 0.039062 0.059343
6 0.298651 0.249369 0.039062 0.059343
2 0.204901 0.722854 0.029119 0.051768
0 0.914062 0.327652 0.068182 0.077020
5 0.574929 0.482955 0.039062 0.059343
5 0.677202 0.322601 0.039062 0.059343
6 0.052912 0.717803 0.039062 0.059343
1 0.673295 0.513258 0.068182 0.077020
0 0.424716 0.350379 0.068182 0.077020
0 0.818182 0.721591 0.068182 0.077020
1 0.838068 0.873106 0.068182 0.077020
4 0.222656 0.884470 0.039062 0.059343
8 0.185014 0.035985 0.039062 0.059343
2 0.040128 0.076389 0.029119 0.051768
8 0.146662 0.301136 0.039062 0.059343
3 0.435014 0.707702 0.039062 0.059343
6 0.285156 0.928662 0.039062 0.059343
5 0.474077 0.519571 0.039062 0.059343
1 0.959517 0.080177 0.068182 0.077020
2 0.857599 0.105429 0.029119 0.051768
