8 0.807884 0.278409 0.039062 0.059343
7 0.976918 0.113005 0.039062 0.059343
2 0.317827 0.095328 0.029119 0.051768
3 0.271662 0.890783 0.039062 0.059343
0 0.338068 0.643308 0.068182 0.077020
7 0.057173 0.765783 0.039062 0.059343
2 0.057173 0.284722 0.029119 0.051768
8 0.787287 0.523359 0.039062 0.059343
4 0.805753 0.167298 0.039062 0.059343
0 0.671875 0.090278 0.068182 0.077020
6 0.209872 0.761995 0.039062 0.059343
6 0.560724 0.354167 0.039062 0.059343
8 0.824219 0.831439 0.039062 0.059343
5 0.169389 0.062500 0.039062 0.059343
5 0.210582 0.496843 0.039062 0.059343
5 0.894531 0.888258 0.039062 0.059343
6 0.460582 0.321338 0.039062 0.059343
6 0.596946 0.638258 0.039062 0.059343
6 0.042259 0.520833 0.039062 0.059343
2 0.141690 0.942551 0.029119 0.051768
0 0.694602 0.524621 0.068182 0.077020
6 0.175071 0.259470 0.039062 0.059343
0 0.431108 0.941288 0.068182 0.077020
6 0.834872 0.628157 0.039062 0.059343
4 0.910866 0.299874 0.039062 0.059343
4 0.283736 0.346591 0.039062 0.059343
1 0.703125 0.840278 0.068182 0.077020
2 0.957031 0.717803 0.029119 0.051768
1 0.054688 0.052399 0.068182 0.077020
4 0.709162 0.666035 0.039062 0.059343
2 0.313565 0.553662 0.029119 0.051768
6 0.976918 0.461490 0.039062 0.059343
0 0.453835 0.682449 0.068182 0.077020
5 0.020241 0.897096 0.039062 0.059343
0 0.563920 0.489268 0.068182 0.077020
7 0.564276 0.938763 0.039062 0.059343
3 0.672940 0.320076 0.039062 0.059343
