3 0.343395 0.498106 0.039062 0.059343
3 0.839844 0.703914 0.039062 0.059343
2 0.422230 0.732955 0.029119 0.051768
4 0.103338 0.336490 0.039062 0.059343
6 0.288707 0.893308 0.039062 0.059343
1 0.700284 0.451389 0.068182 0.077020
2 0.454190 0.070076 0.029119 0.051768
6 0.591974 0.113005 0.039062 0.059343
7 0.826349 0.299874 0.039062 0.059343
8 0.069957 0.712753 0.039062 0.059343
2 0.656605 0.134470 0.029119 0.051768
6 0.603338 0.460227 0.039062 0.059343
4 0.844815 0.107955 0.039062 0.059343
1 0.196023 0.469066 0.068182 0.077020
0 0.935369 0.107955 0.068182 0.077020
8 0.961293 0.958965 0.039062 0.059343
3 0.690696 0.828914 0.039062 0.059343
3 0.838423 0.934975 0.039062 0.059343
4 0.285156 0.712753 0.039062 0.059343
1 0.928267 0.322601 0.068182 0.077020
0 0.928267 0.477904 0.068182 0.077020
4 0.396662 0.839015 0.039062 0.059343
0 0.410511 0.350379 0.068182 0.077020
1 0.691761 0.681187 0.068182 0.077020
6 0.219105 0.654672 0.039062 0.059343
3 0.292259 0.328914 0.039062 0.059343
4 0.565696 0.317551 0.039062 0.059343
