4 0.698509 0.139520 0.039062 0.059343
4 0.039418 0.557449 0.039062 0.059343
8 0.284446 0.052399 0.039062 0.059343
5 0.187855 0.457702 0.039062 0.059343
8 0.841974 0.750631 0.039062 0.059343
4 0.822798 0.533460 0.039062 0.059343
1 0.548295 0.715278 0.068182 0.077020
5 0.177912 0.294823 0.039062 0.059343
8 0.565696 0.029672 0.039062 0.059343
0 0.568892 0.840278 0.068182 0.077020
2 0.140270 0.102904 0.029119 0.051768
2 0.721236 0.970328 0.029119 0.051768
3 0.841264 0.092803 0.039062 0.059343
2 0.454901 0.327652 0.029119 0.051768
8 0.952060 0.859217 0.039062 0.059343
4 0.841974 0.929924 0.039062 0.059343
1 0.170455 0.705177 0.068182 0.077020
2 0.087713 0.101641 0.029119 0.051768
2 0.583452 0.566288 0.029119 0.051768
7 0.307173 0.645833 0.039062 0.059343
3 0.473366 0.535985 0.039062 0.059343
3 0.194247 0.928662 0.039062 0.059343
7 0.042969 0.361742 0.039062 0.059343
6 0.952060 0.235480 0.039062 0.059343
4 0.966264 0.106692 0.039062 0.059343
8 0.553622 0.292298 0.039062 0.059343
1 0.703835 0.488005 0.068182 0.077020
1 0.430398 0.869318 0.068182 0.077020
6 0.932173 0.719066 0.039062 0.059343
4 0.706321 0.229167 0.039062 0.059343
0 0.321023 0.958965 0.068182 0.077020
4 0.685014 0.690025 0.039062 0.059343
2 0.812145 0.370581 0.029119 0.051768
4 0.344815 0.517045 0.039062 0.059343
7 0.039418 0.946338 0.039062 0.059343
1 0.946733 0.557449 0.068182 0.077020
6 0.454901 0.738005 0.039062 0.059343
