6 0.652344 0.880682 0.039062 0.059343
6 0.970526 0.484217 0.039062 0.059343
3 0.812145 0.664773 0.039062 0.059343
3 0.716264 0.291035 0.039062 0.059343
0 0.308239 0.131944 0.068182 0.077020
8 0.772372 0.552399 0.039062 0.059343
1 0.321733 0.498106 0.068182 0.077020
3 0.809304 0.924874 0.039062 0.059343
8 0.657315 0.047348 0.039062 0.059343
2 0.200639 0.538510 0.029119 0.051768
3 0.038707 0.433712 0.039062 0.059343
7 0.799361 0.105429 0.039062 0.059343
1 0.046165 0.331439 0.068182 0.077020
4 0.683594 0.561237 0.039062 0.059343
6 0.072798 0.722854 0.039062 0.059343
7 0.587713 0.910985 0.039062 0.059343
6 0.050781 0.162247 0.039062 0.059343
6 0.453480 0.879419 0.039062 0.059343
0 0.203125 0.044823 0.068182 0.077020
7 0.411577 0.238005 0.039062 0.059343
7 0.271662 0.648359 0.039062 0.059343
4 0.409446 0.568813 0.039062 0.059343
0 0.534801 0.246843 0.068182 0.077020
7 0.338423 0.306187 0.039062 0.059343
0 0.453125 0.044823 0.068182 0.077020
7 0.915838 0.839015 0.039062 0.059343
6 0.217685 0.763258 0.039062 0.059343
2 0.043679 0.948864 0.029119 0.051768
0 0.174716 0.333965 0.068182 0.077020
4 0.963423 0.126894 0.039062 0.059343
3 0.167259 0.904672 0.039062 0.059343
5 0.535156 0.100379 0.039062 0.059343
5 0.337003 0.947601 0.039062 0.059343
7 0.932884 0.296086 0.039062 0.059343
8 0.520952 0.732955 0.039062 0.059343
2 0.823509 0.260732 0.029119 0.051768
7 0.715554 0.734217 0.039062 0.059343
4 0.577060 0.486742 0.039062 0.059343
4 0.920099 0.638258 0.039062 0.059343
