7 0.964134 0.729167 0.039062 0.059343
3 0.773793 0.962753 0.039062 0.059343
7 0.397372 0.073864 0.039062 0.059343
6 0.675781 0.436237 0.039062 0.059343
1 0.301136 0.955177 0.068182 0.077020
5 0.304332 0.356692 0.039062 0.059343
7 0.787997 0.071338 0.039062 0.059343
3 0.167259 0.960227 0.039062 0.059343
4 0.032315 0.273359 0.039062 0.059343
5 0.534446 0.278409 0.039062 0.059343
5 0.571378 0.486742 0.039062 0.059343
3 0.150213 0.154672 0.039062 0.059343
3 0.158026 0.273359 0.039062 0.059343
0 0.055398 0.525884 0.068182 0.077020
5 0.474077 0.868056 0.039062 0.059343
7 0.339134 0.669823 0.039062 0.059343
2 0.809304 0.283460 0.029119 0.051768
1 0.944602 0.485480 0.068182 0.077020
4 0.658026 0.900884 0.039062 0.059343
1 0.325284 0.147096 0.068182 0.077020
2 0.457031 0.683712 0.029119 0.051768
3 0.102628 0.881944 0.039062 0.059343
0 0.940341 0.282197 0.068182 0.077020
3 0.163707 0.734217 0.039062 0.059343
6 0.792259 0.563763 0.039062 0.059343
8 0.295099 0.513258 0.039062 0.059343
1 0.794034 0.706439 0.068182 0.077020
6 0.650213 0.124369 0.039062 0.059343
5 0.974077 0.113005 0.039062 0.059343
2 0.568537 0.938763 0.029119 0.051768
1 0.934659 0.886995 0.068182 0.077020
7 0.422940 0.294823 0.039062 0.059343
6 0.162287 0.510732 0.039062 0.059343
4 0.689276 0.303662 0.039062 0.059343
