8 0.154474 0.907197 0.039062 0.059343
8 0.908026 0.316288 0.039062 0.059343
1 0.675426 0.062500 0.068182 0.077020
3 0.847656 0.070076 0.039062 0.059343
3 0.052912 0.934975 0.039062 0.059343
3 0.836293 0.457702 0.039062 0.059343
6 0.165838 0.129419 0.039062 0.059343
2 0.357599 0.695076 0.029119 0.051768
7 0.774503 0.883207 0.039062 0.059343
5 0.354048 0.883207 0.039062 0.059343
6 0.040128 0.472854 0.039062 0.059343
2 0.958452 0.155934 0.029119 0.051768
3 0.167259 0.232955 0.039062 0.059343
4 0.553622 0.852904 0.039062 0.059343
8 0.531605 0.294823 0.039062 0.059343
7 0.968395 0.705177 0.039062 0.059343
5 0.659446 0.441288 0.039062 0.059343
4 0.060014 0.330177 0.039062 0.059343
6 0.445668 0.095328 0.039062 0.059343
0 0.711648 0.876894 0.068182 0.077020
4 0.307884 0.567551 0.039062 0.059343
1 0.452415 0.318813 0.068182 0.077020
2 0.043679 0.711490 0.029119 0.051768
8 0.566406 0.456439 0.039062 0.059343
3 0.416548 0.883207 0.039062 0.059343
4 0.839844 0.721591 0.039062 0.059343
8 0.778764 0.321338 0.039062 0.059343
0 0.421875 0.692551 0.068182 0.077020
7 0.648793 0.297348 0.039062 0.059343
