4 0.323509 0.946338 0.039062 0.059343
2 0.581321 0.677399 0.029119 0.051768
4 0.702060 0.335227 0.039062 0.059343
1 0.437500 0.898359 0.068182 0.077020
5 0.944957 0.144571 0.039062 0.059343
3 0.773793 0.879419 0.039062 0.059343
5 0.213423 0.143308 0.039062 0.059343
1 0.463778 0.263258 0.068182 0.077020
1 0.691761 0.528409 0.068182 0.077020
4 0.800071 0.499369 0.039062 0.059343
8 0.438565 0.168561 0.039062 0.059343
5 0.556463 0.039773 0.039062 0.059343
4 0.347656 0.456439 0.039062 0.059343
0 0.328835 0.658460 0.068182 0.077020
6 0.032315 0.644571 0.039062 0.059343
5 0.587003 0.265783 0.039062 0.059343
1 0.043324 0.552399 0.068182 0.077020
6 0.170099 0.440025 0.039062 0.059343
4 0.445668 0.476641 0.039062 0.059343
6 0.702770 0.711490 0.039062 0.059343
1 0.169034 0.259470 0.068182 0.077020
3 0.979759 0.320076 0.039062 0.059343
6 0.814986 0.268308 0.039062 0.059343
6 0.673651 0.157197 0.039062 0.059343
3 0.066406 0.260732 0.039062 0.059343
8 0.850497 0.034722 0.039062 0.059343
3 0.186435 0.748106 0.039062 0.059343
0 0.937500 0.736742 0.068182 0.077020
4 0.023793 0.927399 0.039062 0.059343
3 0.576349 0.856692 0.039062 0.059343
0 0.043324 0.078914 0.068182 0.077020
1 0.168324 0.893308 0.068182 0.077020
7 0.347656 0.292298 0.039062 0.059343
