4 0.471236 0.320076 0.039062 0.059343
8 0.402344 0.664773 0.039062 0.059343
3 0.399503 0.054924 0.039062 0.059343
5 0.657315 0.924874 0.039062 0.059343
1 0.936790 0.753157 0.068182 0.077020
2 0.771662 0.307449 0.029119 0.051768
3 0.351918 0.038510 0.039062 0.059343
5 0.165838 0.928662 0.039062 0.059343
5 0.099077 0.429924 0.039062 0.059343
4 0.908026 0.881944 0.039062 0.059343
1 0.664773 0.241793 0.068182 0.077020
3 0.285156 0.856692 0.039062 0.059343
6 0.594815 0.698864 0.039062 0.059343
6 0.474787 0.932449 0.039062 0.059343
6 0.547230 0.863005 0.039062 0.059343
5 0.332031 0.715278 0.039062 0.059343
3 0.590554 0.283460 0.039062 0.059343
7 0.913707 0.466540 0.039062 0.059343
0 0.187500 0.280934 0.068182 0.077020
2 0.229759 0.544823 0.029119 0.051768
2 0.171520 0.710227 0.029119 0.051768
