2 0.527344 0.868056 0.029119 0.051768
8 0.297230 0.070076 0.039062 0.059343
6 0.920810 0.936237 0.039062 0.059343
7 0.939276 0.318813 0.039062 0.059343
0 0.683239 0.845328 0.068182 0.077020
1 0.073153 0.121843 0.068182 0.077020
7 0.431463 0.678662 0.039062 0.059343
4 0.585582 0.229167 0.039062 0.059343
7 0.785156 0.265783 0.039062 0.059343
2 0.458452 0.856692 0.029119 0.051768
5 0.278764 0.686237 0.039062 0.059343
2 0.174361 0.065025 0.029119 0.051768
6 0.465554 0.364268 0.039062 0.059343
4 0.457031 0.525884 0.039062 0.059343
3 0.077770 0.731692 0.039062 0.059343
5 0.162997 0.525884 0.039062 0.059343
0 0.171875 0.240530 0.068182 0.077020
6 0.181463 0.946338 0.039062 0.059343
4 0.282315 0.846591 0.039062 0.059343
1 0.061080 0.296086 0.068182 0.077020
4 0.798651 0.940025 0.039062 0.059343
0 0.465909 0.066288 0.068182 0.077020
8 0.909446 0.720328 0.039062 0.059343
5 0.825639 0.635732 0.039062 0.059343
3 0.537997 0.705177 0.039062 0.059343
7 0.714844 0.283460 0.039062 0.059343
