0 0.174716 0.254419 0.068182 0.077020
0 0.326705 0.083965 0.068182 0.077020
8 0.973366 0.047348 0.039062 0.059343
1 0.696023 0.837753 0.068182 0.077020
8 0.420099 0.861742 0.039062 0.059343
7 0.592685 0.244318 0.039062 0.059343
8 0.549361 0.894571 0.039062 0.059343
3 0.067116 0.066288 0.039062 0.059343
2 0.472656 0.100379 0.029119 0.051768
4 0.805753 0.910985 0.039062 0.059343
7 0.560724 0.113005 0.039062 0.059343
7 0.650213 0.033460 0.039062 0.059343
2 0.890270 0.660985 0.029119 0.051768
5 0.568537 0.666035 0.039062 0.059343
5 0.079190 0.528409 0.039062 0.059343
1 0.041903 0.936237 0.068182 0.077020
5 0.977628 0.364268 0.039062 0.059343
2 0.293679 0.633207 0.029119 0.051768
0 0.811790 0.658460 0.068182 0.077020
5 0.437855 0.244318 0.039062 0.059343
4 0.785156 0.038510 0.039062 0.059343
7 0.667259 0.437500 0.039062 0.059343
0 0.708097 0.673611 0.068182 0.077020
8 0.277344 0.912247 0.039062 0.059343
8 0.415128 0.498106 0.039062 0.059343
7 0.934304 0.888258 0.039062 0.059343
4 0.841264 0.522096 0.039062 0.059343
5 0.339844 0.500631 0.039062 0.059343
8 0.555753 0.509470 0.039062 0.059343
5 0.079190 0.759470 0.039062 0.059343
4 0.707741 0.287247 0.039062 0.059343
5 0.180753 0.448864 0.039062 0.059343
