1 0.550426 0.261995 0.068182 0.077020
7 0.281605 0.309975 0.039062 0.059343
1 0.163352 0.049874 0.068182 0.077020
0 0.449574 0.077652 0.068182 0.077020
2 0.356179 0.884470 0.029119 0.051768
1 0.707386 0.740530 0.068182 0.077020
3 0.852628 0.878157 0.039062 0.059343
7 0.555753 0.844066 0.039062 0.059343
5 0.072088 0.520833 0.039062 0.059343
4 0.473366 0.230429 0.039062 0.059343
0 0.440341 0.714015 0.068182 0.077020
1 0.965909 0.457702 0.068182 0.077020
6 0.180753 0.836490 0.039062 0.059343
6 0.803622 0.504419 0.039062 0.059343
5 0.797940 0.140783 0.039062 0.059343
2 0.216264 0.700126 0.029119 0.051768
8 0.947798 0.089015 0.039062 0.059343
3 0.832031 0.719066 0.039062 0.059343
1 0.793324 0.313763 0.068182 0.077020
0 0.306818 0.758207 0.068182 0.077020
4 0.477628 0.958965 0.039062 0.059343
5 0.053622 0.349116 0.039062 0.059343
4 0.599077 0.525884 0.039062 0.059343
6 0.664418 0.253157 0.039062 0.059343
5 0.601207 0.749369 0.039062 0.059343
4 0.074219 0.070076 0.039062 0.059343
8 0.224787 0.312500 0.039062 0.059343
4 0.290838 0.034722 0.039062 0.059343
4 0.601207 0.142045 0.039062 0.059343
1 0.327415 0.467803 0.068182 0.077020
7 0.722656 0.541035 0.039062 0.059343
1 0.067472 0.912247 0.068182 0.077020
3 0.903764 0.953914 0.039062 0.059343
1 0.438210 0.438763 0.068182 0.077020
3 0.935014 0.291035 0.039062 0.059343
5 0.204901 0.562500 0.039062 0.059343
3 0.722656 0.889520 0.039062 0.059343
7 0.967685 0.735480 0.039062 0.059343
