7 0.305043 0.230429 0.039062 0.059343
6 0.295099 0.673611 0.039062 0.059343
7 0.312145 0.068813 0.039062 0.059343
5 0.680753 0.880682 0.039062 0.059343
7 0.307173 0.951389 0.039062 0.059343
5 0.411577 0.461490 0.039062 0.059343
1 0.833097 0.705177 0.068182 0.077020
7 0.021662 0.128157 0.039062 0.059343
0 0.423295 0.658460 0.068182 0.077020
1 0.161222 0.840278 0.068182 0.077020
0 0.590909 0.739268 0.068182 0.077020
7 0.841264 0.885732 0.039062 0.059343
7 0.904474 0.291035 0.039062 0.059343
5 0.679332 0.248106 0.039062 0.059343
2 0.226207 0.431187 0.029119 0.051768
7 0.775923 0.296086 0.039062 0.059343
2 0.082741 0.837753 0.029119 0.051768
0 0.089489 0.315025 0.068182 0.077020
1 0.934659 0.149621 0.068182 0.077020
5 0.199929 0.051136 0.039062 0.059343
8 0.809304 0.082702 0.039062 0.059343
4 0.699219 0.166035 0.039062 0.059343
5 0.207031 0.722854 0.039062 0.059343
0 0.438920 0.349116 0.068182 0.077020
8 0.574219 0.928662 0.039062 0.059343
6 0.401634 0.075126 0.039062 0.059343
7 0.057173 0.500631 0.039062 0.059343
2 0.547230 0.336490 0.029119 0.051768
2 0.714134 0.760732 0.029119 0.051768
2 0.174361 0.260732 0.029119 0.051768
1 0.938920 0.692551 0.068182 0.077020
