5 0.458452 0.660985 0.039062 0.059343
6 0.433594 0.341540 0.039062 0.059343
1 0.050426 0.889520 0.068182 0.077020
0 0.441051 0.840278 0.068182 0.077020
8 0.953480 0.113005 0.039062 0.059343
5 0.439276 0.523359 0.039062 0.059343
3 0.047230 0.275884 0.039062 0.059343
3 0.297230 0.124369 0.039062 0.059343
3 0.279474 0.666035 0.039062 0.059343
8 0.149503 0.346591 0.039062 0.059343
4 0.209162 0.695076 0.039062 0.059343
7 0.422230 0.053662 0.039062 0.059343
3 0.220526 0.058712 0.039062 0.059343
1 0.710938 0.948864 0.068182 0.077020
2 0.720526 0.285985 0.029119 0.051768
3 0.144531 0.440025 0.039062 0.059343
1 0.534091 0.532197 0.068182 0.077020
0 0.063210 0.075126 0.068182 0.077020
4 0.349077 0.355429 0.039062 0.059343
2 0.969105 0.229167 0.029119 0.051768
5 0.542259 0.043561 0.039062 0.059343
0 0.964489 0.750631 0.068182 0.077020
