1 0.933949 0.910985 0.068182 0.077020
3 0.770952 0.729167 0.039062 0.059343
3 0.308594 0.142045 0.039062 0.059343
4 0.036577 0.495581 0.039062 0.059343
6 0.908026 0.548611 0.039062 0.059343
4 0.290838 0.520833 0.039062 0.059343
6 0.907315 0.707702 0.039062 0.059343
6 0.537287 0.857955 0.039062 0.059343
7 0.030895 0.649621 0.039062 0.059343
7 0.457741 0.530934 0.039062 0.059343
2 0.418679 0.048611 0.029119 0.051768
3 0.597656 0.503157 0.039062 0.059343
3 0.174361 0.908460 0.039062 0.059343
6 0.094815 0.168561 0.039062 0.059343
4 0.595526 0.042298 0.039062 0.059343
5 0.172230 0.063763 0.039062 0.059343
7 0.293679 0.734217 0.039062 0.059343
3 0.163707 0.500631 0.039062 0.059343
1 0.965199 0.106692 0.068182 0.077020
8 0.335582 0.355429 0.039062 0.059343
3 0.431463 0.936237 0.039062 0.059343
3 0.669389 0.686237 0.039062 0.059343
7 0.677912 0.836490 0.039062 0.059343
6 0.581321 0.283460 0.039062 0.059343
3 0.829901 0.047348 0.039062 0.059343
2 0.454901 0.267045 0.029119 0.051768
0 0.067472 0.841540 0.068182 0.077020
7 0.815696 0.940025 0.039062 0.059343
3 0.780895 0.263258 0.039062 0.059343
3 0.917969 0.356692 0.039062 0.059343
4 0.095526 0.368056 0.039062 0.059343
