0 0.572443 0.722854 0.068182 0.077020
8 0.715554 0.105429 0.039062 0.059343
5 0.198509 0.754419 0.039062 0.059343
0 0.834517 0.904672 0.068182 0.077020
6 0.533736 0.542298 0.039062 0.059343
8 0.030895 0.514520 0.039062 0.059343
3 0.595526 0.333965 0.039062 0.059343
5 0.401634 0.686237 0.039062 0.059343
6 0.824219 0.541035 0.039062 0.059343
7 0.027344 0.751894 0.039062 0.059343
7 0.285866 0.958965 0.039062 0.059343
6 0.099787 0.232955 0.039062 0.059343
1 0.335938 0.470328 0.068182 0.077020
2 0.476918 0.109217 0.029119 0.051768
7 0.685014 0.361742 0.039062 0.059343
1 0.805398 0.133207 0.068182 0.077020
3 0.702060 0.705177 0.039062 0.059343
2 0.778764 0.285985 0.029119 0.051768
8 0.538707 0.904672 0.039062 0.059343
6 0.911577 0.947601 0.039062 0.059343
4 0.174361 0.333965 0.039062 0.059343
5 0.922940 0.727904 0.039062 0.059343
6 0.100497 0.075126 0.039062 0.059343
1 0.965909 0.525884 0.068182 0.077020
8 0.405895 0.265783 0.039062 0.059343
3 0.401634 0.568813 0.039062 0.059343
3 0.310014 0.746843 0.039062 0.059343
5 0.773082 0.648359 0.039062 0.059343
6 0.436435 0.875631 0.039062 0.059343
7 0.924361 0.272096 0.039062 0.059343
