6 0.670810 0.308712 0.039062 0.059343
5 0.935014 0.692551 0.039062 0.059343
1 0.672585 0.437500 0.068182 0.077020
5 0.784446 0.130682 0.039062 0.059343
2 0.358310 0.265783 0.029119 0.051768
8 0.187145 0.120581 0.039062 0.059343
8 0.668679 0.667298 0.039062 0.059343
8 0.696378 0.897096 0.039062 0.059343
1 0.065341 0.542298 0.068182 0.077020
2 0.101918 0.140783 0.029119 0.051768
3 0.430043 0.243056 0.039062 0.059343
3 0.064986 0.311237 0.039062 0.059343
6 0.351918 0.049874 0.039062 0.059343
7 0.952770 0.320076 0.039062 0.059343
0 0.912642 0.501894 0.068182 0.077020
5 0.216974 0.706439 0.039062 0.059343
8 0.604759 0.441288 0.039062 0.059343
4 0.538707 0.682449 0.039062 0.059343
1 0.539773 0.899621 0.068182 0.077020
5 0.781605 0.365530 0.039062 0.059343
2 0.476918 0.700126 0.029119 0.051768
7 0.905895 0.874369 0.039062 0.059343
7 0.663707 0.116793 0.039062 0.059343
5 0.022372 0.653409 0.039062 0.059343
3 0.447798 0.861742 0.039062 0.059343
0 0.917614 0.128157 0.068182 0.077020
6 0.275213 0.873106 0.039062 0.059343
8 0.456321 0.057449 0.039062 0.059343
7 0.079190 0.919823 0.039062 0.059343
8 0.603338 0.346591 0.039062 0.059343
