1 0.339489 0.647096 0.068182 0.077020
1 0.314631 0.559975 0.068182 0.077020
4 0.394531 0.833965 0.039062 0.059343
6 0.457031 0.351641 0.039062 0.059343
8 0.593395 0.647096 0.039062 0.059343
4 0.435724 0.636995 0.039062 0.059343
3 0.442827 0.032197 0.039062 0.059343
7 0.352628 0.291035 0.039062 0.059343
6 0.033026 0.734217 0.039062 0.059343
1 0.810369 0.746843 0.068182 0.077020
5 0.957031 0.549874 0.039062 0.059343
0 0.321733 0.042298 0.068182 0.077020
0 0.838778 0.842803 0.068182 0.077020
0 0.548295 0.159722 0.068182 0.077020
0 0.183239 0.529672 0.068182 0.077020
5 0.665838 0.236742 0.039062 0.059343
5 0.430753 0.481692 0.039062 0.059343
0 0.164773 0.721591 0.068182 0.077020
6 0.652344 0.035985 0.039062 0.059343
4 0.022372 0.298611 0.039062 0.059343
0 0.534091 0.277146 0.068182 0.077020
4 0.559304 0.950126 0.039062 0.059343
4 0.591974 0.499369 0.039062 0.059343
3 0.213423 0.265783 0.039062 0.059343
3 0.930043 0.893308 0.039062 0.059343
1 0.795455 0.047348 0.068182 0.077020
2 0.950639 0.712753 0.029119 0.051768
1 0.167614 0.897096 0.068182 0.077020
1 0.686790 0.482955 0.068182 0.077020
5 0.801491 0.505682 0.039062 0.059343
6 0.284446 0.884470 0.039062 0.059343
2 0.017401 0.464015 0.029119 0.051768
0 0.205966 0.066288 0.068182 0.077020
3 0.855469 0.292298 0.039062 0.059343
6 0.980469 0.345328 0.039062 0.059343
4 0.702060 0.692551 0.039062 0.059343
6 0.698509 0.952652 0.039062 0.059343
3 0.064276 0.830177 0.039062 0.059343
0 0.088778 0.130682 0.068182 0.077020
