5 0.165128 0.860480 0.039062 0.059343
2 0.462003 0.037247 0.029119 0.051768
1 0.053267 0.124369 0.068182 0.077020
3 0.560014 0.279672 0.039062 0.059343
3 0.928622 0.957702 0.039062 0.059343
6 0.716974 0.438763 0.039062 0.059343
0 0.791903 0.648359 0.068182 0.077020
2 0.222656 0.645833 0.029119 0.051768
8 0.470526 0.349116 0.039062 0.059343
1 0.322443 0.892045 0.068182 0.077020
2 0.602628 0.676136 0.029119 0.051768
3 0.545810 0.445076 0.039062 0.059343
3 0.813565 0.350379 0.039062 0.059343
0 0.577415 0.847854 0.068182 0.077020
3 0.962713 0.147096 0.039062 0.059343
0 0.192472 0.506944 0.068182 0.077020
4 0.785866 0.519571 0.039062 0.059343
8 0.730469 0.320076 0.039062 0.059343
3 0.324929 0.121843 0.039062 0.059343
1 0.561080 0.046086 0.068182 0.077020
7 0.279474 0.428662 0.039062 0.059343
1 0.036222 0.933712 0.068182 0.077020
7 0.324929 0.722854 0.039062 0.059343
2 0.971946 0.494318 0.029119 0.051768
6 0.476207 0.866793 0.039062 0.059343
7 0.044389 0.306187 0.039062 0.059343
2 0.695668 0.744318 0.029119 0.051768
1 0.448864 0.700126 0.068182 0.077020
3 0.464844 0.455177 0.039062 0.059343
7 0.650213 0.861742 0.039062 0.059343
8 0.023793 0.465278 0.039062 0.059343
