2 0.972656 0.458965 0.029119 0.051768
3 0.835582 0.865530 0.039062 0.059343
2 0.109730 0.494318 0.029119 0.051768
1 0.063210 0.097854 0.068182 0.077020
4 0.522372 0.634470 0.039062 0.059343
0 0.672585 0.897096 0.068182 0.077020
8 0.898793 0.705177 0.039062 0.059343
2 0.217685 0.311237 0.029119 0.051768
5 0.646662 0.441288 0.039062 0.059343
4 0.420810 0.542298 0.039062 0.059343
3 0.050781 0.916035 0.039062 0.059343
1 0.419034 0.059975 0.068182 0.077020
8 0.464844 0.764520 0.039062 0.059343
8 0.839844 0.491793 0.039062 0.059343
6 0.648082 0.712753 0.039062 0.059343
0 0.160511 0.639520 0.068182 0.077020
7 0.675071 0.254419 0.039062 0.059343
6 0.078480 0.354167 0.039062 0.059343
7 0.775923 0.280934 0.039062 0.059343
0 0.164773 0.504419 0.068182 0.077020
7 0.322088 0.030934 0.039062 0.059343
3 0.910156 0.115530 0.039062 0.059343
8 0.273082 0.554924 0.039062 0.059343
8 0.417259 0.851641 0.039062 0.059343
4 0.895952 0.846591 0.039062 0.059343
