3 0.216264 0.085227 0.039062 0.059343
1 0.213068 0.700126 0.068182 0.077020
8 0.479048 0.460227 0.039062 0.059343
4 0.805043 0.248106 0.039062 0.059343
3 0.477628 0.163510 0.039062 0.059343
0 0.789773 0.462753 0.068182 0.077020
7 0.844815 0.917298 0.039062 0.059343
2 0.025923 0.851641 0.029119 0.051768
5 0.697798 0.552399 0.039062 0.059343
6 0.214134 0.562500 0.039062 0.059343
2 0.957741 0.294823 0.029119 0.051768
6 0.523793 0.678662 0.039062 0.059343
3 0.024503 0.253157 0.039062 0.059343
6 0.103338 0.035985 0.039062 0.059343
4 0.308594 0.082702 0.039062 0.059343
0 0.180398 0.274621 0.068182 0.077020
6 0.398793 0.327652 0.039062 0.059343
5 0.816406 0.092803 0.039062 0.059343
1 0.710227 0.724116 0.068182 0.077020
3 0.665128 0.957702 0.039062 0.059343
2 0.821378 0.643308 0.029119 0.051768
8 0.540838 0.921086 0.039062 0.059343
8 0.270952 0.942551 0.039062 0.059343
5 0.427202 0.707702 0.039062 0.059343
