8 0.104048 0.076389 0.039062 0.059343
1 0.078125 0.537247 0.068182 0.077020
5 0.577770 0.498106 0.039062 0.059343
3 0.897372 0.888258 0.039062 0.059343
5 0.942827 0.354167 0.039062 0.059343
3 0.320668 0.835227 0.039062 0.059343
5 0.574929 0.323864 0.039062 0.059343
0 0.949574 0.506944 0.068182 0.077020
3 0.728338 0.433712 0.039062 0.059343
3 0.813565 0.065025 0.039062 0.059343
8 0.919389 0.701389 0.039062 0.059343
0 0.916193 0.138258 0.068182 0.077020
7 0.438565 0.148359 0.039062 0.059343
5 0.822798 0.313763 0.039062 0.059343
1 0.303267 0.245581 0.068182 0.077020
0 0.801136 0.875631 0.068182 0.077020
6 0.537997 0.965278 0.039062 0.059343
0 0.086648 0.682449 0.068182 0.077020
8 0.184304 0.929924 0.039062 0.059343
0 0.207386 0.280934 0.068182 0.077020
8 0.422940 0.515783 0.039062 0.059343
3 0.412997 0.943813 0.039062 0.059343
3 0.528764 0.760732 0.039062 0.059343
2 0.204901 0.059975 0.029119 0.051768
3 0.094815 0.304924 0.039062 0.059343
7 0.449219 0.318813 0.039062 0.059343
6 0.178622 0.707702 0.039062 0.059343
