4 0.199219 0.047348 0.039062 0.059343
6 0.414418 0.072601 0.039062 0.059343
4 0.929332 0.331439 0.039062 0.059343
8 0.829190 0.852904 0.039062 0.059343
5 0.334872 0.320076 0.039062 0.059343
0 0.075284 0.279672 0.068182 0.077020
5 0.850497 0.162247 0.039062 0.059343
2 0.708452 0.243056 0.029119 0.051768
4 0.449929 0.660985 0.039062 0.059343
0 0.433949 0.457702 0.068182 0.077020
2 0.038707 0.458965 0.029119 0.051768
2 0.642401 0.639520 0.029119 0.051768
1 0.425426 0.874369 0.068182 0.077020
6 0.712713 0.934975 0.039062 0.059343
0 0.207386 0.688763 0.068182 0.077020
2 0.908026 0.904672 0.029119 0.051768
4 0.167259 0.909722 0.039062 0.059343
4 0.194247 0.488005 0.039062 0.059343
7 0.815696 0.238005 0.039062 0.059343
6 0.345526 0.128157 0.039062 0.059343
8 0.206321 0.306187 0.039062 0.059343
1 0.834517 0.698864 0.068182 0.077020
1 0.932528 0.041035 0.068182 0.077020
8 0.519531 0.493056 0.039062 0.059343
2 0.540128 0.335227 0.029119 0.051768
8 0.537287 0.693813 0.039062 0.059343
0 0.547585 0.052399 0.068182 0.077020
4 0.554332 0.947601 0.039062 0.059343
7 0.077060 0.086490 0.039062 0.059343
4 0.911577 0.504419 0.039062 0.059343
4 0.783026 0.471591 0.039062 0.059343
2 0.482599 0.351641 0.029119 0.051768
