5 0.822798 0.438763 0.039062 0.059343
0 0.215199 0.307449 0.068182 0.077020
2 0.442116 0.496843 0.029119 0.051768
1 0.921875 0.484217 0.068182 0.077020
1 0.540483 0.058712 0.068182 0.077020
5 0.054332 0.085227 0.039062 0.059343
3 0.790838 0.087753 0.039062 0.059343
3 0.283736 0.515783 0.039062 0.059343
5 0.315696 0.659722 0.039062 0.059343
6 0.342685 0.336490 0.039062 0.059343
2 0.413707 0.934975 0.029119 0.051768
0 0.427557 0.727904 0.068182 0.077020
2 0.844105 0.628157 0.029119 0.051768
6 0.037997 0.471591 0.039062 0.059343
2 0.211293 0.674874 0.029119 0.051768
4 0.917259 0.154672 0.039062 0.059343
1 0.710938 0.642045 0.068182 0.077020
3 0.277344 0.869318 0.039062 0.059343
7 0.153764 0.921086 0.039062 0.059343
5 0.903764 0.913510 0.039062 0.059343
