8 0.560724 0.724116 0.039062 0.059343
2 0.675781 0.869318 0.029119 0.051768
8 0.425781 0.706439 0.039062 0.059343
5 0.105469 0.350379 0.039062 0.059343
7 0.851207 0.950126 0.039062 0.059343
5 0.550781 0.437500 0.039062 0.059343
8 0.227628 0.562500 0.039062 0.059343
0 0.053267 0.142045 0.068182 0.077020
1 0.175426 0.671086 0.068182 0.077020
0 0.791903 0.501894 0.068182 0.077020
3 0.395952 0.285985 0.039062 0.059343
2 0.106889 0.900884 0.029119 0.051768
1 0.196023 0.303662 0.068182 0.077020
5 0.473366 0.167298 0.039062 0.059343
8 0.298651 0.109217 0.039062 0.059343
2 0.925781 0.546086 0.029119 0.051768
2 0.733310 0.043561 0.029119 0.051768
5 0.308594 0.284722 0.039062 0.059343
2 0.693537 0.267045 0.029119 0.051768
7 0.226207 0.942551 0.039062 0.059343
7 0.709872 0.705177 0.039062 0.059343
7 0.971236 0.869318 0.039062 0.059343
