1 0.789773 0.866793 0.068182 0.077020
5 0.322798 0.429924 0.039062 0.059343
8 0.407315 0.686237 0.039062 0.059343
7 0.687855 0.451389 0.039062 0.059343
4 0.660156 0.100379 0.039062 0.059343
7 0.473366 0.111742 0.039062 0.059343
5 0.395952 0.320076 0.039062 0.059343
7 0.291548 0.339015 0.039062 0.059343
1 0.317472 0.938763 0.068182 0.077020
5 0.662997 0.328914 0.039062 0.059343
0 0.664773 0.657197 0.068182 0.077020
5 0.075639 0.538510 0.039062 0.059343
5 0.790128 0.167298 0.039062 0.059343
8 0.781605 0.556187 0.039062 0.059343
2 0.984020 0.370581 0.029119 0.051768
0 0.948864 0.922348 0.068182 0.077020
7 0.290128 0.155934 0.039062 0.059343
7 0.428622 0.860480 0.039062 0.059343
0 0.059659 0.716540 0.068182 0.077020
7 0.942827 0.033460 0.039062 0.059343
1 0.174006 0.636995 0.068182 0.077020
4 0.576349 0.967803 0.039062 0.059343
1 0.047585 0.312500 0.068182 0.077020
0 0.801847 0.749369 0.068182 0.077020
0 0.577415 0.332702 0.068182 0.077020
8 0.707031 0.852904 0.039062 0.059343
3 0.348366 0.712753 0.039062 0.059343
1 0.085227 0.075126 0.068182 0.077020
