3 0.079190 0.049874 0.039062 0.059343
8 0.550071 0.749369 0.039062 0.059343
1 0.800426 0.893308 0.068182 0.077020
1 0.419034 0.736742 0.068182 0.077020
3 0.533736 0.856692 0.039062 0.059343
7 0.435724 0.068813 0.039062 0.059343
5 0.062855 0.912247 0.039062 0.059343
3 0.917969 0.428662 0.039062 0.059343
4 0.962003 0.155934 0.039062 0.059343
7 0.335582 0.061237 0.039062 0.059343
6 0.329190 0.945076 0.039062 0.059343
4 0.948509 0.916035 0.039062 0.059343
1 0.443182 0.923611 0.068182 0.077020
0 0.916193 0.727904 0.068182 0.077020
7 0.208452 0.066288 0.039062 0.059343
4 0.895241 0.239268 0.039062 0.059343
3 0.839844 0.162247 0.039062 0.059343
4 0.059304 0.347854 0.039062 0.059343
3 0.197088 0.886995 0.039062 0.059343
7 0.195668 0.332702 0.039062 0.059343
3 0.047230 0.488005 0.039062 0.059343
0 0.534801 0.495581 0.068182 0.077020
5 0.349787 0.567551 0.039062 0.059343
2 0.724077 0.837753 0.029119 0.051768
2 0.220526 0.700126 0.029119 0.051768
2 0.663707 0.366793 0.029119 0.051768
