3 0.197798 0.710227 0.039062 0.059343
5 0.896662 0.863005 0.039062 0.059343
6 0.176491 0.160985 0.039062 0.059343
3 0.604048 0.057449 0.039062 0.059343
1 0.191051 0.498106 0.068182 0.077020
7 0.097656 0.961490 0.039062 0.059343
1 0.087358 0.052399 0.068182 0.077020
8 0.791548 0.847854 0.039062 0.059343
1 0.796165 0.113005 0.068182 0.077020
6 0.156605 0.277146 0.039062 0.059343
6 0.776634 0.647096 0.039062 0.059343
5 0.296520 0.488005 0.039062 0.059343
3 0.659446 0.291035 0.039062 0.059343
1 0.671875 0.695076 0.068182 0.077020
8 0.594815 0.450126 0.039062 0.059343
8 0.453480 0.445076 0.039062 0.059343
6 0.045099 0.554924 0.039062 0.059343
5 0.937855 0.645833 0.039062 0.059343
7 0.684304 0.097854 0.039062 0.059343
7 0.035866 0.284722 0.039062 0.059343
6 0.395241 0.884470 0.039062 0.059343
2 0.425071 0.142045 0.029119 0.051768
8 0.678622 0.847854 0.039062 0.059343
1 0.327415 0.870581 0.068182 0.077020
1 0.428267 0.306187 0.068182 0.077020
1 0.713778 0.534722 0.068182 0.077020
1 0.811080 0.440025 0.068182 0.077020
2 0.895241 0.347854 0.029119 0.051768
0 0.538352 0.299874 0.068182 0.077020
2 0.312855 0.717803 0.029119 0.051768
3 0.541548 0.831439 0.039062 0.059343
7 0.307173 0.330177 0.039062 0.059343
0 0.956676 0.559975 0.068182 0.077020
1 0.203835 0.931187 0.068182 0.077020
8 0.848366 0.236742 0.039062 0.059343
8 0.938565 0.095328 0.039062 0.059343
3 0.448509 0.681187 0.039062 0.059343
2 0.028764 0.634470 0.029119 0.051768
