3 0.290838 0.947601 0.039062 0.059343
2 0.653054 0.841540 0.029119 0.051768
3 0.957031 0.714015 0.039062 0.059343
0 0.303267 0.104167 0.068182 0.077020
0 0.187500 0.038510 0.068182 0.077020
8 0.157315 0.846591 0.039062 0.059343
0 0.944602 0.842803 0.068182 0.077020
3 0.964134 0.287247 0.039062 0.059343
3 0.911577 0.120581 0.039062 0.059343
8 0.705611 0.147096 0.039062 0.059343
7 0.820668 0.861742 0.039062 0.059343
2 0.787997 0.357955 0.029119 0.051768
8 0.466974 0.364268 0.039062 0.059343
2 0.265270 0.426136 0.029119 0.051768
5 0.555753 0.897096 0.039062 0.059343
6 0.790128 0.071338 0.039062 0.059343
5 0.270952 0.638258 0.039062 0.059343
4 0.398793 0.111742 0.039062 0.059343
7 0.790128 0.635732 0.039062 0.059343
6 0.046520 0.120581 0.039062 0.059343
0 0.055398 0.294823 0.068182 0.077020
8 0.690696 0.710227 0.039062 0.059343
4 0.567827 0.148359 0.039062 0.059343
4 0.447798 0.469066 0.039062 0.059343
1 0.462358 0.648359 0.068182 0.077020
7 0.105469 0.565025 0.039062 0.059343
5 0.161577 0.307449 0.039062 0.059343
6 0.021662 0.677399 0.039062 0.059343
2 0.837713 0.533460 0.029119 0.051768
1 0.709517 0.302399 0.068182 0.077020
0 0.163352 0.636995 0.068182 0.077020
1 0.685369 0.527146 0.068182 0.077020
0 0.563920 0.639520 0.068182 0.077020
1 0.444602 0.885732 0.068182 0.077020
