1 0.056818 0.131944 0.068182 0.077020
5 0.977628 0.529672 0.039062 0.059343
2 0.175781 0.157197 0.029119 0.051768
6 0.416548 0.725379 0.039062 0.059343
6 0.569957 0.883207 0.039062 0.059343
6 0.920810 0.110480 0.039062 0.059343
2 0.982599 0.687500 0.029119 0.051768
2 0.795099 0.712753 0.029119 0.051768
7 0.675071 0.749369 0.039062 0.059343
5 0.202770 0.476641 0.039062 0.059343
5 0.395952 0.357955 0.039062 0.059343
6 0.898793 0.875631 0.039062 0.059343
1 0.196733 0.730429 0.068182 0.077020
5 0.280185 0.916035 0.039062 0.059343
2 0.726918 0.465278 0.029119 0.051768
6 0.534446 0.107955 0.039062 0.059343
0 0.709517 0.355429 0.068182 0.077020
3 0.183594 0.320076 0.039062 0.059343
2 0.730469 0.961490 0.029119 0.051768
4 0.441406 0.532197 0.039062 0.059343
1 0.808239 0.294823 0.068182 0.077020
0 0.068892 0.549874 0.068182 0.077020
6 0.283736 0.671086 0.039062 0.059343
8 0.719105 0.140783 0.039062 0.059343
2 0.831321 0.503157 0.029119 0.051768
4 0.542969 0.480429 0.039062 0.059343
5 0.342685 0.085227 0.039062 0.059343
0 0.198864 0.912247 0.068182 0.077020
0 0.448153 0.159722 0.068182 0.077020
3 0.052202 0.662247 0.039062 0.059343
1 0.296875 0.291035 0.068182 0.077020
3 0.104048 0.291035 0.039062 0.059343
6 0.775923 0.948864 0.039062 0.059343
4 0.896662 0.303662 0.039062 0.059343
6 0.796520 0.134470 0.039062 0.059343
2 0.414418 0.955177 0.029119 0.051768
