7 0.555043 0.658460 0.039062 0.059343
2 0.964134 0.768308 0.029119 0.051768
6 0.403054 0.522096 0.039062 0.059343
6 0.192116 0.058712 0.039062 0.059343
8 0.839844 0.543561 0.039062 0.059343
8 0.064986 0.120581 0.039062 0.059343
1 0.164062 0.724116 0.068182 0.077020
3 0.397372 0.916035 0.039062 0.059343
2 0.936435 0.446338 0.029119 0.051768
7 0.929332 0.936237 0.039062 0.059343
8 0.802912 0.273359 0.039062 0.059343
2 0.911577 0.056187 0.029119 0.051768
0 0.323153 0.543561 0.068182 0.077020
3 0.604759 0.538510 0.039062 0.059343
4 0.191406 0.446338 0.039062 0.059343
7 0.704901 0.657197 0.039062 0.059343
2 0.265980 0.164773 0.029119 0.051768
6 0.678622 0.114268 0.039062 0.059343
1 0.438210 0.097854 0.068182 0.077020
2 0.210582 0.943813 0.029119 0.051768
8 0.790128 0.638258 0.039062 0.059343
8 0.317827 0.251894 0.039062 0.059343
6 0.555043 0.166035 0.039062 0.059343
1 0.557528 0.344066 0.068182 0.077020
1 0.059659 0.936237 0.068182 0.077020
