6 0.281605 0.142045 0.039062 0.059343
3 0.469105 0.690025 0.039062 0.059343
8 0.775923 0.541035 0.039062 0.059343
5 0.337713 0.514520 0.039062 0.059343
0 0.669744 0.356692 0.068182 0.077020
7 0.093395 0.037247 0.039062 0.059343
6 0.784446 0.236742 0.039062 0.059343
6 0.900213 0.639520 0.039062 0.059343
5 0.967685 0.246843 0.039062 0.059343
7 0.346946 0.245581 0.039062 0.059343
0 0.933949 0.104167 0.068182 0.077020
0 0.195312 0.331439 0.068182 0.077020
6 0.019531 0.952652 0.039062 0.059343
3 0.187145 0.639520 0.039062 0.059343
4 0.567827 0.697601 0.039062 0.059343
7 0.047940 0.287247 0.039062 0.059343
1 0.184659 0.895833 0.068182 0.077020
8 0.311435 0.924874 0.039062 0.059343
7 0.187855 0.152146 0.039062 0.059343
4 0.787997 0.937500 0.039062 0.059343
1 0.417614 0.864268 0.068182 0.077020
5 0.900213 0.486742 0.039062 0.059343
2 0.803622 0.758207 0.029119 0.051768
2 0.671520 0.864268 0.029119 0.051768
5 0.442827 0.253157 0.039062 0.059343
8 0.410866 0.065025 0.039062 0.059343
1 0.693182 0.749369 0.068182 0.077020
