2 0.220526 0.736742 0.029119 0.051768
7 0.540838 0.900884 0.039062 0.059343
3 0.153054 0.111742 0.039062 0.059343
6 0.648082 0.246843 0.039062 0.059343
5 0.221236 0.336490 0.039062 0.059343
4 0.672230 0.842803 0.039062 0.059343
1 0.200284 0.943813 0.068182 0.077020
4 0.682173 0.167298 0.039062 0.059343
2 0.702770 0.490530 0.029119 0.051768
5 0.570668 0.436237 0.039062 0.059343
8 0.292259 0.256944 0.039062 0.059343
6 0.061435 0.118056 0.039062 0.059343
7 0.345526 0.955177 0.039062 0.059343
6 0.901634 0.482955 0.039062 0.059343
7 0.473366 0.837753 0.039062 0.059343
0 0.945312 0.695076 0.068182 0.077020
0 0.928267 0.351641 0.068182 0.077020
4 0.803622 0.707702 0.039062 0.059343
3 0.297230 0.648359 0.039062 0.059343
7 0.551491 0.034722 0.039062 0.059343
0 0.040483 0.350379 0.068182 0.077020
3 0.589134 0.734217 0.039062 0.059343
7 0.054332 0.681187 0.039062 0.059343
3 0.969815 0.115530 0.039062 0.059343
1 0.791903 0.124369 0.068182 0.077020
2 0.275923 0.559975 0.029119 0.051768
3 0.102628 0.562500 0.039062 0.059343
2 0.708452 0.751894 0.029119 0.051768
0 0.194602 0.514520 0.068182 0.077020
2 0.444247 0.115530 0.029119 0.051768
2 0.574219 0.306187 0.029119 0.051768
6 0.402344 0.755682 0.039062 0.059343
6 0.832741 0.894571 0.039062 0.059343
4 0.295099 0.073864 0.039062 0.059343
5 0.464844 0.325126 0.039062 0.059343
3 0.050071 0.881944 0.039062 0.059343
1 0.822443 0.481692 0.068182 0.077020
1 0.940341 0.881944 0.068182 0.077020
