4 0.037287 0.897096 0.039062 0.059343
2 0.447088 0.327652 0.029119 0.051768
7 0.086293 0.293561 0.039062 0.059343
8 0.685724 0.472854 0.039062 0.059343
2 0.140270 0.316288 0.029119 0.051768
5 0.774503 0.941288 0.039062 0.059343
1 0.703835 0.698864 0.068182 0.077020
8 0.096236 0.549874 0.039062 0.059343
2 0.175781 0.465278 0.029119 0.051768
5 0.811435 0.035985 0.039062 0.059343
2 0.799361 0.311237 0.029119 0.051768
5 0.691406 0.934975 0.039062 0.059343
6 0.458452 0.133207 0.039062 0.059343
1 0.536932 0.250631 0.068182 0.077020
0 0.331676 0.897096 0.068182 0.077020
2 0.360440 0.273359 0.029119 0.051768
6 0.584162 0.631944 0.039062 0.059343
0 0.160511 0.727904 0.068182 0.077020
3 0.428622 0.871843 0.039062 0.059343
6 0.827060 0.739268 0.039062 0.059343
6 0.440696 0.527146 0.039062 0.059343
4 0.562145 0.559975 0.039062 0.059343
8 0.084162 0.687500 0.039062 0.059343
5 0.722656 0.333965 0.039062 0.059343
6 0.332741 0.061237 0.039062 0.059343
5 0.165838 0.090278 0.039062 0.059343
3 0.823509 0.495581 0.039062 0.059343
8 0.945668 0.457702 0.039062 0.059343
1 0.954545 0.080177 0.068182 0.077020
