1 0.196023 0.889520 0.068182 0.077020
2 0.036577 0.365530 0.029119 0.051768
0 0.715199 0.899621 0.068182 0.077020
2 0.851207 0.254419 0.029119 0.051768
1 0.433239 0.548611 0.068182 0.077020
1 0.289773 0.114268 0.068182 0.077020
0 0.453125 0.864268 0.068182 0.077020
4 0.466264 0.136995 0.039062 0.059343
6 0.467685 0.335227 0.039062 0.059343
3 0.226207 0.657197 0.039062 0.059343
2 0.529474 0.714015 0.029119 0.051768
2 0.081321 0.171086 0.029119 0.051768
0 0.939631 0.336490 0.068182 0.077020
8 0.651634 0.364268 0.039062 0.059343
5 0.785866 0.162247 0.039062 0.059343
2 0.091264 0.875631 0.029119 0.051768
0 0.953125 0.558712 0.068182 0.077020
0 0.915483 0.695076 0.068182 0.077020
1 0.174716 0.549874 0.068182 0.077020
5 0.812855 0.559975 0.039062 0.059343
6 0.333452 0.827652 0.039062 0.059343
6 0.704190 0.727904 0.039062 0.059343
1 0.056108 0.539773 0.068182 0.077020
3 0.832741 0.921086 0.039062 0.059343
2 0.515270 0.143308 0.029119 0.051768
0 0.338068 0.638258 0.068182 0.077020
2 0.066406 0.673611 0.029119 0.051768
4 0.562855 0.464015 0.039062 0.059343
2 0.209872 0.078914 0.029119 0.051768
2 0.925781 0.062500 0.029119 0.051768
4 0.685014 0.068813 0.039062 0.059343
3 0.579901 0.880682 0.039062 0.059343
5 0.907315 0.938763 0.039062 0.059343
