6 0.850497 0.453914 0.039062 0.059343
8 0.560724 0.903409 0.039062 0.059343
1 0.914773 0.309975 0.068182 0.077020
7 0.569247 0.458965 0.039062 0.059343
6 0.817827 0.333965 0.039062 0.059343
1 0.335938 0.094066 0.068182 0.077020
4 0.559304 0.655934 0.039062 0.059343
3 0.104048 0.313763 0.039062 0.059343
3 0.229048 0.037247 0.039062 0.059343
3 0.401634 0.246843 0.039062 0.059343
3 0.341264 0.645833 0.039062 0.059343
3 0.949929 0.904672 0.039062 0.059343
2 0.435014 0.027146 0.029119 0.051768
8 0.785156 0.850379 0.039062 0.059343
5 0.937145 0.722854 0.039062 0.059343
1 0.822443 0.672348 0.068182 0.077020
4 0.471946 0.543561 0.039062 0.059343
3 0.061435 0.736742 0.039062 0.059343
4 0.957031 0.134470 0.039062 0.059343
6 0.035866 0.030934 0.039062 0.059343
