1 0.052557 0.900884 0.068182 0.077020
3 0.716974 0.283460 0.039062 0.059343
2 0.226918 0.753157 0.029119 0.051768
8 0.413707 0.065025 0.039062 0.059343
4 0.721236 0.135732 0.039062 0.059343
4 0.104759 0.712753 0.039062 0.059343
7 0.089134 0.442551 0.039062 0.059343
3 0.655185 0.921086 0.039062 0.059343
6 0.221946 0.359217 0.039062 0.059343
8 0.957031 0.080177 0.039062 0.059343
2 0.775213 0.964015 0.029119 0.051768
2 0.718395 0.645833 0.029119 0.051768
3 0.192116 0.960227 0.039062 0.059343
4 0.327060 0.682449 0.039062 0.059343
4 0.026634 0.274621 0.039062 0.059343
0 0.441051 0.881944 0.068182 0.077020
4 0.348366 0.292298 0.039062 0.059343
4 0.791548 0.238005 0.039062 0.059343
6 0.567827 0.230429 0.039062 0.059343
1 0.946023 0.546086 0.068182 0.077020
6 0.471236 0.509470 0.039062 0.059343
2 0.589134 0.630682 0.029119 0.051768
3 0.839844 0.048611 0.039062 0.059343
3 0.525923 0.083965 0.039062 0.059343
1 0.568892 0.513258 0.068182 0.077020
7 0.790128 0.522096 0.039062 0.059343
4 0.842685 0.760732 0.039062 0.059343
2 0.894531 0.275884 0.029119 0.051768
1 0.544034 0.943813 0.068182 0.077020
6 0.395952 0.631944 0.039062 0.059343
8 0.969815 0.692551 0.039062 0.059343
0 0.708807 0.488005 0.068182 0.077020
1 0.210938 0.455177 0.068182 0.077020
3 0.351207 0.138258 0.039062 0.059343
2 0.405895 0.261995 0.029119 0.051768
0 0.069602 0.041035 0.068182 0.077020
0 0.338068 0.547348 0.068182 0.077020
0 0.931818 0.881944 0.068182 0.077020
4 0.182173 0.053662 0.039062 0.059343
