4 0.403054 0.109217 0.039062 0.059343
3 0.319247 0.677399 0.039062 0.059343
5 0.787997 0.254419 0.039062 0.059343
3 0.528764 0.116793 0.039062 0.059343
5 0.182884 0.275884 0.039062 0.059343
2 0.658736 0.272096 0.029119 0.051768
7 0.905185 0.676136 0.039062 0.059343
2 0.655185 0.859217 0.029119 0.051768
5 0.462003 0.951389 0.039062 0.059343
8 0.350497 0.272096 0.039062 0.059343
7 0.047940 0.296086 0.039062 0.059343
8 0.847656 0.712753 0.039062 0.059343
8 0.834872 0.500631 0.039062 0.059343
5 0.287287 0.120581 0.039062 0.059343
4 0.287997 0.844066 0.039062 0.059343
3 0.799361 0.885732 0.039062 0.059343
6 0.040128 0.932449 0.039062 0.059343
4 0.707741 0.722854 0.039062 0.059343
0 0.784091 0.136995 0.068182 0.077020
8 0.229048 0.154672 0.039062 0.059343
8 0.050781 0.436237 0.039062 0.059343
1 0.180398 0.488005 0.068182 0.077020
3 0.651634 0.464015 0.039062 0.059343
3 0.314276 0.457702 0.039062 0.059343
6 0.525923 0.436237 0.039062 0.059343
6 0.904474 0.849116 0.039062 0.059343
0 0.691051 0.154672 0.068182 0.077020
5 0.080611 0.673611 0.039062 0.059343
2 0.459872 0.567551 0.029119 0.051768
0 0.419034 0.326389 0.068182 0.077020
3 0.574929 0.634470 0.039062 0.059343
8 0.520241 0.840278 0.039062 0.059343
4 0.094815 0.100379 0.039062 0.059343
8 0.963423 0.092803 0.039062 0.059343
6 0.974787 0.236742 0.039062 0.059343
5 0.182173 0.731692 0.039062 0.059343
1 0.433239 0.683712 0.068182 0.077020
5 0.183594 0.945076 0.039062 0.059343
6 0.976918 0.434975 0.039062 0.059343
6 0.557173 0.232955 0.039062 0.059343
