7 0.087003 0.558712 0.039062 0.059343
8 0.655185 0.352904 0.039062 0.059343
8 0.536577 0.711490 0.039062 0.059343
1 0.838778 0.874369 0.068182 0.077020
0 0.581676 0.077652 0.068182 0.077020
1 0.784801 0.048611 0.068182 0.077020
5 0.317827 0.494318 0.039062 0.059343
3 0.432173 0.958965 0.039062 0.059343
3 0.699219 0.946338 0.039062 0.059343
8 0.043679 0.105429 0.039062 0.059343
0 0.333097 0.700126 0.068182 0.077020
0 0.581676 0.469066 0.068182 0.077020
4 0.899503 0.841540 0.039062 0.059343
3 0.796520 0.657197 0.039062 0.059343
0 0.181818 0.934975 0.068182 0.077020
0 0.050426 0.875631 0.068182 0.077020
1 0.206676 0.557449 0.068182 0.077020
8 0.176491 0.121843 0.039062 0.059343
3 0.917969 0.441288 0.039062 0.059343
5 0.305043 0.864268 0.039062 0.059343
0 0.956676 0.721591 0.068182 0.077020
7 0.596946 0.918561 0.039062 0.059343
2 0.216264 0.226641 0.029119 0.051768
3 0.424361 0.059975 0.039062 0.059343
4 0.853338 0.477904 0.039062 0.059343
8 0.459162 0.315025 0.039062 0.059343
6 0.442116 0.447601 0.039062 0.059343
6 0.834162 0.239268 0.039062 0.059343
7 0.172230 0.636995 0.039062 0.059343
0 0.071023 0.701389 0.068182 0.077020
3 0.895241 0.032197 0.039062 0.059343
0 0.534091 0.297348 0.068182 0.077020
