2 0.735440 0.553662 0.029119 0.051768
2 0.282315 0.339015 0.029119 0.051768
5 0.962003 0.556187 0.039062 0.059343
2 0.890270 0.855429 0.029119 0.051768
8 0.411577 0.099116 0.039062 0.059343
2 0.409446 0.510732 0.029119 0.051768
6 0.200639 0.854167 0.039062 0.059343
4 0.085582 0.897096 0.039062 0.059343
6 0.832741 0.703914 0.039062 0.059343
7 0.539418 0.921086 0.039062 0.059343
0 0.693182 0.104167 0.068182 0.077020
6 0.186435 0.288510 0.039062 0.059343
6 0.406605 0.965278 0.039062 0.059343
8 0.578480 0.523359 0.039062 0.059343
6 0.816406 0.900884 0.039062 0.059343
3 0.778054 0.349116 0.039062 0.059343
7 0.354759 0.442551 0.039062 0.059343
8 0.065696 0.292298 0.039062 0.059343
3 0.088423 0.517045 0.039062 0.059343
8 0.973366 0.337753 0.039062 0.059343
1 0.570312 0.256944 0.068182 0.077020
5 0.699219 0.241793 0.039062 0.059343
8 0.169389 0.111742 0.039062 0.059343
