1 0.941051 0.238005 0.068182 0.077020
6 0.704901 0.246843 0.039062 0.059343
2 0.732599 0.828914 0.029119 0.051768
0 0.311080 0.845328 0.068182 0.077020
8 0.793679 0.633207 0.039062 0.059343
4 0.652344 0.719066 0.039062 0.059343
5 0.681463 0.135732 0.039062 0.059343
5 0.577060 0.328914 0.039062 0.059343
6 0.686435 0.533460 0.039062 0.059343
8 0.969815 0.515783 0.039062 0.059343
2 0.152344 0.918561 0.029119 0.051768
4 0.286577 0.243056 0.039062 0.059343
0 0.917614 0.155934 0.068182 0.077020
5 0.408026 0.630682 0.039062 0.059343
5 0.344105 0.682449 0.039062 0.059343
5 0.460582 0.841540 0.039062 0.059343
7 0.304332 0.030934 0.039062 0.059343
7 0.957031 0.854167 0.039062 0.059343
5 0.036577 0.061237 0.039062 0.059343
1 0.166903 0.706439 0.068182 0.077020
2 0.550781 0.148359 0.029119 0.051768
6 0.560014 0.865530 0.039062 0.059343
4 0.209872 0.316288 0.039062 0.059343
3 0.174361 0.148359 0.039062 0.059343
7 0.596946 0.448864 0.039062 0.059343
0 0.453125 0.072601 0.068182 0.077020
2 0.931463 0.687500 0.029119 0.051768
0 0.825284 0.842803 0.068182 0.077020
1 0.085938 0.871843 0.068182 0.077020
8 0.040838 0.760732 0.039062 0.059343
7 0.058594 0.287247 0.039062 0.059343
3 0.424361 0.498106 0.039062 0.059343
8 0.400213 0.313763 0.039062 0.059343
7 0.176491 0.499369 0.039062 0.059343
7 0.324929 0.530934 0.039062 0.059343
2 0.053622 0.470328 0.029119 0.051768
5 0.849077 0.491793 0.039062 0.059343
