2 0.937145 0.897096 0.029119 0.051768
4 0.076349 0.658460 0.039062 0.059343
4 0.317116 0.895833 0.039062 0.059343
4 0.037997 0.559975 0.039062 0.059343
4 0.083452 0.898359 0.039062 0.059343
1 0.688920 0.515783 0.068182 0.077020
8 0.401634 0.438763 0.039062 0.059343
0 0.931818 0.308712 0.068182 0.077020
4 0.419389 0.265783 0.039062 0.059343
2 0.660866 0.677399 0.029119 0.051768
5 0.224787 0.063763 0.039062 0.059343
5 0.560724 0.111742 0.039062 0.059343
3 0.805753 0.964015 0.039062 0.059343
4 0.542969 0.652146 0.039062 0.059343
6 0.719105 0.250631 0.039062 0.059343
4 0.557884 0.434975 0.039062 0.059343
6 0.310014 0.549874 0.039062 0.059343
6 0.470526 0.048611 0.039062 0.059343
6 0.849787 0.537247 0.039062 0.059343
4 0.273793 0.717803 0.039062 0.059343
7 0.547940 0.947601 0.039062 0.059343
5 0.192116 0.743056 0.039062 0.059343
5 0.040838 0.313763 0.039062 0.059343
8 0.895241 0.501894 0.039062 0.059343
2 0.849787 0.318813 0.029119 0.051768
3 0.322798 0.143308 0.039062 0.059343
7 0.689986 0.868056 0.039062 0.059343
3 0.469105 0.643308 0.039062 0.059343
1 0.787642 0.660985 0.068182 0.077020
1 0.948864 0.083965 0.068182 0.077020
