0 0.667614 0.745581 0.068182 0.077020
1 0.462358 0.360480 0.068182 0.077020
6 0.814986 0.567551 0.039062 0.059343
0 0.573864 0.455177 0.068182 0.077020
8 0.089844 0.960227 0.039062 0.059343
0 0.062500 0.682449 0.068182 0.077020
4 0.660866 0.886995 0.039062 0.059343
4 0.964134 0.245581 0.039062 0.059343
6 0.946378 0.551136 0.039062 0.059343
4 0.530895 0.833965 0.039062 0.059343
4 0.194957 0.350379 0.039062 0.059343
2 0.707741 0.234217 0.029119 0.051768
2 0.221946 0.556187 0.029119 0.051768
1 0.573864 0.100379 0.068182 0.077020
3 0.091974 0.368056 0.039062 0.059343
0 0.669034 0.109217 0.068182 0.077020
3 0.784446 0.731692 0.039062 0.059343
5 0.035866 0.522096 0.039062 0.059343
1 0.428977 0.519571 0.068182 0.077020
2 0.408026 0.056187 0.029119 0.051768
3 0.200639 0.918561 0.039062 0.059343
7 0.562855 0.306187 0.039062 0.059343
5 0.349077 0.291035 0.039062 0.059343
