2 0.971946 0.460227 0.029119 0.051768
3 0.330611 0.765783 0.039062 0.059343
2 0.599787 0.649621 0.029119 0.051768
2 0.468395 0.533460 0.029119 0.051768
2 0.660866 0.229167 0.029119 0.051768
7 0.942827 0.708965 0.039062 0.059343
7 0.423651 0.859217 0.039062 0.059343
1 0.183949 0.154672 0.068182 0.077020
5 0.270952 0.032197 0.039062 0.059343
2 0.846946 0.278409 0.029119 0.051768
6 0.840554 0.763258 0.039062 0.059343
8 0.162287 0.767045 0.039062 0.059343
1 0.836648 0.495581 0.068182 0.077020
2 0.484020 0.638258 0.029119 0.051768
0 0.292614 0.450126 0.068182 0.077020
2 0.982599 0.164773 0.029119 0.051768
2 0.290838 0.335227 0.029119 0.051768
0 0.813210 0.097854 0.068182 0.077020
3 0.089844 0.126894 0.039062 0.059343
1 0.571023 0.350379 0.068182 0.077020
0 0.036932 0.722854 0.068182 0.077020
6 0.714844 0.480429 0.039062 0.059343
4 0.673651 0.030934 0.039062 0.059343
8 0.469815 0.116793 0.039062 0.059343
7 0.082031 0.905934 0.039062 0.059343
3 0.704190 0.951389 0.039062 0.059343
5 0.055043 0.291035 0.039062 0.059343
3 0.927912 0.965278 0.039062 0.059343
2 0.147372 0.307449 0.029119 0.051768
7 0.593395 0.837753 0.039062 0.059343
