7 0.438565 0.317551 0.039062 0.059343
6 0.302912 0.534722 0.039062 0.059343
7 0.704901 0.471591 0.039062 0.059343
1 0.713068 0.707702 0.068182 0.077020
2 0.828480 0.461490 0.029119 0.051768
2 0.573509 0.508207 0.029119 0.051768
3 0.677202 0.034722 0.039062 0.059343
4 0.328480 0.635732 0.039062 0.059343
6 0.048651 0.908460 0.039062 0.059343
1 0.306108 0.355429 0.068182 0.077020
4 0.939276 0.692551 0.039062 0.059343
6 0.840554 0.895833 0.039062 0.059343
3 0.184304 0.101641 0.039062 0.059343
5 0.587003 0.254419 0.039062 0.059343
8 0.930753 0.101641 0.039062 0.059343
4 0.025923 0.565025 0.039062 0.059343
7 0.036577 0.048611 0.039062 0.059343
0 0.924716 0.283460 0.068182 0.077020
0 0.179688 0.289773 0.068182 0.077020
6 0.324219 0.097854 0.039062 0.059343
1 0.065341 0.754419 0.068182 0.077020
