3 0.680753 0.258207 0.039062 0.059343
7 0.318537 0.032197 0.039062 0.059343
0 0.784801 0.893308 0.068182 0.077020
0 0.962358 0.854167 0.068182 0.077020
6 0.283736 0.289773 0.039062 0.059343
8 0.224077 0.902146 0.039062 0.059343
6 0.073509 0.650884 0.039062 0.059343
5 0.551491 0.042298 0.039062 0.059343
6 0.974787 0.294823 0.039062 0.059343
7 0.956321 0.159722 0.039062 0.059343
5 0.526634 0.910985 0.039062 0.059343
3 0.429332 0.279672 0.039062 0.059343
3 0.314276 0.869318 0.039062 0.059343
0 0.570312 0.253157 0.068182 0.077020
6 0.521662 0.432449 0.039062 0.059343
3 0.686435 0.089015 0.039062 0.059343
6 0.446378 0.857955 0.039062 0.059343
6 0.297940 0.761995 0.039062 0.059343
2 0.283736 0.568813 0.029119 0.051768
1 0.796875 0.445076 0.068182 0.077020
3 0.091974 0.907197 0.039062 0.059343
8 0.073509 0.474116 0.039062 0.059343
1 0.537642 0.758207 0.068182 0.077020
3 0.214134 0.030934 0.039062 0.059343
6 0.708452 0.727904 0.039062 0.059343
