7 0.092685 0.719066 0.039062 0.059343
4 0.824929 0.514520 0.039062 0.059343
1 0.821733 0.059975 0.068182 0.077020
4 0.706321 0.667298 0.039062 0.059343
8 0.073509 0.558712 0.039062 0.059343
2 0.042969 0.363005 0.029119 0.051768
3 0.209162 0.086490 0.039062 0.059343
6 0.805753 0.649621 0.039062 0.059343
5 0.572798 0.563763 0.039062 0.059343
6 0.176491 0.878157 0.039062 0.059343
4 0.430753 0.054924 0.039062 0.059343
8 0.785866 0.841540 0.039062 0.059343
4 0.440696 0.501894 0.039062 0.059343
4 0.398082 0.253157 0.039062 0.059343
3 0.147372 0.466540 0.039062 0.059343
2 0.910866 0.130682 0.029119 0.051768
0 0.301847 0.955177 0.068182 0.077020
4 0.912997 0.961490 0.039062 0.059343
2 0.963423 0.299874 0.029119 0.051768
6 0.541548 0.317551 0.039062 0.059343
5 0.570668 0.032197 0.039062 0.059343
6 0.794389 0.275884 0.039062 0.059343
4 0.662997 0.047348 0.039062 0.059343
6 0.195668 0.304924 0.039062 0.059343
0 0.328835 0.043561 0.068182 0.077020
3 0.724077 0.850379 0.039062 0.059343
5 0.462713 0.910985 0.039062 0.059343
6 0.951349 0.508207 0.039062 0.059343
7 0.953480 0.634470 0.039062 0.059343
0 0.320312 0.748106 0.068182 0.077020
3 0.295099 0.299874 0.039062 0.059343
3 0.029474 0.154672 0.039062 0.059343
8 0.657315 0.453914 0.039062 0.059343
