4 0.804332 0.145833 0.039062 0.059343
3 0.288707 0.104167 0.039062 0.059343
8 0.956321 0.926136 0.039062 0.059343
1 0.186790 0.054924 0.068182 0.077020
4 0.172230 0.341540 0.039062 0.059343
0 0.186080 0.496843 0.068182 0.077020
5 0.077770 0.136995 0.039062 0.059343
7 0.047940 0.544823 0.039062 0.059343
8 0.905895 0.317551 0.039062 0.059343
6 0.585582 0.436237 0.039062 0.059343
1 0.574574 0.330177 0.068182 0.077020
4 0.318537 0.942551 0.039062 0.059343
4 0.479759 0.261995 0.039062 0.059343
5 0.958452 0.745581 0.039062 0.059343
2 0.518821 0.658460 0.029119 0.051768
3 0.794389 0.498106 0.039062 0.059343
8 0.077060 0.234217 0.039062 0.059343
1 0.197443 0.640783 0.068182 0.077020
5 0.149503 0.953914 0.039062 0.059343
5 0.729048 0.556187 0.039062 0.059343
0 0.295455 0.740530 0.068182 0.077020
1 0.461648 0.922348 0.068182 0.077020
2 0.431463 0.696338 0.029119 0.051768
6 0.045099 0.633207 0.039062 0.059343
8 0.717685 0.230429 0.039062 0.059343
2 0.830611 0.934975 0.029119 0.051768
