4 0.410866 0.674874 0.039062 0.059343
3 0.966974 0.149621 0.039062 0.059343
1 0.691761 0.953914 0.068182 0.077020
7 0.937855 0.357955 0.039062 0.059343
2 0.068537 0.523359 0.029119 0.051768
8 0.944247 0.666035 0.039062 0.059343
1 0.284091 0.115530 0.068182 0.077020
0 0.818182 0.128157 0.068182 0.077020
6 0.155895 0.953914 0.039062 0.059343
2 0.350497 0.688763 0.029119 0.051768
5 0.575639 0.052399 0.039062 0.059343
6 0.099787 0.951389 0.039062 0.059343
3 0.316406 0.352904 0.039062 0.059343
4 0.461293 0.916035 0.039062 0.059343
0 0.199574 0.110480 0.068182 0.077020
0 0.457386 0.053662 0.068182 0.077020
8 0.033026 0.293561 0.039062 0.059343
1 0.556818 0.532197 0.068182 0.077020
0 0.963778 0.546086 0.068182 0.077020
5 0.398793 0.303662 0.039062 0.059343
2 0.292259 0.424874 0.029119 0.051768
2 0.219105 0.658460 0.029119 0.051768
2 0.967685 0.957702 0.029119 0.051768
3 0.541548 0.758207 0.039062 0.059343
5 0.709872 0.042298 0.039062 0.059343
1 0.833807 0.311237 0.068182 0.077020
7 0.689276 0.279672 0.039062 0.059343
2 0.533736 0.285985 0.029119 0.051768
6 0.714844 0.496843 0.039062 0.059343
