3 0.648793 0.495581 0.039062 0.059343
2 0.914418 0.527146 0.029119 0.051768
0 0.174006 0.542298 0.068182 0.077020
3 0.289418 0.447601 0.039062 0.059343
5 0.034446 0.727904 0.039062 0.059343
1 0.458097 0.739268 0.068182 0.077020
2 0.921520 0.160985 0.029119 0.051768
7 0.773793 0.452652 0.039062 0.059343
0 0.439631 0.279672 0.068182 0.077020
1 0.463068 0.957702 0.068182 0.077020
4 0.811435 0.717803 0.039062 0.059343
5 0.101207 0.339015 0.039062 0.059343
3 0.777344 0.155934 0.039062 0.059343
4 0.587003 0.835227 0.039062 0.059343
6 0.204190 0.714015 0.039062 0.059343
5 0.705611 0.351641 0.039062 0.059343
2 0.291548 0.225379 0.029119 0.051768
1 0.582386 0.123106 0.068182 0.077020
0 0.203835 0.885732 0.068182 0.077020
7 0.596236 0.355429 0.039062 0.059343
