2 0.207031 0.899621 0.029119 0.051768
5 0.398793 0.527146 0.039062 0.059343
5 0.420810 0.688763 0.039062 0.059343
4 0.020952 0.765783 0.039062 0.059343
7 0.834872 0.950126 0.039062 0.059343
8 0.478338 0.125631 0.039062 0.059343
8 0.949219 0.099116 0.039062 0.059343
0 0.558949 0.333965 0.068182 0.077020
8 0.651634 0.436237 0.039062 0.059343
0 0.832386 0.294823 0.068182 0.077020
0 0.177557 0.652146 0.068182 0.077020
4 0.037287 0.091540 0.039062 0.059343
1 0.660511 0.054924 0.068182 0.077020
6 0.817116 0.475379 0.039062 0.059343
7 0.966264 0.277146 0.039062 0.059343
2 0.164418 0.264520 0.029119 0.051768
8 0.571378 0.143308 0.039062 0.059343
5 0.076349 0.551136 0.039062 0.059343
2 0.813565 0.755682 0.029119 0.051768
2 0.680753 0.743056 0.029119 0.051768
2 0.323509 0.471591 0.029119 0.051768
2 0.908026 0.940025 0.029119 0.051768
6 0.895952 0.434975 0.039062 0.059343
4 0.584872 0.527146 0.039062 0.059343
8 0.042259 0.962753 0.039062 0.059343
0 0.205966 0.508207 0.068182 0.077020
8 0.301491 0.658460 0.039062 0.059343
0 0.453125 0.249369 0.068182 0.077020
4 0.296520 0.890783 0.039062 0.059343
