3 0.462003 0.482955 0.039062 0.059343
8 0.439276 0.049874 0.039062 0.059343
7 0.437145 0.850379 0.039062 0.059343
0 0.175426 0.056187 0.068182 0.077020
5 0.520952 0.690025 0.039062 0.059343
6 0.805753 0.097854 0.039062 0.059343
2 0.692116 0.082702 0.029119 0.051768
1 0.289773 0.307449 0.068182 0.077020
7 0.329190 0.863005 0.039062 0.059343
6 0.047230 0.355429 0.039062 0.059343
6 0.809304 0.368056 0.039062 0.059343
6 0.230469 0.755682 0.039062 0.059343
8 0.198509 0.438763 0.039062 0.059343
6 0.090554 0.471591 0.039062 0.059343
2 0.927912 0.506944 0.029119 0.051768
1 0.663352 0.270833 0.068182 0.077020
1 0.953125 0.107955 0.068182 0.077020
2 0.668679 0.695076 0.029119 0.051768
5 0.910156 0.889520 0.039062 0.059343
1 0.173295 0.929924 0.068182 0.077020
5 0.092685 0.081439 0.039062 0.059343
8 0.092685 0.868056 0.039062 0.059343
2 0.402344 0.245581 0.029119 0.051768
