8 0.568537 0.341540 0.039062 0.059343
5 0.275213 0.109217 0.039062 0.059343
1 0.926847 0.157197 0.068182 0.077020
8 0.709872 0.640783 0.039062 0.059343
5 0.070668 0.453914 0.039062 0.059343
4 0.851918 0.280934 0.039062 0.059343
0 0.551136 0.552399 0.068182 0.077020
5 0.049361 0.119318 0.039062 0.059343
1 0.213778 0.642045 0.068182 0.077020
1 0.911222 0.714015 0.068182 0.077020
7 0.172230 0.301136 0.039062 0.059343
8 0.179332 0.499369 0.039062 0.059343
4 0.648082 0.518308 0.039062 0.059343
0 0.835938 0.080177 0.068182 0.077020
4 0.689276 0.297348 0.039062 0.059343
1 0.588778 0.716540 0.068182 0.077020
1 0.036932 0.880682 0.068182 0.077020
2 0.062145 0.660985 0.029119 0.051768
0 0.419744 0.113005 0.068182 0.077020
6 0.815696 0.506944 0.039062 0.059343
8 0.660156 0.899621 0.039062 0.059343
8 0.922230 0.846591 0.039062 0.059343
3 0.572088 0.830177 0.039062 0.059343
1 0.826705 0.841540 0.068182 0.077020
7 0.803622 0.708965 0.039062 0.059343
6 0.531605 0.038510 0.039062 0.059343
1 0.945312 0.315025 0.068182 0.077020
5 0.452060 0.510732 0.039062 0.059343
6 0.354048 0.347854 0.039062 0.059343
5 0.980469 0.557449 0.039062 0.059343
0 0.316051 0.706439 0.068182 0.077020
7 0.211293 0.118056 0.039062 0.059343
7 0.726207 0.107955 0.039062 0.059343
3 0.435724 0.849116 0.039062 0.059343
