4 0.448509 0.869318 0.039062 0.059343
0 0.666903 0.438763 0.068182 0.077020
5 0.436435 0.566288 0.039062 0.059343
1 0.830256 0.352904 0.068182 0.077020
8 0.926491 0.874369 0.039062 0.059343
6 0.463423 0.740530 0.039062 0.059343
3 0.294389 0.740530 0.039062 0.059343
3 0.805043 0.835227 0.039062 0.059343
3 0.979048 0.235480 0.039062 0.059343
6 0.271662 0.260732 0.039062 0.059343
7 0.051491 0.491793 0.039062 0.059343
7 0.675071 0.642045 0.039062 0.059343
3 0.221946 0.700126 0.039062 0.059343
2 0.359020 0.043561 0.029119 0.051768
3 0.076349 0.677399 0.039062 0.059343
2 0.765980 0.732955 0.029119 0.051768
1 0.577415 0.254419 0.068182 0.077020
0 0.936080 0.679924 0.068182 0.077020
4 0.726918 0.062500 0.039062 0.059343
2 0.306463 0.537247 0.029119 0.051768
2 0.915128 0.131944 0.029119 0.051768
7 0.150213 0.070076 0.039062 0.059343
1 0.176847 0.307449 0.068182 0.077020
3 0.157315 0.958965 0.039062 0.059343
