4 0.773082 0.229167 0.039062 0.059343
7 0.194957 0.312500 0.039062 0.059343
0 0.941051 0.477904 0.068182 0.077020
4 0.170810 0.726641 0.039062 0.059343
6 0.689986 0.842803 0.039062 0.059343
0 0.465909 0.327652 0.068182 0.077020
8 0.846946 0.138258 0.039062 0.059343
0 0.458097 0.952652 0.068182 0.077020
8 0.717685 0.756944 0.039062 0.059343
0 0.948153 0.916035 0.068182 0.077020
1 0.339489 0.717803 0.068182 0.077020
7 0.910866 0.322601 0.039062 0.059343
7 0.545810 0.042298 0.039062 0.059343
3 0.199219 0.166035 0.039062 0.059343
7 0.454190 0.505682 0.039062 0.059343
1 0.556818 0.546086 0.068182 0.077020
0 0.176136 0.918561 0.068182 0.077020
5 0.275213 0.481692 0.039062 0.059343
6 0.801491 0.539773 0.039062 0.059343
1 0.707386 0.068813 0.068182 0.077020
3 0.462713 0.748106 0.039062 0.059343
6 0.936435 0.051136 0.039062 0.059343
0 0.692472 0.360480 0.068182 0.077020
5 0.074929 0.118056 0.039062 0.059343
6 0.313565 0.952652 0.039062 0.059343
0 0.079545 0.955177 0.068182 0.077020
5 0.096946 0.265783 0.039062 0.059343
8 0.922940 0.629419 0.039062 0.059343
6 0.587713 0.307449 0.039062 0.059343
5 0.784446 0.690025 0.039062 0.059343
3 0.320668 0.287247 0.039062 0.059343
2 0.158026 0.547348 0.029119 0.051768
2 0.652344 0.544823 0.029119 0.051768
8 0.435014 0.096591 0.039062 0.059343
2 0.322798 0.063763 0.029119 0.051768
7 0.851207 0.878157 0.039062 0.059343
8 0.104048 0.532197 0.039062 0.059343
2 0.565696 0.625631 0.029119 0.051768
0 0.090199 0.692551 0.068182 0.077020
