4 0.399503 0.678662 0.039062 0.059343
2 0.163707 0.964015 0.029119 0.051768
0 0.550426 0.746843 0.068182 0.077020
0 0.286932 0.938763 0.068182 0.077020
3 0.969105 0.056187 0.039062 0.059343
2 0.577770 0.443813 0.029119 0.051768
2 0.031605 0.498106 0.029119 0.051768
4 0.272372 0.645833 0.039062 0.059343
7 0.028764 0.232955 0.039062 0.059343
5 0.223366 0.738005 0.039062 0.059343
2 0.300071 0.566288 0.029119 0.051768
7 0.672230 0.078914 0.039062 0.059343
5 0.424361 0.120581 0.039062 0.059343
1 0.829545 0.932449 0.068182 0.077020
7 0.676491 0.888258 0.039062 0.059343
2 0.324219 0.278409 0.029119 0.051768
1 0.944602 0.658460 0.068182 0.077020
3 0.655185 0.508207 0.039062 0.059343
4 0.394531 0.543561 0.039062 0.059343
0 0.559659 0.916035 0.068182 0.077020
2 0.057884 0.874369 0.029119 0.051768
0 0.824574 0.071338 0.068182 0.077020
3 0.648082 0.660985 0.039062 0.059343
0 0.567472 0.130682 0.068182 0.077020
2 0.407315 0.852904 0.029119 0.051768
8 0.031605 0.110480 0.039062 0.059343
7 0.548651 0.282197 0.039062 0.059343
3 0.917969 0.852904 0.039062 0.059343
0 0.918324 0.551136 0.068182 0.077020
