3 0.319247 0.147096 0.039062 0.059343
0 0.298295 0.873106 0.068182 0.077020
7 0.839844 0.658460 0.039062 0.059343
5 0.673651 0.753157 0.039062 0.059343
1 0.944602 0.102904 0.068182 0.077020
6 0.580611 0.267045 0.039062 0.059343
1 0.830256 0.902146 0.068182 0.077020
5 0.181463 0.289773 0.039062 0.059343
1 0.947443 0.668561 0.068182 0.077020
4 0.682884 0.541035 0.039062 0.059343
4 0.458452 0.120581 0.039062 0.059343
0 0.590199 0.437500 0.068182 0.077020
4 0.774503 0.330177 0.039062 0.059343
0 0.941051 0.847854 0.068182 0.077020
0 0.290483 0.352904 0.068182 0.077020
8 0.086293 0.244318 0.039062 0.059343
6 0.043679 0.873106 0.039062 0.059343
0 0.180398 0.480429 0.068182 0.077020
3 0.706321 0.140783 0.039062 0.059343
5 0.895952 0.352904 0.039062 0.059343
7 0.547230 0.884470 0.039062 0.059343
8 0.844105 0.029672 0.039062 0.059343
0 0.050426 0.506944 0.068182 0.077020
6 0.455611 0.244318 0.039062 0.059343
6 0.954901 0.518308 0.039062 0.059343
7 0.659446 0.898359 0.039062 0.059343
3 0.152344 0.087753 0.039062 0.059343
0 0.082386 0.135732 0.068182 0.077020
6 0.431463 0.659722 0.039062 0.059343
3 0.527344 0.710227 0.039062 0.059343
0 0.459517 0.549874 0.068182 0.077020
5 0.355469 0.644571 0.039062 0.059343
6 0.805753 0.450126 0.039062 0.059343
1 0.289062 0.519571 0.068182 0.077020
6 0.178622 0.700126 0.039062 0.059343
5 0.714134 0.243056 0.039062 0.059343
