1 0.801847 0.886995 0.068182 0.077020
8 0.068537 0.039773 0.039062 0.059343
7 0.185014 0.280934 0.039062 0.059343
4 0.102628 0.291035 0.039062 0.059343
0 0.659091 0.333965 0.068182 0.077020
6 0.652344 0.509470 0.039062 0.059343
0 0.921165 0.735480 0.068182 0.077020
7 0.215554 0.830177 0.039062 0.059343
3 0.922230 0.293561 0.039062 0.059343
0 0.458097 0.451389 0.068182 0.077020
2 0.595526 0.895833 0.029119 0.051768
5 0.697088 0.841540 0.039062 0.059343
1 0.318182 0.729167 0.068182 0.077020
4 0.476918 0.278409 0.039062 0.059343
1 0.801136 0.642045 0.068182 0.077020
0 0.913352 0.528409 0.068182 0.077020
0 0.665483 0.683712 0.068182 0.077020
8 0.599077 0.152146 0.039062 0.059343
6 0.464134 0.095328 0.039062 0.059343
0 0.053267 0.869318 0.068182 0.077020
1 0.541903 0.256944 0.068182 0.077020
3 0.909446 0.044823 0.039062 0.059343
2 0.849787 0.369318 0.029119 0.051768
4 0.339134 0.313763 0.039062 0.059343
2 0.300781 0.909722 0.029119 0.051768
2 0.570668 0.693813 0.029119 0.051768
1 0.460227 0.880682 0.068182 0.077020
7 0.177202 0.506944 0.039062 0.059343
5 0.324219 0.519571 0.039062 0.059343
6 0.293679 0.147096 0.039062 0.059343
4 0.805753 0.447601 0.039062 0.059343
3 0.596236 0.534722 0.039062 0.059343
2 0.930753 0.942551 0.029119 0.051768
2 0.817116 0.106692 0.029119 0.051768
1 0.065341 0.493056 0.068182 0.077020
4 0.048651 0.697601 0.039062 0.059343
6 0.198509 0.092803 0.039062 0.059343
