1 0.055398 0.505682 0.068182 0.077020
7 0.898082 0.333965 0.039062 0.059343
3 0.682173 0.365530 0.039062 0.059343
6 0.946378 0.953914 0.039062 0.059343
7 0.080611 0.897096 0.039062 0.059343
1 0.457386 0.475379 0.068182 0.077020
2 0.214844 0.957702 0.029119 0.051768
8 0.275923 0.126894 0.039062 0.059343
6 0.328480 0.755682 0.039062 0.059343
5 0.047230 0.366793 0.039062 0.059343
8 0.903764 0.167298 0.039062 0.059343
7 0.949219 0.673611 0.039062 0.059343
7 0.650213 0.461490 0.039062 0.059343
4 0.552202 0.884470 0.039062 0.059343
0 0.566761 0.552399 0.068182 0.077020
7 0.214844 0.460227 0.039062 0.059343
6 0.601918 0.030934 0.039062 0.059343
2 0.301491 0.371843 0.029119 0.051768
1 0.832386 0.539773 0.068182 0.077020
8 0.719105 0.649621 0.039062 0.059343
1 0.090909 0.082702 0.068182 0.077020
6 0.217685 0.313763 0.039062 0.059343
3 0.815696 0.836490 0.039062 0.059343
6 0.172230 0.169823 0.039062 0.059343
5 0.310014 0.436237 0.039062 0.059343
8 0.941406 0.493056 0.039062 0.059343
5 0.704901 0.850379 0.039062 0.059343
