4 0.346946 0.658460 0.039062 0.059343
6 0.190696 0.557449 0.039062 0.059343
1 0.815341 0.539773 0.068182 0.077020
3 0.046520 0.562500 0.039062 0.059343
4 0.951349 0.658460 0.039062 0.059343
5 0.567827 0.756944 0.039062 0.059343
1 0.337358 0.551136 0.068182 0.077020
4 0.720526 0.865530 0.039062 0.059343
5 0.576349 0.895833 0.039062 0.059343
5 0.930043 0.249369 0.039062 0.059343
2 0.405185 0.039773 0.029119 0.051768
2 0.332741 0.303662 0.029119 0.051768
5 0.055043 0.642045 0.039062 0.059343
1 0.424716 0.636995 0.068182 0.077020
1 0.182528 0.298611 0.068182 0.077020
7 0.062855 0.342803 0.039062 0.059343
6 0.790838 0.344066 0.039062 0.059343
5 0.913707 0.083965 0.039062 0.059343
0 0.296875 0.890783 0.068182 0.077020
3 0.932884 0.455177 0.039062 0.059343
7 0.145952 0.860480 0.039062 0.059343
0 0.431818 0.908460 0.068182 0.077020
4 0.435014 0.330177 0.039062 0.059343
4 0.478338 0.561237 0.039062 0.059343
3 0.812145 0.085227 0.039062 0.059343
2 0.643111 0.556187 0.029119 0.051768
0 0.086648 0.058712 0.068182 0.077020
