7 0.038707 0.511995 0.039062 0.059343
1 0.798295 0.461490 0.068182 0.077020
5 0.327770 0.716540 0.039062 0.059343
1 0.813920 0.293561 0.068182 0.077020
0 0.075994 0.119318 0.068182 0.077020
6 0.474077 0.732955 0.039062 0.059343
1 0.191761 0.532197 0.068182 0.077020
7 0.794389 0.934975 0.039062 0.059343
8 0.088423 0.251894 0.039062 0.059343
2 0.661577 0.048611 0.029119 0.051768
4 0.594105 0.149621 0.039062 0.059343
7 0.058594 0.873106 0.039062 0.059343
4 0.523082 0.857955 0.039062 0.059343
4 0.218395 0.674874 0.039062 0.059343
5 0.716974 0.847854 0.039062 0.059343
0 0.582386 0.346591 0.068182 0.077020
8 0.913707 0.523359 0.039062 0.059343
7 0.789418 0.763258 0.039062 0.059343
8 0.279474 0.931187 0.039062 0.059343
6 0.930753 0.337753 0.039062 0.059343
3 0.306463 0.244318 0.039062 0.059343
3 0.418679 0.267045 0.039062 0.059343
1 0.205256 0.072601 0.068182 0.077020
8 0.177912 0.909722 0.039062 0.059343
1 0.924006 0.957702 0.068182 0.077020
8 0.284446 0.073864 0.039062 0.059343
8 0.582031 0.474116 0.039062 0.059343
7 0.578480 0.753157 0.039062 0.059343
