4 0.187855 0.873106 0.039062 0.059343
7 0.903764 0.758207 0.039062 0.059343
4 0.095526 0.283460 0.039062 0.059343
5 0.354759 0.490530 0.039062 0.059343
5 0.816406 0.472854 0.039062 0.059343
7 0.685014 0.693813 0.039062 0.059343
0 0.063920 0.481692 0.068182 0.077020
1 0.438210 0.160985 0.068182 0.077020
2 0.218395 0.529672 0.029119 0.051768
4 0.521662 0.259470 0.039062 0.059343
0 0.921165 0.130682 0.068182 0.077020
1 0.556108 0.066288 0.068182 0.077020
1 0.053977 0.110480 0.068182 0.077020
6 0.798651 0.258207 0.039062 0.059343
2 0.352628 0.905934 0.029119 0.051768
4 0.426491 0.653409 0.039062 0.059343
2 0.764560 0.071338 0.029119 0.051768
1 0.307528 0.309975 0.068182 0.077020
6 0.148793 0.135732 0.039062 0.059343
4 0.542259 0.748106 0.039062 0.059343
3 0.896662 0.892045 0.039062 0.059343
7 0.191406 0.719066 0.039062 0.059343
3 0.685014 0.115530 0.039062 0.059343
8 0.095526 0.714015 0.039062 0.059343
7 0.814986 0.721591 0.039062 0.059343
