0 0.808949 0.480429 0.068182 0.077020
5 0.961293 0.636995 0.039062 0.059343
6 0.833452 0.323864 0.039062 0.059343
2 0.890980 0.934975 0.029119 0.051768
2 0.932173 0.171086 0.029119 0.051768
2 0.198509 0.756944 0.029119 0.051768
3 0.807173 0.840278 0.039062 0.059343
3 0.158736 0.264520 0.039062 0.059343
5 0.226918 0.142045 0.039062 0.059343
0 0.039062 0.046086 0.068182 0.077020
5 0.596236 0.260732 0.039062 0.059343
6 0.312145 0.841540 0.039062 0.059343
4 0.199929 0.428662 0.039062 0.059343
3 0.349077 0.268308 0.039062 0.059343
1 0.337358 0.447601 0.068182 0.077020
8 0.450639 0.336490 0.039062 0.059343
1 0.838068 0.720328 0.068182 0.077020
1 0.329545 0.118056 0.068182 0.077020
1 0.712358 0.840278 0.068182 0.077020
4 0.938565 0.496843 0.039062 0.059343
6 0.025213 0.904672 0.039062 0.059343
6 0.807173 0.097854 0.039062 0.059343
6 0.690696 0.075126 0.039062 0.059343
3 0.709872 0.517045 0.039062 0.059343
