7 0.917259 0.679924 0.039062 0.059343
1 0.688920 0.504419 0.068182 0.077020
1 0.948864 0.100379 0.068182 0.077020
5 0.464134 0.928662 0.039062 0.059343
4 0.212003 0.719066 0.039062 0.059343
1 0.411932 0.145833 0.068182 0.077020
8 0.279474 0.066288 0.039062 0.059343
3 0.824219 0.861742 0.039062 0.059343
4 0.331321 0.562500 0.039062 0.059343
8 0.572798 0.231692 0.039062 0.059343
0 0.936080 0.559975 0.068182 0.077020
7 0.223366 0.967803 0.039062 0.059343
4 0.191406 0.113005 0.039062 0.059343
6 0.648082 0.078914 0.039062 0.059343
5 0.339844 0.649621 0.039062 0.059343
2 0.912287 0.299874 0.029119 0.051768
4 0.562145 0.711490 0.039062 0.059343
7 0.677202 0.894571 0.039062 0.059343
8 0.700639 0.328914 0.039062 0.059343
2 0.153764 0.332702 0.029119 0.051768
