0 0.088068 0.913510 0.068182 0.077020
1 0.686080 0.534722 0.068182 0.077020
5 0.162997 0.465278 0.039062 0.059343
5 0.229759 0.725379 0.039062 0.059343
4 0.938565 0.938763 0.039062 0.059343
0 0.691761 0.910985 0.068182 0.077020
7 0.529474 0.727904 0.039062 0.059343
2 0.520952 0.933712 0.029119 0.051768
2 0.780185 0.274621 0.029119 0.051768
7 0.579901 0.475379 0.039062 0.059343
2 0.658736 0.703914 0.029119 0.051768
8 0.574929 0.318813 0.039062 0.059343
8 0.212713 0.264520 0.039062 0.059343
1 0.061790 0.511995 0.068182 0.077020
5 0.026634 0.650884 0.039062 0.059343
2 0.786577 0.111742 0.029119 0.051768
4 0.644531 0.272096 0.039062 0.059343
2 0.464134 0.648359 0.029119 0.051768
5 0.291548 0.912247 0.039062 0.059343
7 0.945668 0.653409 0.039062 0.059343
1 0.159801 0.155934 0.068182 0.077020
1 0.946733 0.038510 0.068182 0.077020
6 0.901634 0.518308 0.039062 0.059343
1 0.409801 0.445076 0.068182 0.077020
0 0.197443 0.845328 0.068182 0.077020
8 0.101207 0.255682 0.039062 0.059343
3 0.769531 0.650884 0.039062 0.059343
3 0.724787 0.133207 0.039062 0.059343
