8 0.454190 0.070076 0.039062 0.059343
3 0.104759 0.684975 0.039062 0.059343
3 0.798651 0.647096 0.039062 0.059343
1 0.672585 0.696338 0.068182 0.077020
3 0.479759 0.961490 0.039062 0.059343
5 0.171520 0.552399 0.039062 0.059343
3 0.948509 0.363005 0.039062 0.059343
7 0.170810 0.150884 0.039062 0.059343
8 0.845526 0.962753 0.039062 0.059343
8 0.912287 0.150884 0.039062 0.059343
3 0.077770 0.333965 0.039062 0.059343
7 0.937855 0.522096 0.039062 0.059343
6 0.550781 0.738005 0.039062 0.059343
1 0.790483 0.063763 0.068182 0.077020
7 0.310724 0.559975 0.039062 0.059343
3 0.533026 0.926136 0.039062 0.059343
3 0.057884 0.136995 0.039062 0.059343
2 0.341974 0.681187 0.029119 0.051768
8 0.827060 0.244318 0.039062 0.059343
4 0.565696 0.350379 0.039062 0.059343
6 0.058594 0.909722 0.039062 0.059343
8 0.476207 0.692551 0.039062 0.059343
7 0.322798 0.364268 0.039062 0.059343
0 0.579545 0.152146 0.068182 0.077020
5 0.418679 0.446338 0.039062 0.059343
8 0.349787 0.101641 0.039062 0.059343
7 0.604048 0.445076 0.039062 0.059343
0 0.696733 0.313763 0.068182 0.077020
8 0.168679 0.272096 0.039062 0.059343
0 0.213778 0.729167 0.068182 0.077020
3 0.651634 0.453914 0.039062 0.059343
6 0.797940 0.464015 0.039062 0.059343
4 0.341264 0.832702 0.039062 0.059343
3 0.648082 0.158460 0.039062 0.059343
5 0.721236 0.941288 0.039062 0.059343
8 0.172230 0.881944 0.039062 0.059343
5 0.895952 0.835227 0.039062 0.059343
5 0.455611 0.246843 0.039062 0.059343
