5 0.649503 0.140783 0.039062 0.059343
6 0.096946 0.855429 0.039062 0.059343
2 0.807173 0.863005 0.029119 0.051768
5 0.847656 0.654672 0.039062 0.059343
4 0.281605 0.106692 0.039062 0.059343
7 0.829901 0.339015 0.039062 0.059343
5 0.962713 0.726641 0.039062 0.059343
1 0.811790 0.056187 0.068182 0.077020
7 0.437855 0.090278 0.039062 0.059343
8 0.471946 0.566288 0.039062 0.059343
7 0.699219 0.649621 0.039062 0.059343
3 0.649503 0.912247 0.039062 0.059343
8 0.564276 0.105429 0.039062 0.059343
0 0.558949 0.486742 0.068182 0.077020
5 0.838423 0.529672 0.039062 0.059343
2 0.194247 0.633207 0.029119 0.051768
8 0.210582 0.289773 0.039062 0.059343
8 0.185014 0.946338 0.039062 0.059343
1 0.045455 0.249369 0.068182 0.077020
7 0.214844 0.147096 0.039062 0.059343
