6 0.327770 0.687500 0.039062 0.059343
6 0.895952 0.669823 0.039062 0.059343
2 0.168679 0.445076 0.029119 0.051768
1 0.090199 0.114268 0.068182 0.077020
4 0.910866 0.532197 0.039062 0.059343
0 0.087358 0.653409 0.068182 0.077020
7 0.520952 0.289773 0.039062 0.059343
8 0.717685 0.438763 0.039062 0.059343
5 0.035156 0.879419 0.039062 0.059343
5 0.202060 0.759470 0.039062 0.059343
1 0.564631 0.669823 0.068182 0.077020
3 0.302912 0.482955 0.039062 0.059343
6 0.712713 0.729167 0.039062 0.059343
0 0.160511 0.154672 0.068182 0.077020
1 0.285511 0.952652 0.068182 0.077020
1 0.443182 0.269571 0.068182 0.077020
2 0.060724 0.533460 0.029119 0.051768
1 0.317472 0.292298 0.068182 0.077020
4 0.427912 0.557449 0.039062 0.059343
0 0.669744 0.840278 0.068182 0.077020
5 0.848366 0.508207 0.039062 0.059343
5 0.437145 0.035985 0.039062 0.059343
3 0.226918 0.863005 0.039062 0.059343
7 0.455611 0.850379 0.039062 0.059343
6 0.827770 0.250631 0.039062 0.059343
1 0.706676 0.134470 0.068182 0.077020
4 0.442827 0.719066 0.039062 0.059343
4 0.531605 0.159722 0.039062 0.059343
