2 0.824219 0.518308 0.029119 0.051768
8 0.826349 0.053662 0.039062 0.059343
2 0.226918 0.073864 0.029119 0.051768
4 0.453480 0.489268 0.039062 0.059343
3 0.667259 0.863005 0.039062 0.059343
5 0.947798 0.500631 0.039062 0.059343
8 0.156605 0.563763 0.039062 0.059343
6 0.295099 0.527146 0.039062 0.059343
3 0.289418 0.100379 0.039062 0.059343
0 0.589489 0.471591 0.068182 0.077020
2 0.647372 0.437500 0.029119 0.051768
7 0.032315 0.065025 0.039062 0.059343
7 0.929332 0.923611 0.039062 0.059343
1 0.584517 0.936237 0.068182 0.077020
2 0.644531 0.263258 0.029119 0.051768
7 0.195668 0.635732 0.039062 0.059343
2 0.785866 0.970328 0.029119 0.051768
5 0.019531 0.345328 0.039062 0.059343
7 0.601207 0.664773 0.039062 0.059343
6 0.156605 0.249369 0.039062 0.059343
8 0.355469 0.693813 0.039062 0.059343
4 0.340554 0.298611 0.039062 0.059343
5 0.671520 0.744318 0.039062 0.059343
8 0.435724 0.368056 0.039062 0.059343
6 0.063565 0.669823 0.039062 0.059343
4 0.420810 0.714015 0.039062 0.059343
2 0.574219 0.365530 0.029119 0.051768
7 0.525213 0.067551 0.039062 0.059343
4 0.228338 0.859217 0.039062 0.059343
0 0.695312 0.158460 0.068182 0.077020
5 0.962003 0.345328 0.039062 0.059343
5 0.082031 0.431187 0.039062 0.059343
2 0.922940 0.092803 0.029119 0.051768
8 0.929332 0.712753 0.039062 0.059343
7 0.103338 0.955177 0.039062 0.059343
7 0.774503 0.254419 0.039062 0.059343
8 0.309304 0.937500 0.039062 0.059343
4 0.448509 0.049874 0.039062 0.059343
4 0.403054 0.849116 0.039062 0.059343
3 0.846946 0.734217 0.039062 0.059343
