2 0.687855 0.905934 0.029119 0.051768
5 0.221236 0.503157 0.039062 0.059343
0 0.827415 0.251894 0.068182 0.077020
2 0.106179 0.044823 0.029119 0.051768
0 0.333807 0.316288 0.068182 0.077020
1 0.691761 0.481692 0.068182 0.077020
6 0.225497 0.759470 0.039062 0.059343
0 0.796875 0.672348 0.068182 0.077020
6 0.344815 0.049874 0.039062 0.059343
6 0.428622 0.077652 0.039062 0.059343
2 0.535156 0.441288 0.029119 0.051768
0 0.922585 0.485480 0.068182 0.077020
3 0.948509 0.071338 0.039062 0.059343
2 0.154474 0.947601 0.029119 0.051768
6 0.475497 0.746843 0.039062 0.059343
4 0.339844 0.472854 0.039062 0.059343
3 0.055753 0.702652 0.039062 0.059343
2 0.544389 0.063763 0.029119 0.051768
8 0.791548 0.451389 0.039062 0.059343
5 0.346236 0.878157 0.039062 0.059343
5 0.833452 0.873106 0.039062 0.059343
5 0.162997 0.070076 0.039062 0.059343
5 0.680753 0.708965 0.039062 0.059343
8 0.581321 0.759470 0.039062 0.059343
5 0.896662 0.831439 0.039062 0.059343
0 0.916903 0.730429 0.068182 0.077020
0 0.456676 0.518308 0.068182 0.077020
1 0.791903 0.139520 0.068182 0.077020
2 0.536577 0.826389 0.029119 0.051768
1 0.586648 0.256944 0.068182 0.077020
6 0.039418 0.294823 0.039062 0.059343
5 0.229759 0.298611 0.039062 0.059343
4 0.075639 0.428662 0.039062 0.059343
4 0.028764 0.934975 0.039062 0.059343
2 0.400213 0.311237 0.029119 0.051768
6 0.701349 0.155934 0.039062 0.059343
8 0.719815 0.294823 0.039062 0.059343
3 0.273793 0.671086 0.039062 0.059343
3 0.969105 0.278409 0.039062 0.059343
6 0.458452 0.897096 0.039062 0.059343
