0 0.410511 0.058712 0.068182 0.077020
4 0.084872 0.479167 0.039062 0.059343
4 0.537997 0.561237 0.039062 0.059343
3 0.151634 0.267045 0.039062 0.059343
2 0.142401 0.893308 0.029119 0.051768
7 0.411577 0.495581 0.039062 0.059343
0 0.958807 0.285985 0.068182 0.077020
5 0.701349 0.756944 0.039062 0.059343
0 0.915483 0.666035 0.068182 0.077020
3 0.692827 0.881944 0.039062 0.059343
7 0.457031 0.249369 0.039062 0.059343
8 0.841974 0.907197 0.039062 0.059343
8 0.344105 0.255682 0.039062 0.059343
5 0.665128 0.042298 0.039062 0.059343
6 0.398082 0.947601 0.039062 0.059343
6 0.922230 0.448864 0.039062 0.059343
0 0.536932 0.087753 0.068182 0.077020
0 0.818892 0.109217 0.068182 0.077020
8 0.526634 0.946338 0.039062 0.059343
1 0.051136 0.147096 0.068182 0.077020
7 0.075639 0.750631 0.039062 0.059343
8 0.290128 0.842803 0.039062 0.059343
1 0.088778 0.246843 0.068182 0.077020
2 0.890980 0.929924 0.029119 0.051768
1 0.331676 0.494318 0.068182 0.077020
2 0.682173 0.457702 0.029119 0.051768
5 0.063565 0.881944 0.039062 0.059343
5 0.297230 0.097854 0.039062 0.059343
3 0.165128 0.559975 0.039062 0.059343
0 0.571733 0.352904 0.068182 0.077020
0 0.942472 0.101641 0.068182 0.077020
