2 0.085582 0.135732 0.029119 0.051768
4 0.421520 0.327652 0.039062 0.059343
2 0.065696 0.302399 0.029119 0.051768
2 0.692827 0.692551 0.029119 0.051768
4 0.528764 0.760732 0.039062 0.059343
1 0.541903 0.265783 0.068182 0.077020
4 0.901634 0.256944 0.039062 0.059343
7 0.405895 0.501894 0.039062 0.059343
5 0.656605 0.116793 0.039062 0.059343
1 0.828125 0.096591 0.068182 0.077020
6 0.423651 0.878157 0.039062 0.059343
1 0.424716 0.107955 0.068182 0.077020
1 0.821023 0.725379 0.068182 0.077020
7 0.281605 0.113005 0.039062 0.059343
1 0.579545 0.952652 0.068182 0.077020
1 0.941051 0.096591 0.068182 0.077020
3 0.176491 0.510732 0.039062 0.059343
5 0.221946 0.099116 0.039062 0.059343
8 0.665838 0.558712 0.039062 0.059343
7 0.324929 0.304924 0.039062 0.059343
0 0.814631 0.476641 0.068182 0.077020
6 0.293679 0.847854 0.039062 0.059343
2 0.055753 0.639520 0.029119 0.051768
4 0.604048 0.559975 0.039062 0.059343
1 0.455966 0.712753 0.068182 0.077020
6 0.144531 0.356692 0.039062 0.059343
6 0.707031 0.304924 0.039062 0.059343
3 0.171520 0.630682 0.039062 0.059343
7 0.288707 0.760732 0.039062 0.059343
2 0.696378 0.952652 0.029119 0.051768
0 0.034091 0.476641 0.068182 0.077020
