7 0.094105 0.065025 0.039062 0.059343
1 0.426136 0.681187 0.068182 0.077020
4 0.947798 0.326389 0.039062 0.059343
5 0.717685 0.875631 0.039062 0.059343
1 0.448864 0.296086 0.068182 0.077020
4 0.282315 0.912247 0.039062 0.059343
8 0.838423 0.461490 0.039062 0.059343
1 0.536222 0.914773 0.068182 0.077020
3 0.673651 0.090278 0.039062 0.059343
6 0.334872 0.116793 0.039062 0.059343
1 0.039773 0.320076 0.068182 0.077020
8 0.815696 0.760732 0.039062 0.059343
2 0.841264 0.075126 0.029119 0.051768
6 0.525213 0.509470 0.039062 0.059343
1 0.215199 0.956439 0.068182 0.077020
5 0.929332 0.566288 0.039062 0.059343
0 0.550426 0.744318 0.068182 0.077020
4 0.087713 0.885732 0.039062 0.059343
7 0.317827 0.246843 0.039062 0.059343
7 0.813565 0.299874 0.039062 0.059343
5 0.924361 0.846591 0.039062 0.059343
0 0.555398 0.326389 0.068182 0.077020
6 0.167969 0.265783 0.039062 0.059343
5 0.545099 0.082702 0.039062 0.059343
8 0.405185 0.114268 0.039062 0.059343
0 0.171165 0.438763 0.068182 0.077020
4 0.795099 0.961490 0.039062 0.059343
3 0.177202 0.759470 0.039062 0.059343
5 0.424361 0.559975 0.039062 0.059343
5 0.439276 0.938763 0.039062 0.059343
6 0.702060 0.522096 0.039062 0.059343
8 0.709162 0.648359 0.039062 0.059343
