6 0.963423 0.086490 0.039062 0.059343
6 0.697798 0.654672 0.039062 0.059343
2 0.899503 0.873106 0.029119 0.051768
4 0.406605 0.871843 0.039062 0.059343
0 0.063920 0.668561 0.068182 0.077020
0 0.060369 0.936237 0.068182 0.077020
2 0.645241 0.125631 0.029119 0.051768
0 0.203835 0.115530 0.068182 0.077020
4 0.297940 0.318813 0.039062 0.059343
2 0.339844 0.046086 0.029119 0.051768
7 0.043679 0.250631 0.039062 0.059343
0 0.162642 0.908460 0.068182 0.077020
4 0.933594 0.443813 0.039062 0.059343
1 0.464489 0.056187 0.068182 0.077020
1 0.325284 0.658460 0.068182 0.077020
3 0.294389 0.476641 0.039062 0.059343
7 0.454190 0.652146 0.039062 0.059343
7 0.834872 0.681187 0.039062 0.059343
0 0.568182 0.313763 0.068182 0.077020
2 0.975497 0.719066 0.029119 0.051768
0 0.536222 0.126894 0.068182 0.077020
1 0.923295 0.294823 0.068182 0.077020
8 0.714134 0.900884 0.039062 0.059343
5 0.438565 0.535985 0.039062 0.059343
8 0.542969 0.667298 0.039062 0.059343
7 0.547230 0.547348 0.039062 0.059343
7 0.174361 0.764520 0.039062 0.059343
1 0.784801 0.258207 0.068182 0.077020
5 0.147372 0.433712 0.039062 0.059343
5 0.170099 0.331439 0.039062 0.059343
4 0.835582 0.087753 0.039062 0.059343
7 0.659446 0.280934 0.039062 0.059343
1 0.034801 0.491793 0.068182 0.077020
