7 0.787287 0.097854 0.039062 0.059343
8 0.069957 0.357955 0.039062 0.059343
3 0.167969 0.899621 0.039062 0.059343
3 0.055753 0.957702 0.039062 0.059343
3 0.472656 0.513258 0.039062 0.059343
0 0.046875 0.101641 0.068182 0.077020
1 0.549716 0.070076 0.068182 0.077020
6 0.577770 0.544823 0.039062 0.059343
5 0.968395 0.061237 0.039062 0.059343
4 0.148082 0.453914 0.039062 0.059343
7 0.708452 0.640783 0.039062 0.059343
8 0.925071 0.292298 0.039062 0.059343
1 0.306108 0.342803 0.068182 0.077020
3 0.045099 0.763258 0.039062 0.059343
7 0.663707 0.486742 0.039062 0.059343
3 0.685014 0.331439 0.039062 0.059343
3 0.925781 0.456439 0.039062 0.059343
7 0.281605 0.558712 0.039062 0.059343
4 0.456321 0.351641 0.039062 0.059343
4 0.336293 0.054924 0.039062 0.059343
7 0.344105 0.673611 0.039062 0.059343
2 0.462003 0.907197 0.029119 0.051768
7 0.547230 0.640783 0.039062 0.059343
3 0.949219 0.717803 0.039062 0.059343
8 0.789418 0.876894 0.039062 0.059343
5 0.415128 0.066288 0.039062 0.059343
3 0.965554 0.948864 0.039062 0.059343
7 0.192827 0.155934 0.039062 0.059343
1 0.785511 0.469066 0.068182 0.077020
4 0.471946 0.701389 0.039062 0.059343
1 0.590909 0.914773 0.068182 0.077020
