6 0.326349 0.735480 0.039062 0.059343
3 0.675071 0.692551 0.039062 0.059343
3 0.337003 0.326389 0.039062 0.059343
5 0.947088 0.897096 0.039062 0.059343
5 0.903764 0.044823 0.039062 0.059343
3 0.462713 0.934975 0.039062 0.059343
1 0.581676 0.265783 0.068182 0.077020
7 0.029474 0.455177 0.039062 0.059343
4 0.053622 0.936237 0.039062 0.059343
5 0.101918 0.239268 0.039062 0.059343
7 0.701349 0.493056 0.039062 0.059343
2 0.202060 0.474116 0.029119 0.051768
3 0.148793 0.144571 0.039062 0.059343
3 0.344105 0.903409 0.039062 0.059343
4 0.420810 0.461490 0.039062 0.059343
6 0.546520 0.638258 0.039062 0.059343
7 0.223366 0.691288 0.039062 0.059343
4 0.894531 0.677399 0.039062 0.059343
8 0.689986 0.902146 0.039062 0.059343
5 0.420099 0.259470 0.039062 0.059343
5 0.435724 0.653409 0.039062 0.059343
7 0.519531 0.923611 0.039062 0.059343
1 0.170455 0.946338 0.068182 0.077020
4 0.810014 0.888258 0.039062 0.059343
0 0.926136 0.532197 0.068182 0.077020
6 0.069247 0.638258 0.039062 0.059343
3 0.805043 0.033460 0.039062 0.059343
8 0.822088 0.761995 0.039062 0.059343
