2 0.030895 0.371843 0.029119 0.051768
7 0.025923 0.698864 0.039062 0.059343
7 0.071378 0.155934 0.039062 0.059343
1 0.411932 0.559975 0.068182 0.077020
3 0.855469 0.899621 0.039062 0.059343
6 0.812855 0.068813 0.039062 0.059343
8 0.663707 0.062500 0.039062 0.059343
5 0.317827 0.322601 0.039062 0.059343
5 0.935724 0.041035 0.039062 0.059343
4 0.560724 0.289773 0.039062 0.059343
1 0.085227 0.890783 0.068182 0.077020
6 0.649503 0.303662 0.039062 0.059343
0 0.188920 0.058712 0.068182 0.077020
7 0.320668 0.558712 0.039062 0.059343
0 0.191761 0.725379 0.068182 0.077020
3 0.447798 0.254419 0.039062 0.059343
0 0.960938 0.636995 0.068182 0.077020
7 0.339844 0.854167 0.039062 0.059343
8 0.719105 0.505682 0.039062 0.059343
8 0.972656 0.280934 0.039062 0.059343
3 0.535156 0.957702 0.039062 0.059343
4 0.821378 0.562500 0.039062 0.059343
6 0.406605 0.856692 0.039062 0.059343
8 0.677912 0.879419 0.039062 0.059343
1 0.461648 0.683712 0.068182 0.077020
7 0.230469 0.839015 0.039062 0.059343
4 0.193537 0.436237 0.039062 0.059343
4 0.851207 0.248106 0.039062 0.059343
1 0.190341 0.360480 0.068182 0.077020
1 0.580966 0.106692 0.068182 0.077020
