6 0.937855 0.712753 0.039062 0.059343
5 0.096236 0.104167 0.039062 0.059343
4 0.471946 0.043561 0.039062 0.059343
4 0.810014 0.874369 0.039062 0.059343
6 0.270952 0.839015 0.039062 0.059343
2 0.520952 0.639520 0.029119 0.051768
8 0.651634 0.251894 0.039062 0.059343
5 0.453480 0.332702 0.039062 0.059343
0 0.919744 0.477904 0.068182 0.077020
2 0.832741 0.722854 0.029119 0.051768
8 0.685724 0.519571 0.039062 0.059343
8 0.542259 0.889520 0.039062 0.059343
6 0.394531 0.961490 0.039062 0.059343
5 0.949219 0.259470 0.039062 0.059343
3 0.052912 0.273359 0.039062 0.059343
8 0.302912 0.246843 0.039062 0.059343
7 0.209162 0.743056 0.039062 0.059343
1 0.193892 0.940025 0.068182 0.077020
3 0.803622 0.067551 0.039062 0.059343
6 0.425071 0.489268 0.039062 0.059343
2 0.425071 0.749369 0.029119 0.051768
0 0.818182 0.503157 0.068182 0.077020
3 0.561435 0.298611 0.039062 0.059343
8 0.707741 0.113005 0.039062 0.059343
0 0.946733 0.953914 0.068182 0.077020
1 0.328835 0.734217 0.068182 0.077020
0 0.057528 0.471591 0.068182 0.077020
2 0.591974 0.054924 0.029119 0.051768
0 0.087358 0.687500 0.068182 0.077020
8 0.683594 0.734217 0.039062 0.059343
6 0.196378 0.495581 0.039062 0.059343
5 0.198509 0.052399 0.039062 0.059343
