2 0.837003 0.895833 0.029119 0.051768
7 0.551491 0.746843 0.039062 0.059343
3 0.055753 0.721591 0.039062 0.059343
0 0.176847 0.724116 0.068182 0.077020
1 0.056818 0.451389 0.068182 0.077020
5 0.444957 0.678662 0.039062 0.059343
4 0.092685 0.119318 0.039062 0.059343
6 0.337003 0.924874 0.039062 0.059343
4 0.085582 0.924874 0.039062 0.059343
7 0.714844 0.097854 0.039062 0.059343
4 0.933594 0.275884 0.039062 0.059343
4 0.332741 0.234217 0.039062 0.059343
4 0.312855 0.561237 0.039062 0.059343
2 0.776634 0.663510 0.029119 0.051768
7 0.709162 0.677399 0.039062 0.059343
7 0.818537 0.159722 0.039062 0.059343
7 0.975497 0.148359 0.039062 0.059343
1 0.208807 0.303662 0.068182 0.077020
3 0.408736 0.337753 0.039062 0.059343
4 0.519531 0.849116 0.039062 0.059343
4 0.901634 0.749369 0.039062 0.059343
2 0.265980 0.142045 0.029119 0.051768
7 0.898793 0.883207 0.039062 0.059343
6 0.834872 0.243056 0.039062 0.059343
7 0.711293 0.563763 0.039062 0.059343
