4 0.202770 0.828914 0.039062 0.059343
5 0.693537 0.967803 0.039062 0.059343
3 0.678622 0.129419 0.039062 0.059343
6 0.552912 0.892045 0.039062 0.059343
7 0.317827 0.562500 0.039062 0.059343
1 0.813920 0.347854 0.068182 0.077020
2 0.980469 0.255682 0.029119 0.051768
5 0.837713 0.918561 0.039062 0.059343
8 0.920810 0.724116 0.039062 0.059343
3 0.839134 0.663510 0.039062 0.059343
3 0.185724 0.566288 0.039062 0.059343
1 0.189631 0.691288 0.068182 0.077020
6 0.567827 0.628157 0.039062 0.059343
4 0.104759 0.525884 0.039062 0.059343
4 0.917259 0.498106 0.039062 0.059343
8 0.708452 0.327652 0.039062 0.059343
1 0.957386 0.097854 0.068182 0.077020
2 0.300071 0.682449 0.029119 0.051768
1 0.300426 0.133207 0.068182 0.077020
0 0.926847 0.903409 0.068182 0.077020
7 0.206321 0.087753 0.039062 0.059343
7 0.477628 0.523359 0.039062 0.059343
6 0.022372 0.094066 0.039062 0.059343
0 0.295455 0.871843 0.068182 0.077020
8 0.815696 0.152146 0.039062 0.059343
4 0.065696 0.336490 0.039062 0.059343
6 0.442116 0.912247 0.039062 0.059343
4 0.775213 0.446338 0.039062 0.059343
7 0.438565 0.634470 0.039062 0.059343
2 0.348366 0.316288 0.029119 0.051768
1 0.713068 0.711490 0.068182 0.077020
