4 0.931463 0.500631 0.039062 0.059343
8 0.814276 0.712753 0.039062 0.059343
6 0.778764 0.538510 0.039062 0.059343
6 0.307173 0.868056 0.039062 0.059343
3 0.079901 0.259470 0.039062 0.059343
8 0.666548 0.154672 0.039062 0.059343
8 0.437145 0.855429 0.039062 0.059343
2 0.393821 0.264520 0.029119 0.051768
7 0.207741 0.549874 0.039062 0.059343
6 0.819247 0.341540 0.039062 0.059343
6 0.653054 0.726641 0.039062 0.059343
2 0.442827 0.714015 0.029119 0.051768
2 0.648793 0.256944 0.029119 0.051768
1 0.544034 0.708965 0.068182 0.077020
1 0.044744 0.513258 0.068182 0.077020
7 0.577060 0.094066 0.039062 0.059343
8 0.947088 0.135732 0.039062 0.059343
3 0.052202 0.851641 0.039062 0.059343
6 0.979048 0.243056 0.039062 0.059343
7 0.535156 0.851641 0.039062 0.059343
5 0.097656 0.125631 0.039062 0.059343
5 0.294389 0.162247 0.039062 0.059343
5 0.310014 0.711490 0.039062 0.059343
8 0.191406 0.234217 0.039062 0.059343
2 0.422230 0.440025 0.029119 0.051768
0 0.661222 0.549874 0.068182 0.077020
0 0.077415 0.716540 0.068182 0.077020
8 0.840554 0.894571 0.039062 0.059343
5 0.930753 0.902146 0.039062 0.059343
5 0.599787 0.482955 0.039062 0.059343
3 0.300781 0.337753 0.039062 0.059343
5 0.209872 0.715278 0.039062 0.059343
8 0.667969 0.942551 0.039062 0.059343
4 0.466264 0.155934 0.039062 0.059343
4 0.902344 0.707702 0.039062 0.059343
4 0.194957 0.139520 0.039062 0.059343
