7 0.823509 0.764520 0.039062 0.059343
7 0.083452 0.484217 0.039062 0.059343
2 0.673651 0.510732 0.029119 0.051768
6 0.046520 0.864268 0.039062 0.059343
4 0.769531 0.068813 0.039062 0.059343
3 0.712713 0.152146 0.039062 0.059343
6 0.959162 0.090278 0.039062 0.059343
6 0.189276 0.346591 0.039062 0.059343
3 0.225497 0.071338 0.039062 0.059343
0 0.926136 0.639520 0.068182 0.077020
6 0.307884 0.857955 0.039062 0.059343
6 0.850497 0.866793 0.039062 0.059343
1 0.165483 0.921086 0.068182 0.077020
4 0.554332 0.703914 0.039062 0.059343
8 0.531605 0.089015 0.039062 0.059343
2 0.322798 0.426136 0.029119 0.051768
0 0.801136 0.557449 0.068182 0.077020
8 0.704901 0.255682 0.039062 0.059343
8 0.456321 0.307449 0.039062 0.059343
3 0.557884 0.369318 0.039062 0.059343
0 0.705966 0.664773 0.068182 0.077020
3 0.416548 0.844066 0.039062 0.059343
5 0.053622 0.759470 0.039062 0.059343
7 0.442827 0.086490 0.039062 0.059343
6 0.574219 0.457702 0.039062 0.059343
4 0.796520 0.289773 0.039062 0.059343
3 0.447798 0.697601 0.039062 0.059343
6 0.212003 0.477904 0.039062 0.059343
7 0.925071 0.245581 0.039062 0.059343
5 0.436435 0.533460 0.039062 0.059343
4 0.666548 0.830177 0.039062 0.059343
4 0.960582 0.836490 0.039062 0.059343
8 0.334162 0.315025 0.039062 0.059343
0 0.059659 0.282197 0.068182 0.077020
2 0.275213 0.628157 0.029119 0.051768
2 0.156605 0.736742 0.029119 0.051768
6 0.324219 0.066288 0.039062 0.059343
3 0.079901 0.148359 0.039062 0.059343
