7 0.157315 0.359217 0.039062 0.059343
4 0.333452 0.369318 0.039062 0.059343
3 0.787287 0.886995 0.039062 0.059343
3 0.327060 0.698864 0.039062 0.059343
4 0.978338 0.078914 0.039062 0.059343
4 0.565696 0.956439 0.039062 0.059343
4 0.426491 0.655934 0.039062 0.059343
2 0.290838 0.061237 0.029119 0.051768
6 0.589844 0.653409 0.039062 0.059343
2 0.670099 0.162247 0.029119 0.051768
7 0.644531 0.744318 0.039062 0.059343
4 0.052202 0.857955 0.039062 0.059343
0 0.800426 0.515783 0.068182 0.077020
5 0.773793 0.663510 0.039062 0.059343
0 0.182528 0.640783 0.068182 0.077020
8 0.445668 0.115530 0.039062 0.059343
2 0.675781 0.927399 0.029119 0.051768
7 0.646662 0.352904 0.039062 0.059343
2 0.403764 0.554924 0.029119 0.051768
2 0.043679 0.549874 0.029119 0.051768
3 0.344105 0.543561 0.039062 0.059343
5 0.149503 0.072601 0.039062 0.059343
5 0.302912 0.871843 0.039062 0.059343
2 0.074219 0.111742 0.029119 0.051768
7 0.159446 0.440025 0.039062 0.059343
1 0.460227 0.317551 0.068182 0.077020
3 0.432173 0.913510 0.039062 0.059343
