7 0.800071 0.705177 0.039062 0.059343
0 0.936790 0.849116 0.068182 0.077020
6 0.164418 0.768308 0.039062 0.059343
5 0.828480 0.133207 0.039062 0.059343
1 0.446733 0.528409 0.068182 0.077020
1 0.590199 0.155934 0.068182 0.077020
2 0.234730 0.885732 0.029119 0.051768
8 0.526634 0.446338 0.039062 0.059343
5 0.405185 0.292298 0.039062 0.059343
6 0.933594 0.652146 0.039062 0.059343
3 0.840554 0.302399 0.039062 0.059343
0 0.068182 0.940025 0.068182 0.077020
8 0.035156 0.711490 0.039062 0.059343
1 0.839489 0.480429 0.068182 0.077020
3 0.649503 0.467803 0.039062 0.059343
1 0.416903 0.158460 0.068182 0.077020
3 0.181463 0.450126 0.039062 0.059343
4 0.543679 0.859217 0.039062 0.059343
2 0.034446 0.457702 0.029119 0.051768
1 0.715199 0.325126 0.068182 0.077020
0 0.450284 0.648359 0.068182 0.077020
