7 0.724787 0.453914 0.039062 0.059343
3 0.931463 0.863005 0.039062 0.059343
6 0.895952 0.147096 0.039062 0.059343
8 0.533026 0.068813 0.039062 0.059343
3 0.770952 0.275884 0.039062 0.059343
2 0.025213 0.035985 0.029119 0.051768
0 0.465199 0.921086 0.068182 0.077020
3 0.340554 0.431187 0.039062 0.059343
7 0.105469 0.558712 0.039062 0.059343
8 0.835582 0.633207 0.039062 0.059343
0 0.536222 0.854167 0.068182 0.077020
5 0.152344 0.259470 0.039062 0.059343
4 0.944247 0.702652 0.039062 0.059343
2 0.479048 0.153409 0.029119 0.051768
2 0.201349 0.166035 0.029119 0.051768
1 0.418324 0.706439 0.068182 0.077020
5 0.546520 0.690025 0.039062 0.059343
4 0.426491 0.484217 0.039062 0.059343
8 0.896662 0.284722 0.039062 0.059343
2 0.175071 0.902146 0.029119 0.051768
5 0.094105 0.967803 0.039062 0.059343
1 0.548295 0.441288 0.068182 0.077020
3 0.098366 0.628157 0.039062 0.059343
5 0.669389 0.753157 0.039062 0.059343
0 0.326705 0.739268 0.068182 0.077020
8 0.980469 0.548611 0.039062 0.059343
0 0.336648 0.312500 0.068182 0.077020
4 0.295099 0.142045 0.039062 0.059343
4 0.225497 0.671086 0.039062 0.059343
8 0.660866 0.080177 0.039062 0.059343
2 0.796520 0.552399 0.029119 0.051768
2 0.580611 0.272096 0.029119 0.051768
1 0.840199 0.120581 0.068182 0.077020
5 0.425781 0.369318 0.039062 0.059343
4 0.834162 0.931187 0.039062 0.059343
0 0.667614 0.331439 0.068182 0.077020
