7 0.770241 0.432449 0.039062 0.059343
5 0.566406 0.309975 0.039062 0.059343
2 0.084162 0.431187 0.029119 0.051768
6 0.350497 0.695076 0.039062 0.059343
1 0.414062 0.941288 0.068182 0.077020
8 0.667969 0.840278 0.039062 0.059343
6 0.229048 0.169823 0.039062 0.059343
5 0.546520 0.732955 0.039062 0.059343
6 0.190696 0.258207 0.039062 0.059343
8 0.805043 0.714015 0.039062 0.059343
6 0.422940 0.365530 0.039062 0.059343
1 0.793324 0.855429 0.068182 0.077020
1 0.680398 0.145833 0.068182 0.077020
5 0.433594 0.129419 0.039062 0.059343
1 0.542614 0.947601 0.068182 0.077020
2 0.049361 0.943813 0.029119 0.051768
0 0.298295 0.248106 0.068182 0.077020
8 0.838423 0.294823 0.039062 0.059343
7 0.953480 0.932449 0.039062 0.059343
0 0.428267 0.643308 0.068182 0.077020
6 0.591974 0.125631 0.039062 0.059343
1 0.691761 0.339015 0.068182 0.077020
0 0.409091 0.441288 0.068182 0.077020
6 0.215554 0.868056 0.039062 0.059343
6 0.337713 0.506944 0.039062 0.059343
2 0.064986 0.077652 0.029119 0.051768
6 0.648082 0.693813 0.039062 0.059343
5 0.160866 0.470328 0.039062 0.059343
0 0.700994 0.559975 0.068182 0.077020
8 0.224787 0.725379 0.039062 0.059343
4 0.961293 0.285985 0.039062 0.059343
6 0.087003 0.356692 0.039062 0.059343
4 0.310724 0.943813 0.039062 0.059343
1 0.964489 0.138258 0.068182 0.077020
6 0.944247 0.636995 0.039062 0.059343
5 0.030895 0.745581 0.039062 0.059343
