3 0.177912 0.268308 0.039062 0.059343
2 0.292259 0.168561 0.029119 0.051768
2 0.077770 0.297348 0.029119 0.051768
0 0.536222 0.672348 0.068182 0.077020
4 0.058594 0.886995 0.039062 0.059343
8 0.469105 0.249369 0.039062 0.059343
4 0.560724 0.274621 0.039062 0.059343
4 0.275213 0.628157 0.039062 0.059343
3 0.588423 0.917298 0.039062 0.059343
0 0.188920 0.755682 0.068182 0.077020
7 0.913707 0.866793 0.039062 0.059343
7 0.817116 0.879419 0.039062 0.059343
3 0.938565 0.274621 0.039062 0.059343
4 0.295810 0.830177 0.039062 0.059343
0 0.548295 0.155934 0.068182 0.077020
3 0.649503 0.563763 0.039062 0.059343
4 0.676491 0.139520 0.039062 0.059343
4 0.474787 0.638258 0.039062 0.059343
6 0.270952 0.312500 0.039062 0.059343
6 0.153764 0.931187 0.039062 0.059343
4 0.575639 0.461490 0.039062 0.059343
5 0.676491 0.874369 0.039062 0.059343
7 0.850497 0.558712 0.039062 0.059343
7 0.430043 0.107955 0.039062 0.059343
7 0.046520 0.086490 0.039062 0.059343
7 0.078480 0.715278 0.039062 0.059343
5 0.148082 0.535985 0.039062 0.059343
1 0.428267 0.928662 0.068182 0.077020
7 0.479048 0.549874 0.039062 0.059343
2 0.815696 0.029672 0.029119 0.051768
