7 0.101207 0.287247 0.039062 0.059343
6 0.420099 0.639520 0.039062 0.059343
3 0.839134 0.347854 0.039062 0.059343
1 0.552557 0.315025 0.068182 0.077020
7 0.660866 0.943813 0.039062 0.059343
1 0.544034 0.884470 0.068182 0.077020
0 0.934659 0.311237 0.068182 0.077020
0 0.796165 0.059975 0.068182 0.077020
8 0.090554 0.160985 0.039062 0.059343
1 0.313210 0.254419 0.068182 0.077020
1 0.794034 0.696338 0.068182 0.077020
8 0.814276 0.505682 0.039062 0.059343
4 0.667969 0.504419 0.039062 0.059343
3 0.917969 0.898359 0.039062 0.059343
8 0.668679 0.320076 0.039062 0.059343
1 0.451705 0.285985 0.068182 0.077020
3 0.667259 0.140783 0.039062 0.059343
7 0.952060 0.481692 0.039062 0.059343
4 0.520952 0.032197 0.039062 0.059343
7 0.476918 0.518308 0.039062 0.059343
4 0.771662 0.847854 0.039062 0.059343
3 0.681463 0.655934 0.039062 0.059343
7 0.301491 0.937500 0.039062 0.059343
6 0.214844 0.746843 0.039062 0.059343
1 0.448153 0.104167 0.068182 0.077020
3 0.929332 0.091540 0.039062 0.059343
