3 0.283736 0.734217 0.039062 0.059343
6 0.091974 0.474116 0.039062 0.059343
3 0.674361 0.722854 0.039062 0.059343
4 0.676491 0.345328 0.039062 0.059343
3 0.798651 0.909722 0.039062 0.059343
6 0.207031 0.124369 0.039062 0.059343
6 0.035866 0.628157 0.039062 0.059343
2 0.648082 0.145833 0.029119 0.051768
1 0.828125 0.437500 0.068182 0.077020
4 0.964844 0.530934 0.039062 0.059343
8 0.098366 0.059975 0.039062 0.059343
8 0.440696 0.490530 0.039062 0.059343
0 0.433949 0.107955 0.068182 0.077020
4 0.310724 0.094066 0.039062 0.059343
4 0.038707 0.889520 0.039062 0.059343
6 0.472656 0.331439 0.039062 0.059343
7 0.944247 0.134470 0.039062 0.059343
8 0.312855 0.927399 0.039062 0.059343
6 0.567827 0.716540 0.039062 0.059343
1 0.944602 0.748106 0.068182 0.077020
5 0.540838 0.301136 0.039062 0.059343
3 0.320668 0.452652 0.039062 0.059343
3 0.560724 0.052399 0.039062 0.059343
0 0.835227 0.289773 0.068182 0.077020
7 0.648082 0.453914 0.039062 0.059343
0 0.575284 0.941288 0.068182 0.077020
