2 0.224787 0.961490 0.029119 0.051768
5 0.851207 0.450126 0.039062 0.059343
0 0.674006 0.320076 0.068182 0.077020
5 0.827060 0.943813 0.039062 0.059343
3 0.957031 0.924874 0.039062 0.059343
8 0.275923 0.433712 0.039062 0.059343
7 0.963423 0.162247 0.039062 0.059343
3 0.670099 0.649621 0.039062 0.059343
6 0.915838 0.445076 0.039062 0.059343
3 0.567827 0.296086 0.039062 0.059343
1 0.296875 0.041035 0.068182 0.077020
4 0.146662 0.136995 0.039062 0.059343
5 0.181463 0.296086 0.039062 0.059343
0 0.938210 0.741793 0.068182 0.077020
8 0.039418 0.479167 0.039062 0.059343
7 0.185724 0.681187 0.039062 0.059343
2 0.568537 0.736742 0.029119 0.051768
8 0.725497 0.922348 0.039062 0.059343
4 0.464844 0.501894 0.039062 0.059343
5 0.564986 0.034722 0.039062 0.059343
0 0.673295 0.527146 0.068182 0.077020
4 0.586293 0.850379 0.039062 0.059343
5 0.655185 0.086490 0.039062 0.059343
3 0.042969 0.876894 0.039062 0.059343
6 0.800071 0.138258 0.039062 0.059343
7 0.313565 0.645833 0.039062 0.059343
0 0.059659 0.253157 0.068182 0.077020
5 0.026634 0.708965 0.039062 0.059343
2 0.808594 0.244318 0.029119 0.051768
6 0.815696 0.716540 0.039062 0.059343
2 0.934304 0.284722 0.029119 0.051768
7 0.450639 0.037247 0.039062 0.059343
3 0.594105 0.470328 0.039062 0.059343
7 0.292259 0.328914 0.039062 0.059343
8 0.165128 0.484217 0.039062 0.059343
7 0.409446 0.960227 0.039062 0.059343
0 0.306108 0.919823 0.068182 0.077020
3 0.395952 0.327652 0.039062 0.059343
5 0.035156 0.130682 0.039062 0.059343
