0 0.053267 0.455177 0.068182 0.077020
7 0.164418 0.708965 0.039062 0.059343
1 0.198864 0.138258 0.068182 0.077020
1 0.674006 0.710227 0.068182 0.077020
1 0.038352 0.058712 0.068182 0.077020
0 0.209517 0.304924 0.068182 0.077020
6 0.148082 0.852904 0.039062 0.059343
0 0.325994 0.458965 0.068182 0.077020
1 0.578125 0.120581 0.068182 0.077020
8 0.472656 0.951389 0.039062 0.059343
3 0.546520 0.236742 0.039062 0.059343
6 0.967685 0.864268 0.039062 0.059343
1 0.693182 0.465278 0.068182 0.077020
6 0.701349 0.870581 0.039062 0.059343
2 0.827770 0.556187 0.029119 0.051768
7 0.939986 0.351641 0.039062 0.059343
2 0.855469 0.147096 0.029119 0.051768
2 0.535866 0.885732 0.029119 0.051768
5 0.329190 0.320076 0.039062 0.059343
0 0.569602 0.655934 0.068182 0.077020
