2 0.398082 0.688763 0.029119 0.051768
3 0.701349 0.692551 0.039062 0.059343
6 0.067116 0.342803 0.039062 0.059343
3 0.971946 0.437500 0.039062 0.059343
7 0.700639 0.030934 0.039062 0.059343
2 0.818537 0.327652 0.029119 0.051768
6 0.789418 0.033460 0.039062 0.059343
1 0.171165 0.080177 0.068182 0.077020
0 0.069602 0.859217 0.068182 0.077020
4 0.901634 0.904672 0.039062 0.059343
6 0.596236 0.301136 0.039062 0.059343
2 0.197088 0.241793 0.029119 0.051768
6 0.712713 0.546086 0.039062 0.059343
1 0.806818 0.537247 0.068182 0.077020
6 0.648793 0.932449 0.039062 0.059343
5 0.036577 0.759470 0.039062 0.059343
1 0.936080 0.357955 0.068182 0.077020
7 0.070668 0.452652 0.039062 0.059343
7 0.301491 0.509470 0.039062 0.059343
3 0.405185 0.932449 0.039062 0.059343
6 0.552912 0.438763 0.039062 0.059343
4 0.317827 0.048611 0.039062 0.059343
1 0.305398 0.316288 0.068182 0.077020
1 0.546165 0.649621 0.068182 0.077020
0 0.176847 0.753157 0.068182 0.077020
