4 0.669389 0.128157 0.039062 0.059343
7 0.345526 0.285985 0.039062 0.059343
3 0.406605 0.741793 0.039062 0.059343
1 0.174006 0.671086 0.068182 0.077020
3 0.333452 0.051136 0.039062 0.059343
5 0.802202 0.932449 0.039062 0.059343
2 0.533026 0.529672 0.029119 0.051768
5 0.903054 0.827652 0.039062 0.059343
5 0.318537 0.845328 0.039062 0.059343
0 0.932528 0.642045 0.068182 0.077020
2 0.856889 0.658460 0.029119 0.051768
2 0.776634 0.274621 0.029119 0.051768
4 0.665128 0.307449 0.039062 0.059343
1 0.796875 0.123106 0.068182 0.077020
0 0.193182 0.326389 0.068182 0.077020
6 0.227628 0.830177 0.039062 0.059343
4 0.648082 0.721591 0.039062 0.059343
5 0.645952 0.883207 0.039062 0.059343
5 0.972656 0.062500 0.039062 0.059343
0 0.441051 0.288510 0.068182 0.077020
2 0.058594 0.081439 0.029119 0.051768
7 0.730469 0.479167 0.039062 0.059343
