6 0.935724 0.249369 0.039062 0.059343
8 0.832031 0.101641 0.039062 0.059343
3 0.594105 0.663510 0.039062 0.059343
5 0.101918 0.498106 0.039062 0.059343
5 0.149503 0.081439 0.039062 0.059343
8 0.197088 0.708965 0.039062 0.059343
0 0.696023 0.495581 0.068182 0.077020
6 0.084162 0.855429 0.039062 0.059343
1 0.675426 0.283460 0.068182 0.077020
8 0.067827 0.082702 0.039062 0.059343
1 0.440341 0.046086 0.068182 0.077020
2 0.900923 0.945076 0.029119 0.051768
5 0.951349 0.672348 0.039062 0.059343
3 0.586293 0.533460 0.039062 0.059343
0 0.057528 0.750631 0.068182 0.077020
8 0.394531 0.754419 0.039062 0.059343
6 0.548651 0.928662 0.039062 0.059343
8 0.479759 0.830177 0.039062 0.059343
6 0.414418 0.256944 0.039062 0.059343
5 0.189986 0.254419 0.039062 0.059343
7 0.272372 0.136995 0.039062 0.059343
0 0.677557 0.932449 0.068182 0.077020
2 0.394531 0.457702 0.029119 0.051768
7 0.896662 0.062500 0.039062 0.059343
5 0.569247 0.042298 0.039062 0.059343
2 0.783026 0.768308 0.029119 0.051768
4 0.281605 0.658460 0.039062 0.059343
