3 0.041548 0.490530 0.039062 0.059343
6 0.213423 0.345328 0.039062 0.059343
6 0.574929 0.042298 0.039062 0.059343
2 0.816406 0.029672 0.029119 0.051768
0 0.666193 0.500631 0.068182 0.077020
6 0.909446 0.134470 0.039062 0.059343
2 0.432173 0.342803 0.029119 0.051768
1 0.164062 0.722854 0.068182 0.077020
2 0.226918 0.833965 0.029119 0.051768
2 0.846236 0.967803 0.029119 0.051768
5 0.968395 0.750631 0.039062 0.059343
4 0.425781 0.498106 0.039062 0.059343
8 0.841974 0.461490 0.039062 0.059343
8 0.552202 0.855429 0.039062 0.059343
6 0.338423 0.494318 0.039062 0.059343
3 0.702770 0.666035 0.039062 0.059343
6 0.172940 0.158460 0.039062 0.059343
6 0.311435 0.323864 0.039062 0.059343
0 0.712358 0.309975 0.068182 0.077020
5 0.597656 0.251894 0.039062 0.059343
2 0.648793 0.890783 0.029119 0.051768
1 0.946023 0.895833 0.068182 0.077020
8 0.339134 0.831439 0.039062 0.059343
3 0.398793 0.672348 0.039062 0.059343
2 0.084872 0.287247 0.029119 0.051768
6 0.479048 0.841540 0.039062 0.059343
4 0.645241 0.149621 0.039062 0.059343
3 0.786577 0.235480 0.039062 0.059343
2 0.352628 0.114268 0.029119 0.051768
4 0.433594 0.113005 0.039062 0.059343
4 0.040838 0.831439 0.039062 0.059343
1 0.798295 0.691288 0.068182 0.077020
4 0.563565 0.758207 0.039062 0.059343
7 0.520241 0.565025 0.039062 0.059343
7 0.052202 0.679924 0.039062 0.059343
5 0.053622 0.078914 0.039062 0.059343
6 0.221236 0.533460 0.039062 0.059343
1 0.332386 0.691288 0.068182 0.077020
1 0.953125 0.357955 0.068182 0.077020
