2 0.352628 0.748106 0.029119 0.051768
6 0.783026 0.447601 0.039062 0.059343
3 0.189276 0.635732 0.039062 0.059343
4 0.826349 0.317551 0.039062 0.059343
6 0.806463 0.940025 0.039062 0.059343
1 0.193892 0.866793 0.068182 0.077020
7 0.934304 0.556187 0.039062 0.059343
2 0.590554 0.448864 0.029119 0.051768
8 0.059304 0.846591 0.039062 0.059343
0 0.817472 0.644571 0.068182 0.077020
2 0.655185 0.370581 0.029119 0.051768
8 0.928622 0.919823 0.039062 0.059343
7 0.451349 0.937500 0.039062 0.059343
3 0.418679 0.357955 0.039062 0.059343
1 0.932528 0.091540 0.068182 0.077020
0 0.708807 0.643308 0.068182 0.077020
6 0.221946 0.520833 0.039062 0.059343
6 0.291548 0.852904 0.039062 0.059343
8 0.775923 0.154672 0.039062 0.059343
8 0.659446 0.029672 0.039062 0.059343
3 0.038707 0.150884 0.039062 0.059343
6 0.674361 0.546086 0.039062 0.059343
8 0.202770 0.110480 0.039062 0.059343
6 0.087003 0.344066 0.039062 0.059343
5 0.540128 0.082702 0.039062 0.059343
6 0.435724 0.140783 0.039062 0.059343
0 0.560369 0.293561 0.068182 0.077020
1 0.933949 0.291035 0.068182 0.077020
0 0.056818 0.446338 0.068182 0.077020
3 0.344815 0.331439 0.039062 0.059343
6 0.098366 0.735480 0.039062 0.059343
7 0.173651 0.330177 0.039062 0.059343
2 0.575639 0.897096 0.029119 0.051768
2 0.339844 0.493056 0.029119 0.051768
7 0.436435 0.525884 0.039062 0.059343
4 0.459162 0.743056 0.039062 0.059343
