6 0.341264 0.931187 0.039062 0.059343
8 0.580611 0.315025 0.039062 0.059343
8 0.398082 0.674874 0.039062 0.059343
5 0.724787 0.457702 0.039062 0.059343
3 0.936435 0.253157 0.039062 0.059343
5 0.570668 0.134470 0.039062 0.059343
7 0.678622 0.231692 0.039062 0.059343
0 0.311080 0.471591 0.068182 0.077020
3 0.951349 0.947601 0.039062 0.059343
5 0.970526 0.528409 0.039062 0.059343
2 0.921520 0.131944 0.029119 0.051768
3 0.179332 0.238005 0.039062 0.059343
4 0.433594 0.558712 0.039062 0.059343
8 0.350497 0.318813 0.039062 0.059343
3 0.229048 0.698864 0.039062 0.059343
0 0.803977 0.958965 0.068182 0.077020
2 0.780895 0.094066 0.029119 0.051768
1 0.545455 0.746843 0.068182 0.077020
8 0.079901 0.037247 0.039062 0.059343
0 0.409801 0.080177 0.068182 0.077020
4 0.813565 0.719066 0.039062 0.059343
3 0.035866 0.846591 0.039062 0.059343
6 0.328480 0.768308 0.039062 0.059343
