8 0.728338 0.341540 0.039062 0.059343
3 0.205611 0.923611 0.039062 0.059343
4 0.316406 0.239268 0.039062 0.059343
2 0.550071 0.743056 0.029119 0.051768
1 0.791903 0.294823 0.068182 0.077020
7 0.965554 0.331439 0.039062 0.059343
0 0.589489 0.056187 0.068182 0.077020
7 0.104048 0.250631 0.039062 0.059343
8 0.309304 0.856692 0.039062 0.059343
6 0.022372 0.557449 0.039062 0.059343
8 0.651634 0.903409 0.039062 0.059343
6 0.959162 0.163510 0.039062 0.059343
0 0.712358 0.706439 0.068182 0.077020
4 0.828480 0.702652 0.039062 0.059343
1 0.535511 0.890783 0.068182 0.077020
1 0.795455 0.078914 0.068182 0.077020
0 0.090909 0.139520 0.068182 0.077020
6 0.228338 0.360480 0.039062 0.059343
5 0.037287 0.885732 0.039062 0.059343
0 0.185369 0.486742 0.068182 0.077020
7 0.563565 0.514520 0.039062 0.059343
3 0.309304 0.551136 0.039062 0.059343
8 0.724077 0.539773 0.039062 0.059343
