2 0.045099 0.844066 0.029119 0.051768
5 0.195668 0.717803 0.039062 0.059343
3 0.030185 0.755682 0.039062 0.059343
0 0.555398 0.654672 0.068182 0.077020
7 0.401634 0.948864 0.039062 0.059343
6 0.467685 0.684975 0.039062 0.059343
0 0.196733 0.438763 0.068182 0.077020
1 0.914062 0.115530 0.068182 0.077020
4 0.480469 0.071338 0.039062 0.059343
7 0.949219 0.567551 0.039062 0.059343
5 0.075639 0.524621 0.039062 0.059343
0 0.693892 0.543561 0.068182 0.077020
0 0.329545 0.491793 0.068182 0.077020
4 0.180753 0.361742 0.039062 0.059343
7 0.312855 0.850379 0.039062 0.059343
0 0.317472 0.086490 0.068182 0.077020
0 0.702415 0.304924 0.068182 0.077020
3 0.694957 0.966540 0.039062 0.059343
6 0.072088 0.292298 0.039062 0.059343
1 0.439631 0.486742 0.068182 0.077020
2 0.574929 0.330177 0.029119 0.051768
7 0.151634 0.153409 0.039062 0.059343
7 0.196378 0.861742 0.039062 0.059343
6 0.775213 0.947601 0.039062 0.059343
3 0.781605 0.238005 0.039062 0.059343
4 0.935014 0.861742 0.039062 0.059343
4 0.798651 0.140783 0.039062 0.059343
3 0.594815 0.105429 0.039062 0.059343
1 0.919744 0.357955 0.068182 0.077020
6 0.683594 0.703914 0.039062 0.059343
6 0.307884 0.282197 0.039062 0.059343
2 0.579901 0.893308 0.029119 0.051768
0 0.825284 0.446338 0.068182 0.077020
4 0.530185 0.543561 0.039062 0.059343
0 0.811790 0.758207 0.068182 0.077020
6 0.030185 0.124369 0.039062 0.059343
2 0.660866 0.095328 0.029119 0.051768
0 0.437500 0.272096 0.068182 0.077020
1 0.285511 0.719066 0.068182 0.077020
1 0.932528 0.639520 0.068182 0.077020
