6 0.656605 0.063763 0.039062 0.059343
1 0.825284 0.904672 0.068182 0.077020
5 0.846946 0.313763 0.039062 0.059343
3 0.798651 0.518308 0.039062 0.059343
6 0.332031 0.832702 0.039062 0.059343
0 0.457386 0.110480 0.068182 0.077020
4 0.312855 0.658460 0.039062 0.059343
0 0.063210 0.744318 0.068182 0.077020
0 0.713778 0.686237 0.068182 0.077020
7 0.035156 0.919823 0.039062 0.059343
3 0.323509 0.144571 0.039062 0.059343
1 0.919744 0.928662 0.068182 0.077020
8 0.047230 0.128157 0.039062 0.059343
8 0.070668 0.554924 0.039062 0.059343
1 0.713778 0.875631 0.068182 0.077020
8 0.920810 0.640783 0.039062 0.059343
6 0.437145 0.707702 0.039062 0.059343
8 0.198509 0.693813 0.039062 0.059343
4 0.904474 0.164773 0.039062 0.059343
1 0.536932 0.554924 0.068182 0.077020
6 0.785156 0.102904 0.039062 0.059343
2 0.816406 0.691288 0.029119 0.051768
