1 0.333097 0.265783 0.068182 0.077020
0 0.436790 0.902146 0.068182 0.077020
4 0.045810 0.528409 0.039062 0.059343
3 0.200639 0.855429 0.039062 0.059343
2 0.774503 0.837753 0.029119 0.051768
5 0.073509 0.686237 0.039062 0.059343
5 0.417969 0.515783 0.039062 0.059343
7 0.146662 0.519571 0.039062 0.059343
8 0.309304 0.955177 0.039062 0.059343
4 0.202770 0.668561 0.039062 0.059343
4 0.911577 0.488005 0.039062 0.059343
3 0.411577 0.070076 0.039062 0.059343
8 0.534446 0.263258 0.039062 0.059343
7 0.038707 0.347854 0.039062 0.059343
3 0.476918 0.658460 0.039062 0.059343
2 0.975497 0.129419 0.029119 0.051768
2 0.812855 0.479167 0.029119 0.051768
6 0.773082 0.706439 0.039062 0.059343
7 0.723366 0.294823 0.039062 0.059343
5 0.689276 0.087753 0.039062 0.059343
3 0.214844 0.115530 0.039062 0.059343
7 0.555753 0.639520 0.039062 0.059343
5 0.898793 0.953914 0.039062 0.059343
2 0.682173 0.830177 0.029119 0.051768
7 0.794389 0.038510 0.039062 0.059343
7 0.348366 0.160985 0.039062 0.059343
1 0.068182 0.113005 0.068182 0.077020
3 0.408026 0.298611 0.039062 0.059343
4 0.286577 0.730429 0.039062 0.059343
3 0.683594 0.456439 0.039062 0.059343
5 0.689276 0.642045 0.039062 0.059343
8 0.552202 0.136995 0.039062 0.059343
1 0.931818 0.673611 0.068182 0.077020
4 0.587713 0.542298 0.039062 0.059343
