5 0.301491 0.316288 0.039062 0.059343
8 0.192827 0.937500 0.039062 0.059343
7 0.035156 0.456439 0.039062 0.059343
7 0.952770 0.149621 0.039062 0.059343
6 0.183594 0.465278 0.039062 0.059343
8 0.427202 0.051136 0.039062 0.059343
6 0.542259 0.842803 0.039062 0.059343
8 0.908026 0.755682 0.039062 0.059343
6 0.791548 0.748106 0.039062 0.059343
6 0.073509 0.711490 0.039062 0.059343
4 0.580611 0.231692 0.039062 0.059343
1 0.428267 0.260732 0.068182 0.077020
3 0.310724 0.539773 0.039062 0.059343
0 0.827415 0.871843 0.068182 0.077020
3 0.230469 0.316288 0.039062 0.059343
7 0.671520 0.899621 0.039062 0.059343
3 0.952060 0.828914 0.039062 0.059343
7 0.697798 0.682449 0.039062 0.059343
5 0.543679 0.046086 0.039062 0.059343
3 0.349077 0.938763 0.039062 0.059343
1 0.175426 0.702652 0.068182 0.077020
2 0.455611 0.539773 0.029119 0.051768
2 0.516690 0.486742 0.029119 0.051768
6 0.691406 0.073864 0.039062 0.059343
3 0.275213 0.131944 0.039062 0.059343
1 0.427557 0.716540 0.068182 0.077020
0 0.166903 0.051136 0.068182 0.077020
2 0.792259 0.049874 0.029119 0.051768
3 0.701349 0.357955 0.039062 0.059343
0 0.081676 0.120581 0.068182 0.077020
0 0.796875 0.240530 0.068182 0.077020
2 0.051491 0.836490 0.029119 0.051768
