6 0.459162 0.711490 0.039062 0.059343
3 0.069247 0.851641 0.039062 0.059343
2 0.787287 0.238005 0.029119 0.051768
0 0.794744 0.085227 0.068182 0.077020
3 0.688565 0.850379 0.039062 0.059343
2 0.966264 0.933712 0.029119 0.051768
2 0.180043 0.520833 0.029119 0.051768
2 0.526634 0.446338 0.029119 0.051768
8 0.450639 0.072601 0.039062 0.059343
2 0.544389 0.339015 0.029119 0.051768
1 0.159091 0.111742 0.068182 0.077020
4 0.819247 0.919823 0.039062 0.059343
8 0.229048 0.847854 0.039062 0.059343
8 0.050071 0.067551 0.039062 0.059343
7 0.428622 0.323864 0.039062 0.059343
6 0.718395 0.716540 0.039062 0.059343
7 0.675781 0.238005 0.039062 0.059343
5 0.429332 0.474116 0.039062 0.059343
7 0.444247 0.955177 0.039062 0.059343
5 0.201349 0.291035 0.039062 0.059343
3 0.838423 0.768308 0.039062 0.059343
8 0.563565 0.873106 0.039062 0.059343
3 0.339844 0.124369 0.039062 0.059343
6 0.279474 0.479167 0.039062 0.059343
1 0.332386 0.956439 0.068182 0.077020
5 0.040128 0.365530 0.039062 0.059343
7 0.601918 0.719066 0.039062 0.059343
7 0.022372 0.506944 0.039062 0.059343
0 0.835938 0.513258 0.068182 0.077020
4 0.900923 0.119318 0.039062 0.059343
2 0.653764 0.131944 0.029119 0.051768
0 0.924716 0.440025 0.068182 0.077020
8 0.329190 0.369318 0.039062 0.059343
5 0.084162 0.748106 0.039062 0.059343
4 0.691406 0.568813 0.039062 0.059343
2 0.317116 0.764520 0.029119 0.051768
6 0.979759 0.652146 0.039062 0.059343
8 0.582031 0.086490 0.039062 0.059343
7 0.937145 0.269571 0.039062 0.059343
1 0.164773 0.692551 0.068182 0.077020
