3 0.153764 0.682449 0.039062 0.059343
6 0.416548 0.323864 0.039062 0.059343
1 0.693182 0.937500 0.068182 0.077020
6 0.824929 0.063763 0.039062 0.059343
1 0.304688 0.342803 0.068182 0.077020
1 0.539773 0.471591 0.068182 0.077020
1 0.432528 0.947601 0.068182 0.077020
7 0.151634 0.153409 0.039062 0.059343
3 0.838423 0.331439 0.039062 0.059343
6 0.465554 0.755682 0.039062 0.059343
0 0.307528 0.746843 0.068182 0.077020
2 0.779474 0.467803 0.029119 0.051768
7 0.325639 0.927399 0.039062 0.059343
2 0.643821 0.498106 0.029119 0.051768
1 0.450284 0.488005 0.068182 0.077020
5 0.851207 0.886995 0.039062 0.059343
7 0.655895 0.721591 0.039062 0.059343
4 0.327770 0.155934 0.039062 0.059343
2 0.927202 0.839015 0.029119 0.051768
7 0.544389 0.846591 0.039062 0.059343
8 0.447798 0.128157 0.039062 0.059343
3 0.035156 0.558712 0.039062 0.059343
1 0.325284 0.490530 0.068182 0.077020
3 0.903054 0.490530 0.039062 0.059343
