0 0.064631 0.674874 0.068182 0.077020
1 0.805398 0.953914 0.068182 0.077020
4 0.921520 0.568813 0.039062 0.059343
3 0.560014 0.051136 0.039062 0.059343
3 0.544389 0.272096 0.039062 0.059343
2 0.930043 0.625631 0.029119 0.051768
0 0.425426 0.498106 0.068182 0.077020
2 0.405185 0.261995 0.029119 0.051768
6 0.038707 0.453914 0.039062 0.059343
8 0.667259 0.953914 0.039062 0.059343
6 0.854048 0.443813 0.039062 0.059343
5 0.344105 0.037247 0.039062 0.059343
1 0.412642 0.149621 0.068182 0.077020
4 0.600497 0.948864 0.039062 0.059343
6 0.192116 0.063763 0.039062 0.059343
0 0.838778 0.716540 0.068182 0.077020
1 0.179688 0.465278 0.068182 0.077020
7 0.475497 0.629419 0.039062 0.059343
5 0.844105 0.272096 0.039062 0.059343
1 0.306818 0.511995 0.068182 0.077020
7 0.912997 0.354167 0.039062 0.059343
5 0.068537 0.273359 0.039062 0.059343
1 0.791193 0.113005 0.068182 0.077020
6 0.058594 0.840278 0.039062 0.059343
8 0.092685 0.155934 0.039062 0.059343
1 0.672585 0.558712 0.068182 0.077020
5 0.303622 0.697601 0.039062 0.059343
7 0.721236 0.692551 0.039062 0.059343
8 0.969105 0.128157 0.039062 0.059343
2 0.702060 0.154672 0.029119 0.051768
4 0.957741 0.947601 0.039062 0.059343
8 0.344105 0.342803 0.039062 0.059343
2 0.337713 0.823864 0.029119 0.051768
1 0.430398 0.934975 0.068182 0.077020
5 0.177912 0.683712 0.039062 0.059343
8 0.175071 0.261995 0.039062 0.059343
0 0.553977 0.744318 0.068182 0.077020
2 0.560014 0.426136 0.029119 0.051768
3 0.154474 0.902146 0.039062 0.059343
2 0.651634 0.245581 0.029119 0.051768
