8 0.081321 0.957702 0.039062 0.059343
3 0.936435 0.708965 0.039062 0.059343
2 0.832741 0.839015 0.029119 0.051768
1 0.433239 0.692551 0.068182 0.077020
6 0.519531 0.697601 0.039062 0.059343
1 0.066051 0.755682 0.068182 0.077020
7 0.150923 0.876894 0.039062 0.059343
8 0.839844 0.671086 0.039062 0.059343
5 0.035866 0.249369 0.039062 0.059343
5 0.414418 0.241793 0.039062 0.059343
1 0.549006 0.480429 0.068182 0.077020
4 0.935014 0.551136 0.039062 0.059343
7 0.812145 0.330177 0.039062 0.059343
8 0.398793 0.885732 0.039062 0.059343
3 0.199219 0.567551 0.039062 0.059343
7 0.355469 0.316288 0.039062 0.059343
7 0.906605 0.048611 0.039062 0.059343
5 0.540128 0.148359 0.039062 0.059343
0 0.659801 0.157197 0.068182 0.077020
6 0.426491 0.557449 0.039062 0.059343
1 0.561080 0.283460 0.068182 0.077020
7 0.270952 0.158460 0.039062 0.059343
