6 0.932884 0.134470 0.039062 0.059343
7 0.192827 0.277146 0.039062 0.059343
6 0.447798 0.731692 0.039062 0.059343
1 0.463778 0.097854 0.068182 0.077020
7 0.074219 0.547348 0.039062 0.059343
3 0.434304 0.254419 0.039062 0.059343
4 0.708452 0.147096 0.039062 0.059343
2 0.583452 0.528409 0.029119 0.051768
5 0.589844 0.904672 0.039062 0.059343
1 0.161222 0.729167 0.068182 0.077020
1 0.813920 0.926136 0.068182 0.077020
4 0.947088 0.660985 0.039062 0.059343
1 0.828125 0.640783 0.068182 0.077020
8 0.550071 0.272096 0.039062 0.059343
6 0.469815 0.495581 0.039062 0.059343
6 0.091264 0.846591 0.039062 0.059343
7 0.307173 0.431187 0.039062 0.059343
3 0.227628 0.155934 0.039062 0.059343
7 0.814276 0.157197 0.039062 0.059343
8 0.316406 0.940025 0.039062 0.059343
6 0.816406 0.498106 0.039062 0.059343
7 0.682884 0.649621 0.039062 0.059343
1 0.691051 0.346591 0.068182 0.077020
4 0.153054 0.467803 0.039062 0.059343
