3 0.410156 0.457702 0.039062 0.059343
5 0.722656 0.342803 0.039062 0.059343
3 0.667259 0.447601 0.039062 0.059343
1 0.307528 0.876894 0.068182 0.077020
6 0.846236 0.657197 0.039062 0.059343
7 0.578480 0.325126 0.039062 0.059343
4 0.905185 0.493056 0.039062 0.059343
6 0.082031 0.058712 0.039062 0.059343
5 0.898082 0.302399 0.039062 0.059343
3 0.025923 0.844066 0.039062 0.059343
1 0.442472 0.067551 0.068182 0.077020
0 0.712358 0.073864 0.068182 0.077020
4 0.673651 0.941288 0.039062 0.059343
3 0.449929 0.731692 0.039062 0.059343
0 0.336648 0.539773 0.068182 0.077020
7 0.057884 0.272096 0.039062 0.059343
3 0.605469 0.760732 0.039062 0.059343
0 0.551136 0.110480 0.068182 0.077020
4 0.782315 0.428662 0.039062 0.059343
6 0.280895 0.352904 0.039062 0.059343
6 0.818537 0.078914 0.039062 0.059343
2 0.976207 0.748106 0.029119 0.051768
6 0.534446 0.873106 0.039062 0.059343
2 0.402344 0.967803 0.029119 0.051768
4 0.523793 0.562500 0.039062 0.059343
0 0.286222 0.063763 0.068182 0.077020
0 0.913352 0.076389 0.068182 0.077020
0 0.035511 0.701389 0.068182 0.077020
3 0.202060 0.936237 0.039062 0.059343
3 0.212003 0.099116 0.039062 0.059343
