4 0.150923 0.057449 0.039062 0.059343
3 0.832741 0.087753 0.039062 0.059343
6 0.901634 0.493056 0.039062 0.059343
2 0.647372 0.952652 0.029119 0.051768
2 0.675071 0.296086 0.029119 0.051768
5 0.917969 0.058712 0.039062 0.059343
0 0.790483 0.530934 0.068182 0.077020
0 0.554688 0.466540 0.068182 0.077020
7 0.704901 0.738005 0.039062 0.059343
0 0.410511 0.871843 0.068182 0.077020
8 0.153054 0.482955 0.039062 0.059343
3 0.708452 0.517045 0.039062 0.059343
3 0.321378 0.696338 0.039062 0.059343
3 0.310724 0.046086 0.039062 0.059343
3 0.709872 0.143308 0.039062 0.059343
6 0.440696 0.356692 0.039062 0.059343
7 0.846236 0.863005 0.039062 0.059343
2 0.101207 0.643308 0.029119 0.051768
4 0.460582 0.063763 0.039062 0.059343
2 0.525923 0.337753 0.029119 0.051768
4 0.157315 0.320076 0.039062 0.059343
1 0.807528 0.745581 0.068182 0.077020
5 0.476918 0.519571 0.039062 0.059343
0 0.065341 0.442551 0.068182 0.077020
4 0.542259 0.878157 0.039062 0.059343
3 0.057173 0.924874 0.039062 0.059343
1 0.068892 0.047348 0.068182 0.077020
2 0.430043 0.759470 0.029119 0.051768
