3 0.528054 0.755682 0.039062 0.059343
1 0.070312 0.115530 0.068182 0.077020
1 0.183239 0.043561 0.068182 0.077020
8 0.336293 0.240530 0.039062 0.059343
1 0.931108 0.317551 0.068182 0.077020
0 0.711648 0.527146 0.068182 0.077020
5 0.840554 0.284722 0.039062 0.059343
7 0.726207 0.640783 0.039062 0.059343
2 0.455611 0.352904 0.029119 0.051768
3 0.557173 0.130682 0.039062 0.059343
3 0.293679 0.677399 0.039062 0.059343
3 0.578480 0.880682 0.039062 0.059343
6 0.225497 0.639520 0.039062 0.059343
0 0.427557 0.721591 0.068182 0.077020
5 0.352628 0.152146 0.039062 0.059343
0 0.043324 0.648359 0.068182 0.077020
8 0.201349 0.259470 0.039062 0.059343
7 0.677202 0.272096 0.039062 0.059343
4 0.774503 0.962753 0.039062 0.059343
0 0.945312 0.859217 0.068182 0.077020
4 0.922230 0.058712 0.039062 0.059343
2 0.055043 0.244318 0.029119 0.051768
6 0.454190 0.863005 0.039062 0.059343
7 0.572798 0.369318 0.039062 0.059343
1 0.178267 0.481692 0.068182 0.077020
7 0.399503 0.558712 0.039062 0.059343
3 0.469815 0.101641 0.039062 0.059343
4 0.814986 0.033460 0.039062 0.059343
5 0.653054 0.048611 0.039062 0.059343
7 0.195668 0.841540 0.039062 0.059343
2 0.337003 0.892045 0.029119 0.051768
5 0.805753 0.631944 0.039062 0.059343
4 0.905185 0.534722 0.039062 0.059343
3 0.724077 0.846591 0.039062 0.059343
6 0.057173 0.457702 0.039062 0.059343
5 0.598366 0.480429 0.039062 0.059343
0 0.950994 0.644571 0.068182 0.077020
3 0.321378 0.544823 0.039062 0.059343
