8 0.964134 0.312500 0.039062 0.059343
6 0.435014 0.330177 0.039062 0.059343
2 0.072798 0.567551 0.029119 0.051768
8 0.729048 0.356692 0.039062 0.059343
3 0.959162 0.557449 0.039062 0.059343
3 0.191406 0.465278 0.039062 0.059343
5 0.027344 0.163510 0.039062 0.059343
4 0.329190 0.311237 0.039062 0.059343
2 0.527344 0.886995 0.029119 0.051768
6 0.401634 0.524621 0.039062 0.059343
2 0.090554 0.677399 0.029119 0.051768
5 0.682173 0.708965 0.039062 0.059343
1 0.789062 0.732955 0.068182 0.077020
6 0.805753 0.481692 0.039062 0.059343
1 0.686080 0.895833 0.068182 0.077020
4 0.067827 0.924874 0.039062 0.059343
3 0.151634 0.243056 0.039062 0.059343
0 0.284091 0.548611 0.068182 0.077020
5 0.564986 0.557449 0.039062 0.059343
2 0.050781 0.265783 0.029119 0.051768
1 0.557528 0.336490 0.068182 0.077020
2 0.344105 0.149621 0.029119 0.051768
7 0.225497 0.842803 0.039062 0.059343
4 0.795099 0.899621 0.039062 0.059343
2 0.962713 0.038510 0.029119 0.051768
6 0.430043 0.755682 0.039062 0.059343
4 0.785866 0.288510 0.039062 0.059343
1 0.684659 0.552399 0.068182 0.077020
