1 0.534801 0.898359 0.068182 0.077020
2 0.091264 0.308712 0.029119 0.051768
8 0.916548 0.854167 0.039062 0.059343
3 0.281605 0.248106 0.039062 0.059343
6 0.175071 0.280934 0.039062 0.059343
4 0.226207 0.149621 0.039062 0.059343
6 0.283026 0.837753 0.039062 0.059343
8 0.439986 0.345328 0.039062 0.059343
3 0.151634 0.490530 0.039062 0.059343
0 0.541903 0.335227 0.068182 0.077020
1 0.689631 0.541035 0.068182 0.077020
6 0.067116 0.830177 0.039062 0.059343
4 0.905895 0.293561 0.039062 0.059343
8 0.537997 0.447601 0.039062 0.059343
0 0.667614 0.703914 0.068182 0.077020
8 0.180753 0.927399 0.039062 0.059343
8 0.474077 0.961490 0.039062 0.059343
3 0.347656 0.561237 0.039062 0.059343
8 0.573509 0.159722 0.039062 0.059343
7 0.041548 0.639520 0.039062 0.059343
3 0.715554 0.927399 0.039062 0.059343
6 0.915128 0.645833 0.039062 0.059343
7 0.403054 0.131944 0.039062 0.059343
5 0.774503 0.251894 0.039062 0.059343
