3 0.580611 0.360480 0.039062 0.059343
7 0.081321 0.303662 0.039062 0.059343
6 0.167969 0.264520 0.039062 0.059343
1 0.956676 0.919823 0.068182 0.077020
6 0.908736 0.673611 0.039062 0.059343
6 0.226207 0.100379 0.039062 0.059343
2 0.849077 0.263258 0.029119 0.051768
3 0.826349 0.706439 0.039062 0.059343
6 0.670810 0.433712 0.039062 0.059343
3 0.600497 0.931187 0.039062 0.059343
2 0.676491 0.712753 0.029119 0.051768
8 0.084872 0.724116 0.039062 0.059343
1 0.549006 0.527146 0.068182 0.077020
5 0.548651 0.648359 0.039062 0.059343
5 0.219815 0.732955 0.039062 0.059343
1 0.437500 0.928662 0.068182 0.077020
3 0.286577 0.464015 0.039062 0.059343
5 0.275213 0.902146 0.039062 0.059343
6 0.775923 0.522096 0.039062 0.059343
4 0.400213 0.307449 0.039062 0.059343
7 0.316406 0.633207 0.039062 0.059343
7 0.562855 0.121843 0.039062 0.059343
6 0.951349 0.498106 0.039062 0.059343
2 0.780185 0.837753 0.029119 0.051768
2 0.415838 0.106692 0.029119 0.051768
3 0.319957 0.163510 0.039062 0.059343
4 0.055043 0.438763 0.039062 0.059343
7 0.030185 0.090278 0.039062 0.059343
5 0.932884 0.129419 0.039062 0.059343
6 0.836293 0.062500 0.039062 0.059343
3 0.182173 0.902146 0.039062 0.059343
5 0.071378 0.897096 0.039062 0.059343
1 0.693182 0.885732 0.068182 0.077020
6 0.444247 0.498106 0.039062 0.059343
6 0.400213 0.633207 0.039062 0.059343
3 0.340554 0.246843 0.039062 0.059343
3 0.185724 0.460227 0.039062 0.059343
1 0.916903 0.345328 0.068182 0.077020
4 0.722656 0.270833 0.039062 0.059343
