1 0.426136 0.308712 0.068182 0.077020
5 0.055753 0.527146 0.039062 0.059343
7 0.144531 0.876894 0.039062 0.059343
3 0.035156 0.707702 0.039062 0.059343
1 0.460938 0.123106 0.068182 0.077020
7 0.776634 0.695076 0.039062 0.059343
0 0.964489 0.746843 0.068182 0.077020
8 0.522372 0.565025 0.039062 0.059343
0 0.693182 0.313763 0.068182 0.077020
5 0.410156 0.648359 0.039062 0.059343
1 0.038352 0.091540 0.068182 0.077020
0 0.811790 0.128157 0.068182 0.077020
3 0.171520 0.649621 0.039062 0.059343
2 0.573509 0.298611 0.029119 0.051768
2 0.225497 0.296086 0.029119 0.051768
2 0.406605 0.474116 0.029119 0.051768
2 0.851207 0.240530 0.029119 0.051768
8 0.820668 0.870581 0.039062 0.059343
2 0.656605 0.534722 0.029119 0.051768
5 0.687855 0.703914 0.039062 0.059343
2 0.346946 0.844066 0.029119 0.051768
2 0.344815 0.340278 0.029119 0.051768
8 0.545099 0.674874 0.039062 0.059343
5 0.908736 0.437500 0.039062 0.059343
8 0.902344 0.063763 0.039062 0.059343
4 0.898082 0.265783 0.039062 0.059343
6 0.846946 0.553662 0.039062 0.059343
