4 0.089134 0.688763 0.039062 0.059343
4 0.222656 0.450126 0.039062 0.059343
6 0.657315 0.554924 0.039062 0.059343
1 0.208097 0.736742 0.068182 0.077020
3 0.675071 0.229167 0.039062 0.059343
8 0.770952 0.534722 0.039062 0.059343
3 0.324219 0.732955 0.039062 0.059343
1 0.442472 0.277146 0.068182 0.077020
0 0.795455 0.879419 0.068182 0.077020
0 0.063920 0.530934 0.068182 0.077020
7 0.416548 0.927399 0.039062 0.059343
4 0.176491 0.075126 0.039062 0.059343
6 0.459872 0.756944 0.039062 0.059343
3 0.927912 0.145833 0.039062 0.059343
2 0.062855 0.365530 0.029119 0.051768
2 0.928622 0.629419 0.029119 0.051768
5 0.705611 0.099116 0.039062 0.059343
0 0.806818 0.321338 0.068182 0.077020
2 0.547940 0.356692 0.029119 0.051768
5 0.535866 0.913510 0.039062 0.059343
