3 0.546520 0.520833 0.039062 0.059343
5 0.913707 0.522096 0.039062 0.059343
4 0.275923 0.717803 0.039062 0.059343
4 0.710582 0.842803 0.039062 0.059343
1 0.442472 0.238005 0.068182 0.077020
7 0.309304 0.323864 0.039062 0.059343
1 0.544034 0.102904 0.068182 0.077020
2 0.653764 0.532197 0.029119 0.051768
7 0.170810 0.059975 0.039062 0.059343
4 0.150213 0.759470 0.039062 0.059343
1 0.804688 0.847854 0.068182 0.077020
5 0.463423 0.851641 0.039062 0.059343
4 0.964134 0.644571 0.039062 0.059343
5 0.084162 0.726641 0.039062 0.059343
6 0.334162 0.119318 0.039062 0.059343
2 0.040128 0.883207 0.029119 0.051768
5 0.729759 0.764520 0.039062 0.059343
3 0.552912 0.710227 0.039062 0.059343
8 0.550781 0.296086 0.039062 0.059343
4 0.212003 0.489268 0.039062 0.059343
8 0.479759 0.681187 0.039062 0.059343
8 0.404474 0.162247 0.039062 0.059343
8 0.229759 0.904672 0.039062 0.059343
5 0.786577 0.544823 0.039062 0.059343
7 0.344105 0.493056 0.039062 0.059343
0 0.707386 0.061237 0.068182 0.077020
3 0.770241 0.339015 0.039062 0.059343
4 0.847656 0.636995 0.039062 0.059343
4 0.047940 0.287247 0.039062 0.059343
5 0.270952 0.897096 0.039062 0.059343
