4 0.204901 0.082702 0.039062 0.059343
6 0.320668 0.687500 0.039062 0.059343
2 0.456321 0.327652 0.029119 0.051768
0 0.682528 0.860480 0.068182 0.077020
7 0.170810 0.692551 0.039062 0.059343
4 0.098366 0.673611 0.039062 0.059343
3 0.166548 0.361742 0.039062 0.059343
7 0.332741 0.465278 0.039062 0.059343
4 0.920810 0.676136 0.039062 0.059343
8 0.808594 0.740530 0.039062 0.059343
4 0.312145 0.062500 0.039062 0.059343
1 0.203835 0.876894 0.068182 0.077020
6 0.587003 0.717803 0.039062 0.059343
8 0.711293 0.658460 0.039062 0.059343
2 0.433594 0.479167 0.029119 0.051768
1 0.697443 0.245581 0.068182 0.077020
3 0.479759 0.086490 0.039062 0.059343
7 0.216974 0.522096 0.039062 0.059343
8 0.417969 0.687500 0.039062 0.059343
5 0.475497 0.917298 0.039062 0.059343
5 0.567116 0.888258 0.039062 0.059343
4 0.096946 0.043561 0.039062 0.059343
3 0.279474 0.274621 0.039062 0.059343
2 0.086293 0.501894 0.029119 0.051768
4 0.667969 0.107955 0.039062 0.059343
0 0.786222 0.513258 0.068182 0.077020
3 0.519531 0.283460 0.039062 0.059343
6 0.920099 0.929924 0.039062 0.059343
6 0.550071 0.493056 0.039062 0.059343
6 0.095526 0.924874 0.039062 0.059343
6 0.673651 0.488005 0.039062 0.059343
7 0.318537 0.883207 0.039062 0.059343
