8 0.652344 0.636995 0.039062 0.059343
6 0.443537 0.639520 0.039062 0.059343
1 0.560369 0.878157 0.068182 0.077020
5 0.153054 0.318813 0.039062 0.059343
4 0.828480 0.893308 0.039062 0.059343
4 0.567116 0.698864 0.039062 0.059343
0 0.044034 0.341540 0.068182 0.077020
6 0.654474 0.876894 0.039062 0.059343
8 0.448509 0.916035 0.039062 0.059343
6 0.707031 0.563763 0.039062 0.059343
3 0.278054 0.230429 0.039062 0.059343
8 0.155895 0.957702 0.039062 0.059343
0 0.428267 0.131944 0.068182 0.077020
3 0.819247 0.123106 0.039062 0.059343
1 0.289773 0.493056 0.068182 0.077020
1 0.917614 0.041035 0.068182 0.077020
6 0.682173 0.273359 0.039062 0.059343
4 0.924361 0.508207 0.039062 0.059343
8 0.778054 0.470328 0.039062 0.059343
7 0.033026 0.485480 0.039062 0.059343
8 0.564986 0.511995 0.039062 0.059343
5 0.304332 0.690025 0.039062 0.059343
4 0.726918 0.043561 0.039062 0.059343
6 0.770952 0.695076 0.039062 0.059343
1 0.539773 0.284722 0.068182 0.077020
0 0.830966 0.303662 0.068182 0.077020
6 0.276634 0.900884 0.039062 0.059343
7 0.593395 0.155934 0.039062 0.059343
1 0.073864 0.884470 0.068182 0.077020
1 0.962358 0.866793 0.068182 0.077020
6 0.212003 0.504419 0.039062 0.059343
1 0.916903 0.740530 0.068182 0.077020
1 0.919034 0.302399 0.068182 0.077020
