5 0.796520 0.827652 0.039062 0.059343
4 0.569247 0.035985 0.039062 0.059343
7 0.822088 0.033460 0.039062 0.059343
0 0.419034 0.100379 0.068182 0.077020
0 0.330966 0.921086 0.068182 0.077020
7 0.560724 0.714015 0.039062 0.059343
7 0.678622 0.636995 0.039062 0.059343
4 0.665838 0.854167 0.039062 0.059343
3 0.952770 0.910985 0.039062 0.059343
8 0.434304 0.856692 0.039062 0.059343
7 0.095526 0.528409 0.039062 0.059343
0 0.071023 0.759470 0.068182 0.077020
0 0.334517 0.042298 0.068182 0.077020
2 0.527344 0.525884 0.029119 0.051768
7 0.970526 0.312500 0.039062 0.059343
4 0.946378 0.144571 0.039062 0.059343
3 0.408736 0.712753 0.039062 0.059343
3 0.165838 0.147096 0.039062 0.059343
6 0.769531 0.275884 0.039062 0.059343
7 0.899503 0.726641 0.039062 0.059343
0 0.339489 0.249369 0.068182 0.077020
7 0.055043 0.898359 0.039062 0.059343
3 0.317827 0.465278 0.039062 0.059343
2 0.594105 0.315025 0.029119 0.051768
8 0.587003 0.863005 0.039062 0.059343
5 0.099787 0.254419 0.039062 0.059343
0 0.186790 0.919823 0.068182 0.077020
1 0.034091 0.104167 0.068182 0.077020
6 0.156605 0.361742 0.039062 0.059343
7 0.207741 0.669823 0.039062 0.059343
4 0.272372 0.633207 0.039062 0.059343
5 0.670810 0.097854 0.039062 0.059343
1 0.685369 0.491793 0.068182 0.077020
2 0.643111 0.249369 0.029119 0.051768
8 0.404474 0.529672 0.039062 0.059343
