3 0.304332 0.888258 0.039062 0.059343
5 0.591974 0.298611 0.039062 0.059343
5 0.973366 0.453914 0.039062 0.059343
6 0.053622 0.638258 0.039062 0.059343
1 0.085227 0.493056 0.068182 0.077020
8 0.836293 0.342803 0.039062 0.059343
4 0.067116 0.908460 0.039062 0.059343
1 0.794744 0.697601 0.068182 0.077020
8 0.478338 0.464015 0.039062 0.059343
3 0.212003 0.700126 0.039062 0.059343
5 0.210582 0.845328 0.039062 0.059343
8 0.057884 0.265783 0.039062 0.059343
1 0.535511 0.941288 0.068182 0.077020
3 0.788707 0.032197 0.039062 0.059343
7 0.405185 0.649621 0.039062 0.059343
7 0.315696 0.277146 0.039062 0.059343
7 0.729048 0.926136 0.039062 0.059343
1 0.710227 0.714015 0.068182 0.077020
1 0.200994 0.522096 0.068182 0.077020
0 0.297585 0.729167 0.068182 0.077020
4 0.563565 0.048611 0.039062 0.059343
3 0.786577 0.508207 0.039062 0.059343
6 0.160156 0.272096 0.039062 0.059343
2 0.674361 0.113005 0.029119 0.051768
3 0.437855 0.231692 0.039062 0.059343
2 0.957031 0.355429 0.029119 0.051768
7 0.665838 0.428662 0.039062 0.059343
3 0.930753 0.076389 0.039062 0.059343
