6 0.449219 0.639520 0.039062 0.059343
4 0.790838 0.363005 0.039062 0.059343
6 0.023793 0.306187 0.039062 0.059343
2 0.529474 0.969066 0.029119 0.051768
8 0.537287 0.124369 0.039062 0.059343
1 0.081676 0.927399 0.068182 0.077020
4 0.092685 0.445076 0.039062 0.059343
4 0.712713 0.957702 0.039062 0.059343
4 0.797940 0.955177 0.039062 0.059343
3 0.083452 0.734217 0.039062 0.059343
6 0.402344 0.236742 0.039062 0.059343
6 0.300071 0.760732 0.039062 0.059343
5 0.707031 0.051136 0.039062 0.059343
5 0.944957 0.765783 0.039062 0.059343
7 0.944957 0.562500 0.039062 0.059343
1 0.182528 0.650884 0.068182 0.077020
0 0.323864 0.452652 0.068182 0.077020
8 0.455611 0.067551 0.039062 0.059343
4 0.207741 0.967803 0.039062 0.059343
8 0.583452 0.539773 0.039062 0.059343
0 0.578835 0.316288 0.068182 0.077020
2 0.842685 0.501894 0.029119 0.051768
2 0.659446 0.667298 0.029119 0.051768
8 0.956321 0.967803 0.039062 0.059343
0 0.455256 0.859217 0.068182 0.077020
1 0.672585 0.511995 0.068182 0.077020
1 0.911932 0.288510 0.068182 0.077020
5 0.439276 0.495581 0.039062 0.059343
8 0.202060 0.113005 0.039062 0.059343
1 0.834517 0.128157 0.068182 0.077020
2 0.731179 0.293561 0.029119 0.051768
1 0.186790 0.293561 0.068182 0.077020
