3 0.665128 0.681187 0.039062 0.059343
7 0.090554 0.519571 0.039062 0.059343
4 0.437855 0.508207 0.039062 0.059343
5 0.769531 0.458965 0.039062 0.059343
6 0.549361 0.308712 0.039062 0.059343
5 0.410156 0.110480 0.039062 0.059343
4 0.711293 0.169823 0.039062 0.059343
1 0.160511 0.696338 0.068182 0.077020
0 0.916903 0.722854 0.068182 0.077020
1 0.944602 0.120581 0.068182 0.077020
8 0.154474 0.253157 0.039062 0.059343
3 0.659446 0.236742 0.039062 0.059343
4 0.677912 0.562500 0.039062 0.059343
3 0.916548 0.866793 0.039062 0.059343
1 0.194602 0.150884 0.068182 0.077020
0 0.681108 0.836490 0.068182 0.077020
5 0.822798 0.244318 0.039062 0.059343
1 0.303267 0.660985 0.068182 0.077020
7 0.103338 0.085227 0.039062 0.059343
8 0.082741 0.674874 0.039062 0.059343
3 0.200639 0.880682 0.039062 0.059343
6 0.582741 0.764520 0.039062 0.059343
3 0.945668 0.433712 0.039062 0.059343
3 0.535866 0.953914 0.039062 0.059343
3 0.442827 0.960227 0.039062 0.059343
4 0.164418 0.498106 0.039062 0.059343
3 0.320668 0.547348 0.039062 0.059343
5 0.921520 0.231692 0.039062 0.059343
0 0.570312 0.099116 0.068182 0.077020
4 0.054332 0.902146 0.039062 0.059343
