3 0.587003 0.529672 0.039062 0.059343
8 0.900923 0.041035 0.039062 0.059343
4 0.823509 0.953914 0.039062 0.059343
3 0.711293 0.767045 0.039062 0.059343
8 0.200639 0.138258 0.039062 0.059343
6 0.287997 0.291035 0.039062 0.059343
1 0.415483 0.541035 0.068182 0.077020
7 0.302202 0.451389 0.039062 0.059343
1 0.182528 0.884470 0.068182 0.077020
1 0.432528 0.957702 0.068182 0.077020
0 0.090909 0.308712 0.068182 0.077020
3 0.712003 0.961490 0.039062 0.059343
3 0.571378 0.691288 0.039062 0.059343
6 0.898082 0.912247 0.039062 0.059343
8 0.655895 0.294823 0.039062 0.059343
5 0.044389 0.883207 0.039062 0.059343
6 0.226207 0.498106 0.039062 0.059343
6 0.289418 0.643308 0.039062 0.059343
4 0.785156 0.767045 0.039062 0.059343
7 0.421520 0.639520 0.039062 0.059343
1 0.071733 0.696338 0.068182 0.077020
5 0.817827 0.501894 0.039062 0.059343
