2 0.604048 0.503157 0.029119 0.051768
2 0.405185 0.025884 0.029119 0.051768
8 0.814986 0.299874 0.039062 0.059343
3 0.025213 0.716540 0.039062 0.059343
4 0.350497 0.082702 0.039062 0.059343
4 0.101207 0.071338 0.039062 0.059343
7 0.080611 0.333965 0.039062 0.059343
1 0.191051 0.900884 0.068182 0.077020
0 0.337358 0.884470 0.068182 0.077020
5 0.204901 0.119318 0.039062 0.059343
2 0.950639 0.953914 0.029119 0.051768
2 0.724077 0.062500 0.029119 0.051768
4 0.793679 0.870581 0.039062 0.059343
3 0.217685 0.494318 0.039062 0.059343
2 0.814986 0.491793 0.029119 0.051768
1 0.441761 0.668561 0.068182 0.077020
2 0.658026 0.823864 0.029119 0.051768
2 0.348366 0.648359 0.029119 0.051768
1 0.799006 0.136995 0.068182 0.077020
7 0.952770 0.167298 0.039062 0.059343
0 0.038352 0.539773 0.068182 0.077020
3 0.592685 0.836490 0.039062 0.059343
7 0.410156 0.246843 0.039062 0.059343
1 0.704545 0.437500 0.068182 0.077020
0 0.559659 0.663510 0.068182 0.077020
4 0.182884 0.698864 0.039062 0.059343
7 0.949219 0.716540 0.039062 0.059343
5 0.457031 0.938763 0.039062 0.059343
2 0.777344 0.631944 0.029119 0.051768
8 0.104048 0.851641 0.039062 0.059343
4 0.685724 0.671086 0.039062 0.059343
8 0.978338 0.513258 0.039062 0.059343
