4 0.033736 0.765783 0.039062 0.059343
2 0.082031 0.171086 0.029119 0.051768
6 0.229048 0.703914 0.039062 0.059343
2 0.683594 0.044823 0.029119 0.051768
4 0.471236 0.845328 0.039062 0.059343
0 0.796875 0.952652 0.068182 0.077020
6 0.430043 0.159722 0.039062 0.059343
2 0.218395 0.144571 0.029119 0.051768
4 0.525213 0.320076 0.039062 0.059343
4 0.775923 0.643308 0.039062 0.059343
5 0.460582 0.490530 0.039062 0.059343
3 0.068537 0.280934 0.039062 0.059343
5 0.090554 0.921086 0.039062 0.059343
2 0.073509 0.517045 0.029119 0.051768
8 0.172230 0.268308 0.039062 0.059343
2 0.689276 0.693813 0.029119 0.051768
8 0.463423 0.653409 0.039062 0.059343
4 0.781605 0.235480 0.039062 0.059343
1 0.291903 0.085227 0.068182 0.077020
2 0.601918 0.658460 0.029119 0.051768
0 0.563210 0.461490 0.068182 0.077020
6 0.315696 0.332702 0.039062 0.059343
5 0.932173 0.333965 0.039062 0.059343
5 0.955611 0.030934 0.039062 0.059343
4 0.328480 0.642045 0.039062 0.059343
2 0.211293 0.503157 0.029119 0.051768
0 0.334517 0.480429 0.068182 0.077020
5 0.688565 0.932449 0.039062 0.059343
0 0.416193 0.288510 0.068182 0.077020
3 0.685014 0.282197 0.039062 0.059343
1 0.916193 0.898359 0.068182 0.077020
7 0.773082 0.523359 0.039062 0.059343
4 0.817827 0.049874 0.039062 0.059343
1 0.911222 0.535985 0.068182 0.077020
4 0.651634 0.525884 0.039062 0.059343
3 0.538707 0.035985 0.039062 0.059343
