8 0.563565 0.967803 0.039062 0.059343
5 0.685724 0.369318 0.039062 0.059343
0 0.207386 0.678662 0.068182 0.077020
1 0.936790 0.837753 0.068182 0.077020
3 0.084872 0.631944 0.039062 0.059343
1 0.052557 0.128157 0.068182 0.077020
1 0.182528 0.864268 0.068182 0.077020
2 0.442116 0.563763 0.029119 0.051768
0 0.034091 0.287247 0.068182 0.077020
3 0.439986 0.700126 0.039062 0.059343
0 0.789062 0.553662 0.068182 0.077020
4 0.726207 0.105429 0.039062 0.059343
3 0.154474 0.340278 0.039062 0.059343
0 0.795455 0.125631 0.068182 0.077020
4 0.727628 0.734217 0.039062 0.059343
6 0.816406 0.933712 0.039062 0.059343
2 0.584162 0.168561 0.029119 0.051768
5 0.709162 0.460227 0.039062 0.059343
4 0.645241 0.881944 0.039062 0.059343
1 0.451705 0.260732 0.068182 0.077020
1 0.340199 0.873106 0.068182 0.077020
7 0.908026 0.148359 0.039062 0.059343
