6 0.476207 0.284722 0.039062 0.059343
3 0.090554 0.157197 0.039062 0.059343
6 0.472656 0.457702 0.039062 0.059343
1 0.938920 0.447601 0.068182 0.077020
4 0.552202 0.231692 0.039062 0.059343
1 0.683949 0.744318 0.068182 0.077020
1 0.784801 0.243056 0.068182 0.077020
0 0.803267 0.456439 0.068182 0.077020
5 0.180043 0.556187 0.039062 0.059343
6 0.564276 0.674874 0.039062 0.059343
3 0.329901 0.232955 0.039062 0.059343
8 0.714134 0.863005 0.039062 0.059343
4 0.948509 0.320076 0.039062 0.059343
5 0.590554 0.125631 0.039062 0.059343
0 0.458807 0.129419 0.068182 0.077020
6 0.025923 0.690025 0.039062 0.059343
3 0.351918 0.940025 0.039062 0.059343
5 0.084162 0.337753 0.039062 0.059343
8 0.834872 0.750631 0.039062 0.059343
6 0.336293 0.505682 0.039062 0.059343
6 0.959872 0.100379 0.039062 0.059343
1 0.175426 0.337753 0.068182 0.077020
5 0.053622 0.847854 0.039062 0.059343
