5 0.305043 0.075126 0.039062 0.059343
5 0.953480 0.910985 0.039062 0.059343
0 0.431818 0.309975 0.068182 0.077020
7 0.226918 0.500631 0.039062 0.059343
1 0.705966 0.144571 0.068182 0.077020
0 0.784801 0.650884 0.068182 0.077020
3 0.105469 0.303662 0.039062 0.059343
7 0.437145 0.076389 0.039062 0.059343
8 0.569957 0.674874 0.039062 0.059343
5 0.949929 0.321338 0.039062 0.059343
6 0.585582 0.265783 0.039062 0.059343
8 0.941406 0.162247 0.039062 0.059343
6 0.722656 0.717803 0.039062 0.059343
4 0.929332 0.448864 0.039062 0.059343
5 0.907315 0.745581 0.039062 0.059343
5 0.275923 0.678662 0.039062 0.059343
3 0.562145 0.474116 0.039062 0.059343
5 0.474077 0.716540 0.039062 0.059343
7 0.181463 0.317551 0.039062 0.059343
8 0.464844 0.967803 0.039062 0.059343
3 0.719815 0.486742 0.039062 0.059343
5 0.822088 0.568813 0.039062 0.059343
7 0.149503 0.839015 0.039062 0.059343
2 0.219815 0.148359 0.029119 0.051768
3 0.289418 0.477904 0.039062 0.059343
5 0.653764 0.917298 0.039062 0.059343
2 0.576349 0.865530 0.029119 0.051768
4 0.826349 0.880682 0.039062 0.059343
5 0.200639 0.628157 0.039062 0.059343
0 0.034801 0.917298 0.068182 0.077020
3 0.037997 0.041035 0.039062 0.059343
2 0.407315 0.510732 0.029119 0.051768
4 0.662287 0.270833 0.039062 0.059343
1 0.789062 0.116793 0.068182 0.077020
6 0.028764 0.660985 0.039062 0.059343
3 0.554332 0.043561 0.039062 0.059343
8 0.808594 0.231692 0.039062 0.059343
3 0.310014 0.255682 0.039062 0.059343
