8 0.963423 0.756944 0.039062 0.059343
7 0.453480 0.337753 0.039062 0.059343
6 0.650923 0.057449 0.039062 0.059343
2 0.843395 0.167298 0.029119 0.051768
8 0.200639 0.232955 0.039062 0.059343
3 0.323509 0.916035 0.039062 0.059343
0 0.822443 0.743056 0.068182 0.077020
2 0.896662 0.058712 0.029119 0.051768
1 0.292614 0.043561 0.068182 0.077020
7 0.653764 0.441288 0.039062 0.059343
5 0.433594 0.895833 0.039062 0.059343
5 0.091264 0.658460 0.039062 0.059343
3 0.427912 0.116793 0.039062 0.059343
8 0.146662 0.128157 0.039062 0.059343
6 0.094815 0.341540 0.039062 0.059343
3 0.851207 0.469066 0.039062 0.059343
1 0.809659 0.340278 0.068182 0.077020
5 0.438565 0.716540 0.039062 0.059343
7 0.191406 0.716540 0.039062 0.059343
3 0.541548 0.960227 0.039062 0.059343
1 0.540483 0.144571 0.068182 0.077020
4 0.317116 0.273359 0.039062 0.059343
3 0.055043 0.489268 0.039062 0.059343
6 0.062145 0.075126 0.039062 0.059343
1 0.701705 0.275884 0.068182 0.077020
6 0.175781 0.466540 0.039062 0.059343
3 0.922940 0.551136 0.039062 0.059343
5 0.654474 0.908460 0.039062 0.059343
0 0.035511 0.941288 0.068182 0.077020
8 0.593395 0.517045 0.039062 0.059343
6 0.900923 0.892045 0.039062 0.059343
0 0.585227 0.251894 0.068182 0.077020
4 0.169389 0.860480 0.039062 0.059343
1 0.703835 0.682449 0.068182 0.077020
2 0.403054 0.456439 0.029119 0.051768
0 0.791193 0.866793 0.068182 0.077020
