7 0.191406 0.446338 0.039062 0.059343
1 0.058949 0.475379 0.068182 0.077020
0 0.661222 0.451389 0.068182 0.077020
5 0.525213 0.140783 0.039062 0.059343
8 0.968395 0.451389 0.039062 0.059343
7 0.930043 0.294823 0.039062 0.059343
4 0.831321 0.480429 0.039062 0.059343
4 0.949929 0.934975 0.039062 0.059343
8 0.163707 0.945076 0.039062 0.059343
5 0.805753 0.169823 0.039062 0.059343
5 0.314276 0.840278 0.039062 0.059343
6 0.442116 0.764520 0.039062 0.059343
7 0.944957 0.682449 0.039062 0.059343
0 0.412642 0.874369 0.068182 0.077020
4 0.104759 0.852904 0.039062 0.059343
5 0.569957 0.660985 0.039062 0.059343
7 0.447088 0.267045 0.039062 0.059343
4 0.570668 0.924874 0.039062 0.059343
5 0.454901 0.561237 0.039062 0.059343
3 0.545099 0.301136 0.039062 0.059343
2 0.054332 0.369318 0.029119 0.051768
