7 0.273082 0.245581 0.039062 0.059343
7 0.226918 0.505682 0.039062 0.059343
1 0.688210 0.115530 0.068182 0.077020
4 0.974077 0.874369 0.039062 0.059343
6 0.042259 0.659722 0.039062 0.059343
4 0.590554 0.293561 0.039062 0.059343
8 0.056463 0.527146 0.039062 0.059343
0 0.046165 0.054924 0.068182 0.077020
4 0.332031 0.042298 0.039062 0.059343
8 0.224077 0.325126 0.039062 0.059343
7 0.403054 0.153409 0.039062 0.059343
8 0.328480 0.471591 0.039062 0.059343
8 0.685014 0.230429 0.039062 0.059343
3 0.671520 0.633207 0.039062 0.059343
0 0.337358 0.941288 0.068182 0.077020
6 0.543679 0.942551 0.039062 0.059343
1 0.200994 0.958965 0.068182 0.077020
8 0.351207 0.692551 0.039062 0.059343
7 0.913707 0.636995 0.039062 0.059343
6 0.838423 0.839015 0.039062 0.059343
1 0.549006 0.496843 0.068182 0.077020
0 0.951705 0.445076 0.068182 0.077020
2 0.795810 0.496843 0.029119 0.051768
2 0.423651 0.696338 0.029119 0.051768
2 0.769531 0.232955 0.029119 0.051768
2 0.458452 0.229167 0.029119 0.051768
8 0.469815 0.931187 0.039062 0.059343
6 0.039418 0.875631 0.039062 0.059343
5 0.162287 0.740530 0.039062 0.059343
0 0.700994 0.500631 0.068182 0.077020
1 0.208807 0.116793 0.068182 0.077020
6 0.938565 0.166035 0.039062 0.059343
7 0.725497 0.839015 0.039062 0.059343
7 0.978338 0.312500 0.039062 0.059343
0 0.064631 0.292298 0.068182 0.077020
6 0.582741 0.653409 0.039062 0.059343
6 0.535866 0.097854 0.039062 0.059343
6 0.408736 0.461490 0.039062 0.059343
5 0.793679 0.113005 0.039062 0.059343
