6 0.785156 0.325126 0.039062 0.059343
3 0.059304 0.065025 0.039062 0.059343
1 0.570312 0.710227 0.068182 0.077020
6 0.849077 0.895833 0.039062 0.059343
3 0.919389 0.472854 0.039062 0.059343
8 0.952770 0.352904 0.039062 0.059343
4 0.694247 0.157197 0.039062 0.059343
5 0.301491 0.446338 0.039062 0.059343
1 0.421165 0.696338 0.068182 0.077020
5 0.096236 0.333965 0.039062 0.059343
3 0.852628 0.145833 0.039062 0.059343
1 0.162642 0.461490 0.068182 0.077020
4 0.648793 0.542298 0.039062 0.059343
2 0.154474 0.323864 0.029119 0.051768
8 0.603338 0.047348 0.039062 0.059343
3 0.101207 0.559975 0.039062 0.059343
1 0.431818 0.298611 0.068182 0.077020
8 0.090554 0.746843 0.039062 0.059343
5 0.322088 0.243056 0.039062 0.059343
2 0.898793 0.133207 0.029119 0.051768
5 0.660156 0.644571 0.039062 0.059343
2 0.170810 0.097854 0.029119 0.051768
5 0.023793 0.919823 0.039062 0.059343
8 0.895241 0.933712 0.039062 0.059343
3 0.567827 0.234217 0.039062 0.059343
3 0.848366 0.730429 0.039062 0.059343
0 0.694602 0.326389 0.068182 0.077020
3 0.574929 0.907197 0.039062 0.059343
7 0.543679 0.438763 0.039062 0.059343
3 0.480469 0.855429 0.039062 0.059343
7 0.324929 0.705177 0.039062 0.059343
6 0.164418 0.634470 0.039062 0.059343
2 0.199219 0.873106 0.029119 0.051768
5 0.346236 0.900884 0.039062 0.059343
8 0.423651 0.129419 0.039062 0.059343
1 0.664062 0.904672 0.068182 0.077020
7 0.817827 0.518308 0.039062 0.059343
2 0.435724 0.561237 0.029119 0.051768
3 0.316406 0.157197 0.039062 0.059343
