8 0.144531 0.520833 0.039062 0.059343
3 0.308594 0.333965 0.039062 0.059343
7 0.578480 0.030934 0.039062 0.059343
7 0.840554 0.125631 0.039062 0.059343
0 0.825994 0.253157 0.068182 0.077020
1 0.537642 0.687500 0.068182 0.077020
0 0.571023 0.552399 0.068182 0.077020
8 0.187145 0.057449 0.039062 0.059343
1 0.286222 0.885732 0.068182 0.077020
2 0.430753 0.711490 0.029119 0.051768
8 0.944957 0.739268 0.039062 0.059343
7 0.163707 0.323864 0.039062 0.059343
0 0.431108 0.317551 0.068182 0.077020
2 0.933594 0.835227 0.029119 0.051768
7 0.353338 0.533460 0.039062 0.059343
6 0.062145 0.523359 0.039062 0.059343
0 0.070312 0.716540 0.068182 0.077020
8 0.944247 0.349116 0.039062 0.059343
5 0.939986 0.119318 0.039062 0.059343
6 0.019531 0.960227 0.039062 0.059343
