8 0.332741 0.518308 0.039062 0.059343
6 0.158736 0.097854 0.039062 0.059343
0 0.832386 0.456439 0.068182 0.077020
3 0.473366 0.102904 0.039062 0.059343
0 0.059659 0.664773 0.068182 0.077020
3 0.909446 0.158460 0.039062 0.059343
3 0.562855 0.129419 0.039062 0.059343
3 0.187855 0.743056 0.039062 0.059343
5 0.072088 0.126894 0.039062 0.059343
3 0.974077 0.865530 0.039062 0.059343
8 0.785156 0.860480 0.039062 0.059343
6 0.292259 0.721591 0.039062 0.059343
3 0.215554 0.506944 0.039062 0.059343
4 0.975497 0.532197 0.039062 0.059343
2 0.839844 0.753157 0.029119 0.051768
2 0.938565 0.653409 0.029119 0.051768
7 0.712713 0.836490 0.039062 0.059343
2 0.332031 0.243056 0.029119 0.051768
8 0.537997 0.246843 0.039062 0.059343
2 0.827770 0.302399 0.029119 0.051768
0 0.580256 0.956439 0.068182 0.077020
4 0.719815 0.092803 0.039062 0.059343
4 0.346946 0.851641 0.039062 0.059343
8 0.979048 0.293561 0.039062 0.059343
6 0.397372 0.239268 0.039062 0.059343
4 0.439276 0.893308 0.039062 0.059343
0 0.043324 0.347854 0.068182 0.077020
5 0.192827 0.320076 0.039062 0.059343
2 0.709872 0.692551 0.029119 0.051768
3 0.561435 0.431187 0.039062 0.059343
2 0.713423 0.273359 0.029119 0.051768
0 0.817472 0.078914 0.068182 0.077020
2 0.108310 0.519571 0.029119 0.051768
8 0.329190 0.164773 0.039062 0.059343
6 0.712003 0.541035 0.039062 0.059343
