4 0.786577 0.472854 0.039062 0.059343
7 0.926491 0.091540 0.039062 0.059343
8 0.019531 0.229167 0.039062 0.059343
1 0.285511 0.946338 0.068182 0.077020
6 0.827770 0.905934 0.039062 0.059343
4 0.719105 0.428662 0.039062 0.059343
1 0.058949 0.501894 0.068182 0.077020
2 0.590554 0.749369 0.029119 0.051768
5 0.402344 0.282197 0.039062 0.059343
8 0.961293 0.515783 0.039062 0.059343
3 0.832741 0.041035 0.039062 0.059343
2 0.471946 0.034722 0.029119 0.051768
5 0.909446 0.231692 0.039062 0.059343
5 0.329190 0.481692 0.039062 0.059343
0 0.063920 0.837753 0.068182 0.077020
8 0.223366 0.951389 0.039062 0.059343
1 0.584517 0.058712 0.068182 0.077020
6 0.922940 0.831439 0.039062 0.059343
6 0.428622 0.496843 0.039062 0.059343
4 0.214844 0.089015 0.039062 0.059343
6 0.186435 0.768308 0.039062 0.059343
1 0.414062 0.912247 0.068182 0.077020
1 0.560369 0.484217 0.068182 0.077020
4 0.401634 0.751894 0.039062 0.059343
4 0.100497 0.126894 0.039062 0.059343
