4 0.452060 0.366793 0.039062 0.059343
4 0.843395 0.255682 0.039062 0.059343
4 0.099787 0.664773 0.039062 0.059343
0 0.659801 0.547348 0.068182 0.077020
3 0.084162 0.135732 0.039062 0.059343
5 0.710582 0.701389 0.039062 0.059343
0 0.176847 0.333965 0.068182 0.077020
7 0.899503 0.087753 0.039062 0.059343
6 0.400923 0.520833 0.039062 0.059343
5 0.076349 0.881944 0.039062 0.059343
2 0.953480 0.268308 0.029119 0.051768
6 0.712713 0.912247 0.039062 0.059343
4 0.175781 0.679924 0.039062 0.059343
0 0.306108 0.647096 0.068182 0.077020
2 0.682884 0.241793 0.029119 0.051768
4 0.294389 0.327652 0.039062 0.059343
0 0.534801 0.145833 0.068182 0.077020
8 0.585582 0.563763 0.039062 0.059343
8 0.829190 0.831439 0.039062 0.059343
4 0.212713 0.029672 0.039062 0.059343
4 0.555753 0.340278 0.039062 0.059343
8 0.918679 0.528409 0.039062 0.059343
2 0.077770 0.474116 0.029119 0.051768
0 0.200284 0.448864 0.068182 0.077020
3 0.344815 0.873106 0.039062 0.059343
5 0.059304 0.291035 0.039062 0.059343
6 0.432884 0.125631 0.039062 0.059343
8 0.968395 0.653409 0.039062 0.059343
4 0.713423 0.134470 0.039062 0.059343
8 0.340554 0.496843 0.039062 0.059343
5 0.769531 0.078914 0.039062 0.059343
5 0.149503 0.859217 0.039062 0.059343
1 0.449574 0.753157 0.068182 0.077020
3 0.919389 0.886995 0.039062 0.059343
1 0.785511 0.527146 0.068182 0.077020
