2 0.358310 0.494318 0.029119 0.051768
0 0.054688 0.461490 0.068182 0.077020
2 0.715554 0.331439 0.029119 0.051768
7 0.295099 0.297348 0.039062 0.059343
6 0.399503 0.333965 0.039062 0.059343
5 0.704901 0.469066 0.039062 0.059343
0 0.340909 0.158460 0.068182 0.077020
5 0.208452 0.470328 0.039062 0.059343
7 0.900213 0.140783 0.039062 0.059343
0 0.785511 0.724116 0.068182 0.077020
4 0.463423 0.647096 0.039062 0.059343
1 0.073153 0.720328 0.068182 0.077020
0 0.080256 0.274621 0.068182 0.077020
5 0.841974 0.129419 0.039062 0.059343
4 0.942116 0.535985 0.039062 0.059343
0 0.204545 0.253157 0.068182 0.077020
6 0.773793 0.272096 0.039062 0.059343
6 0.597656 0.693813 0.039062 0.059343
6 0.530895 0.962753 0.039062 0.059343
8 0.957031 0.830177 0.039062 0.059343
7 0.826349 0.951389 0.039062 0.059343
7 0.453480 0.941288 0.039062 0.059343
5 0.313565 0.671086 0.039062 0.059343
0 0.542614 0.524621 0.068182 0.077020
