2 0.955611 0.166035 0.029119 0.051768
7 0.042259 0.530934 0.039062 0.059343
2 0.581321 0.307449 0.029119 0.051768
2 0.157315 0.750631 0.029119 0.051768
2 0.142401 0.464015 0.029119 0.051768
3 0.827770 0.461490 0.039062 0.059343
2 0.837713 0.081439 0.029119 0.051768
8 0.538707 0.062500 0.039062 0.059343
1 0.661932 0.729167 0.068182 0.077020
0 0.686790 0.109217 0.068182 0.077020
0 0.946733 0.476641 0.068182 0.077020
3 0.170810 0.272096 0.039062 0.059343
2 0.398082 0.676136 0.029119 0.051768
5 0.060014 0.748106 0.039062 0.059343
4 0.478338 0.280934 0.039062 0.059343
3 0.841974 0.677399 0.039062 0.059343
1 0.316761 0.279672 0.068182 0.077020
5 0.327060 0.035985 0.039062 0.059343
1 0.169744 0.059975 0.068182 0.077020
0 0.932528 0.851641 0.068182 0.077020
2 0.405895 0.841540 0.029119 0.051768
2 0.665128 0.530934 0.029119 0.051768
7 0.939276 0.330177 0.039062 0.059343
6 0.787997 0.299874 0.039062 0.059343
3 0.599787 0.847854 0.039062 0.059343
3 0.443537 0.102904 0.039062 0.059343
6 0.351918 0.749369 0.039062 0.059343
2 0.076349 0.863005 0.029119 0.051768
1 0.441051 0.509470 0.068182 0.077020
8 0.349787 0.846591 0.039062 0.059343
5 0.571378 0.475379 0.039062 0.059343
6 0.716974 0.864268 0.039062 0.059343
7 0.046520 0.279672 0.039062 0.059343
2 0.189276 0.857955 0.029119 0.051768
