5 0.019531 0.649621 0.039062 0.059343
8 0.474787 0.085227 0.039062 0.059343
3 0.043679 0.325126 0.039062 0.059343
5 0.181463 0.897096 0.039062 0.059343
0 0.557528 0.289773 0.068182 0.077020
0 0.941051 0.841540 0.068182 0.077020
1 0.953835 0.461490 0.068182 0.077020
0 0.465909 0.918561 0.068182 0.077020
8 0.428622 0.260732 0.039062 0.059343
5 0.651634 0.524621 0.039062 0.059343
1 0.808949 0.147096 0.068182 0.077020
8 0.938565 0.653409 0.039062 0.059343
0 0.332386 0.133207 0.068182 0.077020
0 0.078125 0.456439 0.068182 0.077020
0 0.691761 0.849116 0.068182 0.077020
6 0.151634 0.482955 0.039062 0.059343
1 0.190341 0.327652 0.068182 0.077020
1 0.945312 0.251894 0.068182 0.077020
1 0.089489 0.131944 0.068182 0.077020
8 0.535866 0.876894 0.039062 0.059343
1 0.335227 0.690025 0.068182 0.077020
8 0.595526 0.533460 0.039062 0.059343
2 0.290838 0.840278 0.029119 0.051768
6 0.584162 0.114268 0.039062 0.059343
4 0.425071 0.429924 0.039062 0.059343
3 0.064986 0.938763 0.039062 0.059343
