5 0.189276 0.253157 0.039062 0.059343
5 0.221946 0.155934 0.039062 0.059343
1 0.666193 0.274621 0.068182 0.077020
6 0.087003 0.322601 0.039062 0.059343
0 0.412642 0.240530 0.068182 0.077020
0 0.927557 0.522096 0.068182 0.077020
3 0.313565 0.291035 0.039062 0.059343
1 0.588068 0.477904 0.068182 0.077020
3 0.787997 0.140783 0.039062 0.059343
0 0.208807 0.647096 0.068182 0.077020
7 0.970526 0.652146 0.039062 0.059343
6 0.030185 0.433712 0.039062 0.059343
1 0.958097 0.943813 0.068182 0.077020
1 0.291193 0.118056 0.068182 0.077020
2 0.167969 0.532197 0.029119 0.051768
0 0.058239 0.745581 0.068182 0.077020
1 0.294034 0.498106 0.068182 0.077020
0 0.314631 0.716540 0.068182 0.077020
5 0.969105 0.159722 0.039062 0.059343
6 0.843395 0.916035 0.039062 0.059343
3 0.707741 0.905934 0.039062 0.059343
8 0.600497 0.736742 0.039062 0.059343
6 0.148082 0.952652 0.039062 0.059343
1 0.837358 0.351641 0.068182 0.077020
5 0.395952 0.832702 0.039062 0.059343
4 0.783026 0.688763 0.039062 0.059343
2 0.098366 0.135732 0.029119 0.051768
8 0.696378 0.541035 0.039062 0.059343
4 0.538707 0.926136 0.039062 0.059343
7 0.909446 0.289773 0.039062 0.059343
1 0.563210 0.104167 0.068182 0.077020
2 0.732599 0.684975 0.029119 0.051768
4 0.546520 0.308712 0.039062 0.059343
5 0.683594 0.152146 0.039062 0.059343
5 0.445668 0.644571 0.039062 0.059343
3 0.354759 0.837753 0.039062 0.059343
4 0.067827 0.931187 0.039062 0.059343
2 0.475497 0.068813 0.029119 0.051768
8 0.802912 0.467803 0.039062 0.059343
2 0.434304 0.461490 0.029119 0.051768
