4 0.854759 0.677399 0.039062 0.059343
1 0.075284 0.692551 0.068182 0.077020
0 0.463778 0.941288 0.068182 0.077020
1 0.427557 0.543561 0.068182 0.077020
8 0.337003 0.506944 0.039062 0.059343
8 0.275923 0.855429 0.039062 0.059343
3 0.685014 0.293561 0.039062 0.059343
1 0.833097 0.856692 0.068182 0.077020
1 0.957386 0.258207 0.068182 0.077020
7 0.855469 0.288510 0.039062 0.059343
4 0.072798 0.034722 0.039062 0.059343
8 0.804332 0.470328 0.039062 0.059343
5 0.453480 0.042298 0.039062 0.059343
2 0.053622 0.948864 0.029119 0.051768
1 0.693892 0.118056 0.068182 0.077020
8 0.931463 0.052399 0.039062 0.059343
8 0.561435 0.662247 0.039062 0.059343
0 0.965909 0.945076 0.068182 0.077020
0 0.171875 0.119318 0.068182 0.077020
1 0.049006 0.346591 0.068182 0.077020
3 0.658736 0.567551 0.039062 0.059343
0 0.559659 0.312500 0.068182 0.077020
6 0.585582 0.956439 0.039062 0.059343
