5 0.099077 0.885732 0.039062 0.059343
3 0.163707 0.761995 0.039062 0.059343
4 0.316406 0.280934 0.039062 0.059343
6 0.550781 0.236742 0.039062 0.059343
2 0.187855 0.946338 0.029119 0.051768
3 0.471236 0.912247 0.039062 0.059343
5 0.978338 0.503157 0.039062 0.059343
6 0.771662 0.634470 0.039062 0.059343
6 0.954190 0.366793 0.039062 0.059343
0 0.541903 0.125631 0.068182 0.077020
0 0.683949 0.475379 0.068182 0.077020
5 0.098366 0.340278 0.039062 0.059343
8 0.314986 0.634470 0.039062 0.059343
5 0.078480 0.676136 0.039062 0.059343
5 0.924361 0.159722 0.039062 0.059343
3 0.596236 0.523359 0.039062 0.059343
7 0.417969 0.736742 0.039062 0.059343
7 0.216264 0.051136 0.039062 0.059343
5 0.475497 0.232955 0.039062 0.059343
3 0.400923 0.534722 0.039062 0.059343
8 0.076349 0.096591 0.039062 0.059343
8 0.101207 0.561237 0.039062 0.059343
5 0.718395 0.363005 0.039062 0.059343
4 0.814986 0.368056 0.039062 0.059343
4 0.777344 0.556187 0.039062 0.059343
4 0.965554 0.660985 0.039062 0.059343
0 0.697443 0.049874 0.068182 0.077020
7 0.211293 0.364268 0.039062 0.059343
3 0.834872 0.159722 0.039062 0.059343
1 0.680398 0.945076 0.068182 0.077020
3 0.272372 0.524621 0.039062 0.059343
7 0.428622 0.086490 0.039062 0.059343
8 0.332031 0.159722 0.039062 0.059343
7 0.529474 0.874369 0.039062 0.059343
7 0.148793 0.519571 0.039062 0.059343
7 0.784446 0.955177 0.039062 0.059343
0 0.919744 0.904672 0.068182 0.077020
