0 0.037642 0.484217 0.068182 0.077020
6 0.203480 0.513258 0.039062 0.059343
7 0.682884 0.085227 0.039062 0.059343
5 0.944247 0.086490 0.039062 0.059343
3 0.341264 0.135732 0.039062 0.059343
0 0.799716 0.239268 0.068182 0.077020
8 0.552912 0.708965 0.039062 0.059343
1 0.589489 0.445076 0.068182 0.077020
1 0.958097 0.851641 0.068182 0.077020
3 0.845526 0.552399 0.039062 0.059343
3 0.693537 0.946338 0.039062 0.059343
4 0.043679 0.638258 0.039062 0.059343
5 0.353338 0.565025 0.039062 0.059343
7 0.920099 0.712753 0.039062 0.059343
2 0.158736 0.256944 0.029119 0.051768
5 0.594815 0.082702 0.039062 0.059343
3 0.410156 0.700126 0.039062 0.059343
4 0.442827 0.254419 0.039062 0.059343
3 0.224077 0.702652 0.039062 0.059343
4 0.299361 0.235480 0.039062 0.059343
1 0.589489 0.909722 0.068182 0.077020
1 0.061790 0.258207 0.068182 0.077020
0 0.415483 0.453914 0.068182 0.077020
1 0.053977 0.118056 0.068182 0.077020
6 0.816406 0.043561 0.039062 0.059343
1 0.198864 0.948864 0.068182 0.077020
8 0.444957 0.128157 0.039062 0.059343
5 0.897372 0.263258 0.039062 0.059343
2 0.028764 0.928662 0.029119 0.051768
3 0.311435 0.749369 0.039062 0.059343
2 0.356889 0.910985 0.029119 0.051768
7 0.837003 0.729167 0.039062 0.059343
0 0.181108 0.111742 0.068182 0.077020
5 0.573509 0.316288 0.039062 0.059343
4 0.720526 0.280934 0.039062 0.059343
