6 0.926491 0.955177 0.039062 0.059343
7 0.319957 0.726641 0.039062 0.059343
4 0.775213 0.139520 0.039062 0.059343
8 0.452770 0.854167 0.039062 0.059343
6 0.533736 0.903409 0.039062 0.059343
2 0.180043 0.750631 0.029119 0.051768
8 0.050781 0.668561 0.039062 0.059343
8 0.688565 0.909722 0.039062 0.059343
4 0.899503 0.710227 0.039062 0.059343
7 0.084872 0.957702 0.039062 0.059343
6 0.658736 0.469066 0.039062 0.059343
8 0.174361 0.534722 0.039062 0.059343
3 0.429332 0.089015 0.039062 0.059343
3 0.414418 0.710227 0.039062 0.059343
0 0.308949 0.942551 0.068182 0.077020
0 0.714489 0.754419 0.068182 0.077020
0 0.187500 0.096591 0.068182 0.077020
6 0.422230 0.309975 0.039062 0.059343
0 0.830256 0.317551 0.068182 0.077020
2 0.102628 0.538510 0.029119 0.051768
3 0.049361 0.125631 0.039062 0.059343
6 0.052202 0.241793 0.039062 0.059343
0 0.808949 0.714015 0.068182 0.077020
3 0.910156 0.568813 0.039062 0.059343
5 0.822088 0.441288 0.039062 0.059343
2 0.161577 0.273359 0.029119 0.051768
4 0.707741 0.368056 0.039062 0.059343
1 0.336648 0.515783 0.068182 0.077020
4 0.605469 0.441288 0.039062 0.059343
2 0.821378 0.837753 0.029119 0.051768
