1 0.678267 0.303662 0.068182 0.077020
1 0.671875 0.714015 0.068182 0.077020
6 0.352628 0.086490 0.039062 0.059343
6 0.544389 0.160985 0.039062 0.059343
6 0.433594 0.767045 0.039062 0.059343
7 0.807173 0.894571 0.039062 0.059343
4 0.680043 0.431187 0.039062 0.059343
8 0.465554 0.325126 0.039062 0.059343
2 0.400213 0.167298 0.029119 0.051768
8 0.456321 0.907197 0.039062 0.059343
3 0.200639 0.934975 0.039062 0.059343
1 0.715199 0.049874 0.068182 0.077020
0 0.159801 0.091540 0.068182 0.077020
8 0.148793 0.344066 0.039062 0.059343
6 0.355469 0.700126 0.039062 0.059343
1 0.316051 0.523359 0.068182 0.077020
1 0.080966 0.662247 0.068182 0.077020
6 0.929332 0.229167 0.039062 0.059343
3 0.895241 0.436237 0.039062 0.059343
0 0.054688 0.957702 0.068182 0.077020
0 0.835227 0.091540 0.068182 0.077020
2 0.648793 0.854167 0.029119 0.051768
5 0.479759 0.450126 0.039062 0.059343
6 0.799361 0.246843 0.039062 0.059343
8 0.599077 0.916035 0.039062 0.059343
7 0.922940 0.725379 0.039062 0.059343
4 0.968395 0.090278 0.039062 0.059343
1 0.940341 0.879419 0.068182 0.077020
8 0.349787 0.928662 0.039062 0.059343
6 0.057173 0.168561 0.039062 0.059343
0 0.078125 0.248106 0.068182 0.077020
3 0.317116 0.320076 0.039062 0.059343
6 0.040128 0.529672 0.039062 0.059343
2 0.557884 0.730429 0.029119 0.051768
2 0.835582 0.659722 0.029119 0.051768
0 0.570312 0.312500 0.068182 0.077020
0 0.813210 0.485480 0.068182 0.077020
