5 0.344815 0.558712 0.039062 0.059343
1 0.424716 0.844066 0.068182 0.077020
5 0.168679 0.671086 0.039062 0.059343
5 0.398082 0.452652 0.039062 0.059343
3 0.022372 0.919823 0.039062 0.059343
0 0.301847 0.909722 0.068182 0.077020
3 0.077770 0.518308 0.039062 0.059343
4 0.401634 0.083965 0.039062 0.059343
2 0.659446 0.364268 0.029119 0.051768
0 0.176847 0.294823 0.068182 0.077020
0 0.558239 0.657197 0.068182 0.077020
8 0.837003 0.553662 0.039062 0.059343
3 0.841264 0.701389 0.039062 0.059343
3 0.207031 0.940025 0.039062 0.059343
0 0.300426 0.285985 0.068182 0.077020
5 0.601918 0.053662 0.039062 0.059343
3 0.837713 0.231692 0.039062 0.059343
1 0.564631 0.504419 0.068182 0.077020
0 0.076705 0.274621 0.068182 0.077020
3 0.560014 0.946338 0.039062 0.059343
4 0.650923 0.157197 0.039062 0.059343
4 0.070668 0.731692 0.039062 0.059343
3 0.917969 0.320076 0.039062 0.059343
5 0.456321 0.278409 0.039062 0.059343
2 0.985440 0.452652 0.029119 0.051768
0 0.672585 0.919823 0.068182 0.077020
3 0.174361 0.114268 0.039062 0.059343
8 0.670099 0.734217 0.039062 0.059343
4 0.915128 0.836490 0.039062 0.059343
8 0.773793 0.952652 0.039062 0.059343
5 0.594815 0.299874 0.039062 0.059343
5 0.934304 0.107955 0.039062 0.059343
4 0.339844 0.115530 0.039062 0.059343
0 0.049006 0.068813 0.068182 0.077020
7 0.218395 0.566288 0.039062 0.059343
4 0.281605 0.640783 0.039062 0.059343
4 0.943537 0.732955 0.039062 0.059343
0 0.688210 0.538510 0.068182 0.077020
2 0.465554 0.764520 0.029119 0.051768
2 0.824219 0.135732 0.029119 0.051768
