4 0.844105 0.503157 0.039062 0.059343
5 0.812855 0.316288 0.039062 0.059343
6 0.652344 0.876894 0.039062 0.059343
2 0.523082 0.835227 0.029119 0.051768
0 0.672585 0.150884 0.068182 0.077020
5 0.901634 0.734217 0.039062 0.059343
5 0.572088 0.543561 0.039062 0.059343
1 0.316761 0.059975 0.068182 0.077020
2 0.268111 0.857955 0.029119 0.051768
3 0.950639 0.916035 0.039062 0.059343
3 0.601918 0.092803 0.039062 0.059343
8 0.078480 0.504419 0.039062 0.059343
0 0.330256 0.484217 0.068182 0.077020
6 0.280895 0.312500 0.039062 0.059343
6 0.479759 0.706439 0.039062 0.059343
0 0.539062 0.359217 0.068182 0.077020
4 0.962713 0.318813 0.039062 0.059343
0 0.284091 0.642045 0.068182 0.077020
1 0.195312 0.881944 0.068182 0.077020
4 0.224077 0.311237 0.039062 0.059343
6 0.105469 0.100379 0.039062 0.059343
6 0.419389 0.284722 0.039062 0.059343
3 0.038707 0.761995 0.039062 0.059343
8 0.706321 0.691288 0.039062 0.059343
7 0.053622 0.881944 0.039062 0.059343
