2 0.955611 0.681187 0.029119 0.051768
4 0.332031 0.342803 0.039062 0.059343
4 0.438565 0.677399 0.039062 0.059343
4 0.846236 0.845328 0.039062 0.059343
7 0.822798 0.657197 0.039062 0.059343
8 0.170099 0.750631 0.039062 0.059343
6 0.468395 0.551136 0.039062 0.059343
4 0.909446 0.431187 0.039062 0.059343
2 0.464134 0.129419 0.029119 0.051768
3 0.028764 0.505682 0.039062 0.059343
6 0.658736 0.551136 0.039062 0.059343
2 0.152344 0.460227 0.029119 0.051768
6 0.417259 0.352904 0.039062 0.059343
5 0.545099 0.339015 0.039062 0.059343
2 0.154474 0.056187 0.029119 0.051768
8 0.327770 0.717803 0.039062 0.059343
8 0.432173 0.883207 0.039062 0.059343
8 0.700639 0.710227 0.039062 0.059343
3 0.711293 0.903409 0.039062 0.059343
5 0.814986 0.474116 0.039062 0.059343
8 0.649503 0.054924 0.039062 0.059343
5 0.942116 0.897096 0.039062 0.059343
4 0.558594 0.659722 0.039062 0.059343
0 0.933949 0.313763 0.068182 0.077020
5 0.797940 0.267045 0.039062 0.059343
2 0.034446 0.832702 0.029119 0.051768
3 0.329901 0.094066 0.039062 0.059343
8 0.219105 0.886995 0.039062 0.059343
2 0.109020 0.251894 0.029119 0.051768
0 0.799006 0.041035 0.068182 0.077020
4 0.585582 0.514520 0.039062 0.059343
4 0.306463 0.465278 0.039062 0.059343
1 0.054688 0.148359 0.068182 0.077020
0 0.681108 0.283460 0.068182 0.077020
