2 0.829901 0.083965 0.029119 0.051768
3 0.687145 0.683712 0.039062 0.059343
1 0.197443 0.851641 0.068182 0.077020
3 0.406605 0.748106 0.039062 0.059343
8 0.209872 0.062500 0.039062 0.059343
5 0.458452 0.315025 0.039062 0.059343
0 0.312500 0.640783 0.068182 0.077020
7 0.446378 0.926136 0.039062 0.059343
8 0.308594 0.539773 0.039062 0.059343
1 0.455256 0.524621 0.068182 0.077020
3 0.895952 0.639520 0.039062 0.059343
6 0.542259 0.482955 0.039062 0.059343
6 0.352628 0.894571 0.039062 0.059343
3 0.846946 0.678662 0.039062 0.059343
8 0.978338 0.554924 0.039062 0.059343
5 0.563565 0.860480 0.039062 0.059343
0 0.046875 0.726641 0.068182 0.077020
8 0.579190 0.066288 0.039062 0.059343
6 0.660866 0.850379 0.039062 0.059343
8 0.187855 0.558712 0.039062 0.059343
2 0.295099 0.029672 0.029119 0.051768
8 0.908026 0.128157 0.039062 0.059343
8 0.685724 0.280934 0.039062 0.059343
3 0.602628 0.270833 0.039062 0.059343
6 0.942116 0.258207 0.039062 0.059343
1 0.945312 0.869318 0.068182 0.077020
1 0.046165 0.129419 0.068182 0.077020
2 0.602628 0.625631 0.029119 0.051768
6 0.844815 0.856692 0.039062 0.059343
