0 0.663352 0.083965 0.068182 0.077020
0 0.573153 0.697601 0.068182 0.077020
5 0.408026 0.299874 0.039062 0.059343
5 0.709162 0.246843 0.039062 0.059343
4 0.679332 0.549874 0.039062 0.059343
7 0.974787 0.476641 0.039062 0.059343
4 0.457031 0.134470 0.039062 0.059343
3 0.296520 0.251894 0.039062 0.059343
3 0.423651 0.650884 0.039062 0.059343
1 0.301136 0.552399 0.068182 0.077020
3 0.065696 0.326389 0.039062 0.059343
0 0.454545 0.489268 0.068182 0.077020
6 0.685724 0.743056 0.039062 0.059343
6 0.021662 0.850379 0.039062 0.059343
8 0.603338 0.466540 0.039062 0.059343
6 0.230469 0.325126 0.039062 0.059343
4 0.094105 0.633207 0.039062 0.059343
0 0.828835 0.277146 0.068182 0.077020
8 0.789418 0.738005 0.039062 0.059343
1 0.184659 0.475379 0.068182 0.077020
5 0.055753 0.144571 0.039062 0.059343
1 0.062500 0.558712 0.068182 0.077020
8 0.537287 0.955177 0.039062 0.059343
5 0.555043 0.078914 0.039062 0.059343
2 0.899503 0.825126 0.029119 0.051768
2 0.139560 0.033460 0.029119 0.051768
4 0.275213 0.089015 0.039062 0.059343
8 0.155185 0.876894 0.039062 0.059343
0 0.838068 0.455177 0.068182 0.077020
4 0.925781 0.316288 0.039062 0.059343
8 0.547230 0.264520 0.039062 0.059343
5 0.276634 0.721591 0.039062 0.059343
8 0.781605 0.922348 0.039062 0.059343
3 0.329901 0.955177 0.039062 0.059343
2 0.910156 0.719066 0.029119 0.051768
1 0.796165 0.072601 0.068182 0.077020
