3 0.064986 0.351641 0.039062 0.059343
6 0.533736 0.755682 0.039062 0.059343
1 0.698864 0.868056 0.068182 0.077020
4 0.833452 0.356692 0.039062 0.059343
0 0.307528 0.063763 0.068182 0.077020
5 0.574929 0.047348 0.039062 0.059343
8 0.099787 0.649621 0.039062 0.059343
1 0.063920 0.839015 0.068182 0.077020
2 0.348366 0.690025 0.029119 0.051768
2 0.670810 0.230429 0.029119 0.051768
6 0.145952 0.360480 0.039062 0.059343
2 0.848366 0.941288 0.029119 0.051768
7 0.348366 0.259470 0.039062 0.059343
8 0.726918 0.520833 0.039062 0.059343
8 0.950639 0.455177 0.039062 0.059343
6 0.176491 0.845328 0.039062 0.059343
5 0.218395 0.552399 0.039062 0.059343
0 0.952415 0.280934 0.068182 0.077020
7 0.030185 0.527146 0.039062 0.059343
3 0.810014 0.701389 0.039062 0.059343
7 0.828480 0.114268 0.039062 0.059343
8 0.655895 0.719066 0.039062 0.059343
1 0.692472 0.147096 0.068182 0.077020
1 0.161222 0.712753 0.068182 0.077020
8 0.533736 0.916035 0.039062 0.059343
