8 0.898793 0.874369 0.039062 0.059343
5 0.920099 0.308712 0.039062 0.059343
5 0.312855 0.643308 0.039062 0.059343
2 0.679332 0.070076 0.029119 0.051768
0 0.197443 0.511995 0.068182 0.077020
3 0.336293 0.945076 0.039062 0.059343
4 0.648082 0.440025 0.039062 0.059343
7 0.829901 0.743056 0.039062 0.059343
2 0.203480 0.249369 0.029119 0.051768
5 0.455611 0.443813 0.039062 0.059343
6 0.046520 0.836490 0.039062 0.059343
4 0.594105 0.163510 0.039062 0.059343
7 0.938565 0.083965 0.039062 0.059343
2 0.080611 0.534722 0.029119 0.051768
0 0.439631 0.087753 0.068182 0.077020
1 0.930398 0.659722 0.068182 0.077020
0 0.701705 0.270833 0.068182 0.077020
8 0.604759 0.690025 0.039062 0.059343
1 0.840909 0.288510 0.068182 0.077020
4 0.466974 0.760732 0.039062 0.059343
6 0.850497 0.477904 0.039062 0.059343
7 0.203480 0.059975 0.039062 0.059343
5 0.660866 0.914773 0.039062 0.059343
2 0.577770 0.553662 0.029119 0.051768
4 0.051491 0.683712 0.039062 0.059343
4 0.332741 0.239268 0.039062 0.059343
4 0.332741 0.476641 0.039062 0.059343
2 0.711293 0.657197 0.029119 0.051768
2 0.590554 0.942551 0.029119 0.051768
5 0.076349 0.049874 0.039062 0.059343
