4 0.721946 0.857955 0.039062 0.059343
6 0.021662 0.029672 0.039062 0.059343
6 0.819247 0.082702 0.039062 0.059343
8 0.680043 0.035985 0.039062 0.059343
5 0.064276 0.919823 0.039062 0.059343
5 0.954190 0.251894 0.039062 0.059343
5 0.926491 0.538510 0.039062 0.059343
1 0.965909 0.725379 0.068182 0.077020
4 0.523082 0.256944 0.039062 0.059343
5 0.189276 0.355429 0.039062 0.059343
2 0.457741 0.881944 0.029119 0.051768
7 0.843395 0.708965 0.039062 0.059343
8 0.788707 0.881944 0.039062 0.059343
5 0.305043 0.333965 0.039062 0.059343
3 0.658736 0.726641 0.039062 0.059343
7 0.414418 0.732955 0.039062 0.059343
3 0.421520 0.539773 0.039062 0.059343
5 0.069247 0.432449 0.039062 0.059343
7 0.852628 0.250631 0.039062 0.059343
7 0.151634 0.640783 0.039062 0.059343
5 0.287287 0.743056 0.039062 0.059343
6 0.185724 0.467803 0.039062 0.059343
3 0.555753 0.053662 0.039062 0.059343
7 0.339844 0.534722 0.039062 0.059343
6 0.036577 0.647096 0.039062 0.059343
4 0.895952 0.886995 0.039062 0.059343
3 0.413707 0.101641 0.039062 0.059343
3 0.155895 0.831439 0.039062 0.059343
6 0.468395 0.328914 0.039062 0.059343
3 0.812145 0.568813 0.039062 0.059343
7 0.229048 0.065025 0.039062 0.059343
5 0.306463 0.143308 0.039062 0.059343
8 0.930043 0.136995 0.039062 0.059343
6 0.065696 0.250631 0.039062 0.059343
1 0.564631 0.852904 0.068182 0.077020
8 0.724077 0.351641 0.039062 0.059343
3 0.573509 0.520833 0.039062 0.059343
4 0.645241 0.460227 0.039062 0.059343
