6 0.220526 0.941288 0.039062 0.059343
2 0.574219 0.277146 0.029119 0.051768
5 0.662997 0.354167 0.039062 0.059343
2 0.795810 0.558712 0.029119 0.051768
5 0.542259 0.640783 0.039062 0.059343
3 0.692116 0.059975 0.039062 0.059343
1 0.337358 0.921086 0.068182 0.077020
5 0.854048 0.097854 0.039062 0.059343
3 0.279474 0.506944 0.039062 0.059343
0 0.333097 0.681187 0.068182 0.077020
4 0.805753 0.914773 0.039062 0.059343
2 0.462713 0.510732 0.029119 0.051768
7 0.450639 0.316288 0.039062 0.059343
2 0.064986 0.727904 0.029119 0.051768
0 0.962358 0.710227 0.068182 0.077020
1 0.924716 0.878157 0.068182 0.077020
4 0.297940 0.071338 0.039062 0.059343
4 0.039418 0.437500 0.039062 0.059343
4 0.395952 0.144571 0.039062 0.059343
6 0.781605 0.322601 0.039062 0.059343
5 0.908026 0.464015 0.039062 0.059343
2 0.518111 0.833965 0.029119 0.051768
5 0.673651 0.486742 0.039062 0.059343
8 0.937855 0.265783 0.039062 0.059343
4 0.718395 0.883207 0.039062 0.059343
1 0.337358 0.342803 0.068182 0.077020
2 0.478338 0.909722 0.029119 0.051768
4 0.091974 0.917298 0.039062 0.059343
8 0.165128 0.134470 0.039062 0.059343
2 0.936435 0.155934 0.029119 0.051768
7 0.537287 0.051136 0.039062 0.059343
