5 0.069957 0.428662 0.039062 0.059343
3 0.576349 0.856692 0.039062 0.059343
7 0.319247 0.870581 0.039062 0.059343
7 0.064276 0.315025 0.039062 0.059343
8 0.703480 0.304924 0.039062 0.059343
5 0.850497 0.513258 0.039062 0.059343
0 0.933949 0.243056 0.068182 0.077020
2 0.397372 0.705177 0.029119 0.051768
4 0.550071 0.082702 0.039062 0.059343
6 0.587713 0.307449 0.039062 0.059343
0 0.169034 0.118056 0.068182 0.077020
0 0.302557 0.283460 0.068182 0.077020
3 0.596236 0.639520 0.039062 0.059343
0 0.313920 0.076389 0.068182 0.077020
7 0.182884 0.698864 0.039062 0.059343
4 0.177912 0.488005 0.039062 0.059343
1 0.813210 0.727904 0.068182 0.077020
5 0.712003 0.097854 0.039062 0.059343
6 0.408736 0.229167 0.039062 0.059343
6 0.201349 0.908460 0.039062 0.059343
4 0.096236 0.724116 0.039062 0.059343
0 0.808949 0.066288 0.068182 0.077020
0 0.438920 0.523359 0.068182 0.077020
3 0.020241 0.874369 0.039062 0.059343
3 0.658026 0.957702 0.039062 0.059343
6 0.805753 0.841540 0.039062 0.059343
7 0.683594 0.431187 0.039062 0.059343
