7 0.459162 0.241793 0.039062 0.059343
4 0.523082 0.091540 0.039062 0.059343
6 0.826349 0.470328 0.039062 0.059343
5 0.783736 0.727904 0.039062 0.059343
0 0.913352 0.278409 0.068182 0.077020
8 0.648793 0.125631 0.039062 0.059343
5 0.551491 0.710227 0.039062 0.059343
1 0.087358 0.339015 0.068182 0.077020
6 0.782315 0.153409 0.039062 0.059343
6 0.187855 0.749369 0.039062 0.059343
1 0.191761 0.253157 0.068182 0.077020
6 0.354048 0.841540 0.039062 0.059343
7 0.843395 0.909722 0.039062 0.059343
6 0.716264 0.679924 0.039062 0.059343
8 0.332741 0.302399 0.039062 0.059343
6 0.207031 0.144571 0.039062 0.059343
1 0.076705 0.086490 0.068182 0.077020
3 0.420099 0.645833 0.039062 0.059343
5 0.443537 0.929924 0.039062 0.059343
0 0.321023 0.751894 0.068182 0.077020
8 0.543679 0.871843 0.039062 0.059343
3 0.350497 0.126894 0.039062 0.059343
8 0.932884 0.839015 0.039062 0.059343
0 0.960227 0.711490 0.068182 0.077020
5 0.056463 0.445076 0.039062 0.059343
5 0.730469 0.868056 0.039062 0.059343
3 0.970526 0.054924 0.039062 0.059343
6 0.067116 0.837753 0.039062 0.059343
0 0.453125 0.100379 0.068182 0.077020
7 0.650213 0.544823 0.039062 0.059343
