2 0.443537 0.879419 0.029119 0.051768
5 0.066406 0.452652 0.039062 0.059343
5 0.178622 0.686237 0.039062 0.059343
4 0.544389 0.514520 0.039062 0.059343
3 0.451349 0.259470 0.039062 0.059343
2 0.958452 0.427399 0.029119 0.051768
0 0.333807 0.495581 0.068182 0.077020
1 0.833097 0.279672 0.068182 0.077020
5 0.828480 0.139520 0.039062 0.059343
1 0.333097 0.350379 0.068182 0.077020
2 0.702770 0.150884 0.029119 0.051768
8 0.525213 0.229167 0.039062 0.059343
0 0.176136 0.251894 0.068182 0.077020
1 0.958807 0.865530 0.068182 0.077020
0 0.462358 0.058712 0.068182 0.077020
0 0.284091 0.057449 0.068182 0.077020
0 0.161222 0.559975 0.068182 0.077020
5 0.917969 0.142045 0.039062 0.059343
0 0.409091 0.727904 0.068182 0.077020
5 0.034446 0.140783 0.039062 0.059343
6 0.685014 0.250631 0.039062 0.059343
4 0.717685 0.753157 0.039062 0.059343
8 0.064276 0.340278 0.039062 0.059343
1 0.813210 0.912247 0.068182 0.077020
6 0.564276 0.648359 0.039062 0.059343
1 0.316761 0.851641 0.068182 0.077020
6 0.550781 0.869318 0.039062 0.059343
1 0.335938 0.676136 0.068182 0.077020
1 0.193182 0.135732 0.068182 0.077020
0 0.048295 0.852904 0.068182 0.077020
0 0.072443 0.683712 0.068182 0.077020
6 0.648082 0.474116 0.039062 0.059343
2 0.834872 0.523359 0.029119 0.051768
1 0.824574 0.729167 0.068182 0.077020
3 0.223366 0.952652 0.039062 0.059343
