0 0.699574 0.519571 0.068182 0.077020
4 0.471946 0.109217 0.039062 0.059343
3 0.159446 0.154672 0.039062 0.059343
7 0.587713 0.312500 0.039062 0.059343
1 0.928977 0.532197 0.068182 0.077020
1 0.542614 0.923611 0.068182 0.077020
4 0.172230 0.527146 0.039062 0.059343
6 0.951349 0.936237 0.039062 0.059343
7 0.645241 0.303662 0.039062 0.059343
1 0.956676 0.332702 0.068182 0.077020
1 0.553977 0.077652 0.068182 0.077020
0 0.945312 0.696338 0.068182 0.077020
0 0.041903 0.875631 0.068182 0.077020
2 0.223366 0.298611 0.029119 0.051768
0 0.664062 0.755682 0.068182 0.077020
8 0.323509 0.932449 0.039062 0.059343
8 0.430753 0.909722 0.039062 0.059343
2 0.844815 0.854167 0.029119 0.051768
6 0.062855 0.740530 0.039062 0.059343
8 0.281605 0.710227 0.039062 0.059343
6 0.211293 0.874369 0.039062 0.059343
0 0.936080 0.096591 0.068182 0.077020
6 0.835582 0.065025 0.039062 0.059343
6 0.446378 0.360480 0.039062 0.059343
