1 0.068182 0.258207 0.068182 0.077020
8 0.466974 0.062500 0.039062 0.059343
6 0.091974 0.736742 0.039062 0.059343
6 0.317116 0.947601 0.039062 0.059343
8 0.696378 0.291035 0.039062 0.059343
1 0.464489 0.500631 0.068182 0.077020
7 0.831321 0.905934 0.039062 0.059343
6 0.072088 0.466540 0.039062 0.059343
1 0.460938 0.753157 0.068182 0.077020
4 0.585582 0.359217 0.039062 0.059343
3 0.199929 0.448864 0.039062 0.059343
2 0.574929 0.089015 0.029119 0.051768
0 0.699574 0.475379 0.068182 0.077020
7 0.528764 0.922348 0.039062 0.059343
7 0.946378 0.357955 0.039062 0.059343
0 0.921875 0.551136 0.068182 0.077020
6 0.773793 0.542298 0.039062 0.059343
3 0.832031 0.139520 0.039062 0.059343
5 0.410866 0.839015 0.039062 0.059343
0 0.322443 0.511995 0.068182 0.077020
3 0.647372 0.936237 0.039062 0.059343
0 0.290483 0.062500 0.068182 0.077020
0 0.291193 0.325126 0.068182 0.077020
2 0.953480 0.094066 0.029119 0.051768
7 0.228338 0.738005 0.039062 0.059343
6 0.226918 0.909722 0.039062 0.059343
1 0.661222 0.061237 0.068182 0.077020
7 0.802202 0.735480 0.039062 0.059343
4 0.045810 0.874369 0.039062 0.059343
4 0.582031 0.546086 0.039062 0.059343
8 0.279474 0.703914 0.039062 0.059343
4 0.446378 0.320076 0.039062 0.059343
1 0.586648 0.668561 0.068182 0.077020
0 0.953125 0.897096 0.068182 0.077020
