3 0.206321 0.046086 0.039062 0.059343
5 0.803622 0.489268 0.039062 0.059343
5 0.927202 0.900884 0.039062 0.059343
0 0.536222 0.716540 0.068182 0.077020
5 0.777344 0.150884 0.039062 0.059343
3 0.088423 0.957702 0.039062 0.059343
7 0.185014 0.538510 0.039062 0.059343
2 0.549361 0.481692 0.029119 0.051768
8 0.565696 0.118056 0.039062 0.059343
8 0.425071 0.308712 0.039062 0.059343
5 0.322798 0.712753 0.039062 0.059343
5 0.043679 0.154672 0.039062 0.059343
0 0.067472 0.269571 0.068182 0.077020
7 0.912997 0.542298 0.039062 0.059343
5 0.661577 0.945076 0.039062 0.059343
8 0.558594 0.304924 0.039062 0.059343
0 0.691051 0.043561 0.068182 0.077020
6 0.316406 0.097854 0.039062 0.059343
6 0.589844 0.904672 0.039062 0.059343
5 0.165128 0.368056 0.039062 0.059343
6 0.939986 0.163510 0.039062 0.059343
