6 0.797230 0.909722 0.039062 0.059343
1 0.711648 0.065025 0.068182 0.077020
5 0.447798 0.546086 0.039062 0.059343
2 0.399503 0.095328 0.029119 0.051768
8 0.166548 0.061237 0.039062 0.059343
1 0.333097 0.870581 0.068182 0.077020
8 0.530185 0.049874 0.039062 0.059343
4 0.337003 0.303662 0.039062 0.059343
6 0.653764 0.297348 0.039062 0.059343
1 0.921165 0.501894 0.068182 0.077020
6 0.467685 0.964015 0.039062 0.059343
2 0.540128 0.370581 0.029119 0.051768
4 0.062855 0.738005 0.039062 0.059343
7 0.928622 0.279672 0.039062 0.059343
2 0.055043 0.159722 0.029119 0.051768
4 0.020952 0.538510 0.039062 0.059343
6 0.148082 0.298611 0.039062 0.059343
1 0.205256 0.844066 0.068182 0.077020
4 0.592685 0.660985 0.039062 0.059343
3 0.449219 0.285985 0.039062 0.059343
6 0.044389 0.361742 0.039062 0.059343
4 0.277344 0.047348 0.039062 0.059343
6 0.727628 0.917298 0.039062 0.059343
3 0.025923 0.897096 0.039062 0.059343
2 0.849787 0.277146 0.029119 0.051768
6 0.827060 0.522096 0.039062 0.059343
8 0.534446 0.956439 0.039062 0.059343
5 0.182173 0.537247 0.039062 0.059343
3 0.354048 0.753157 0.039062 0.059343
3 0.189276 0.634470 0.039062 0.059343
7 0.270241 0.520833 0.039062 0.059343
2 0.912997 0.942551 0.029119 0.051768
