1 0.671165 0.440025 0.068182 0.077020
1 0.662642 0.100379 0.068182 0.077020
5 0.472656 0.756944 0.039062 0.059343
6 0.147372 0.759470 0.039062 0.059343
3 0.942116 0.431187 0.039062 0.059343
8 0.974787 0.668561 0.039062 0.059343
5 0.807173 0.265783 0.039062 0.059343
1 0.316051 0.864268 0.068182 0.077020
1 0.559659 0.143308 0.068182 0.077020
0 0.827415 0.520833 0.068182 0.077020
0 0.965909 0.918561 0.068182 0.077020
8 0.175781 0.465278 0.039062 0.059343
2 0.905895 0.047348 0.029119 0.051768
6 0.670810 0.740530 0.039062 0.059343
0 0.162642 0.243056 0.068182 0.077020
1 0.934659 0.267045 0.068182 0.077020
7 0.588423 0.844066 0.039062 0.059343
5 0.290128 0.541035 0.039062 0.059343
4 0.420099 0.470328 0.039062 0.059343
4 0.435014 0.326389 0.039062 0.059343
0 0.816761 0.075126 0.068182 0.077020
5 0.075639 0.698864 0.039062 0.059343
0 0.297585 0.708965 0.068182 0.077020
8 0.349077 0.097854 0.039062 0.059343
7 0.565696 0.304924 0.039062 0.059343
1 0.050426 0.888258 0.068182 0.077020
4 0.650923 0.261995 0.039062 0.059343
1 0.321733 0.293561 0.068182 0.077020
