6 0.394531 0.441288 0.039062 0.059343
8 0.929332 0.504419 0.039062 0.059343
2 0.065696 0.067551 0.029119 0.051768
8 0.811435 0.287247 0.039062 0.059343
8 0.286577 0.936237 0.039062 0.059343
7 0.904474 0.854167 0.039062 0.059343
7 0.584162 0.859217 0.039062 0.059343
8 0.797230 0.517045 0.039062 0.059343
6 0.159446 0.255682 0.039062 0.059343
4 0.716974 0.703914 0.039062 0.059343
0 0.189631 0.669823 0.068182 0.077020
5 0.667969 0.166035 0.039062 0.059343
4 0.586293 0.457702 0.039062 0.059343
4 0.966264 0.298611 0.039062 0.059343
5 0.322798 0.727904 0.039062 0.059343
8 0.818537 0.745581 0.039062 0.059343
4 0.060014 0.910985 0.039062 0.059343
0 0.932528 0.692551 0.068182 0.077020
2 0.537997 0.077652 0.029119 0.051768
5 0.400923 0.871843 0.039062 0.059343
2 0.210582 0.028409 0.029119 0.051768
0 0.204545 0.467803 0.068182 0.077020
0 0.419744 0.066288 0.068182 0.077020
4 0.075639 0.654672 0.039062 0.059343
4 0.581321 0.654672 0.039062 0.059343
8 0.917259 0.037247 0.039062 0.059343
7 0.344815 0.322601 0.039062 0.059343
1 0.683239 0.284722 0.068182 0.077020
5 0.295810 0.160985 0.039062 0.059343
0 0.840909 0.868056 0.068182 0.077020
6 0.796520 0.046086 0.039062 0.059343
1 0.458097 0.722854 0.068182 0.077020
3 0.671520 0.839015 0.039062 0.059343
0 0.567472 0.320076 0.068182 0.077020
2 0.214844 0.846591 0.029119 0.051768
1 0.305398 0.551136 0.068182 0.077020
1 0.433949 0.288510 0.068182 0.077020
7 0.062855 0.450126 0.039062 0.059343
2 0.693537 0.469066 0.029119 0.051768
