3 0.574929 0.835227 0.039062 0.059343
8 0.960582 0.645833 0.039062 0.059343
4 0.456321 0.058712 0.039062 0.059343
2 0.297230 0.823864 0.029119 0.051768
4 0.720526 0.135732 0.039062 0.059343
2 0.920099 0.547348 0.029119 0.051768
6 0.219815 0.836490 0.039062 0.059343
4 0.562145 0.328914 0.039062 0.059343
0 0.926847 0.347854 0.068182 0.077020
8 0.172230 0.445076 0.039062 0.059343
4 0.354759 0.369318 0.039062 0.059343
7 0.158736 0.729167 0.039062 0.059343
7 0.476918 0.303662 0.039062 0.059343
3 0.323509 0.432449 0.039062 0.059343
5 0.067116 0.744318 0.039062 0.059343
0 0.047585 0.240530 0.068182 0.077020
2 0.828480 0.860480 0.029119 0.051768
2 0.559304 0.162247 0.029119 0.051768
6 0.060014 0.841540 0.039062 0.059343
7 0.964134 0.905934 0.039062 0.059343
7 0.216974 0.315025 0.039062 0.059343
4 0.451349 0.759470 0.039062 0.059343
5 0.339134 0.082702 0.039062 0.059343
3 0.665838 0.481692 0.039062 0.059343
8 0.603338 0.471591 0.039062 0.059343
1 0.696023 0.360480 0.068182 0.077020
3 0.055753 0.077652 0.039062 0.059343
4 0.394531 0.907197 0.039062 0.059343
3 0.310014 0.645833 0.039062 0.059343
5 0.839134 0.034722 0.039062 0.059343
2 0.645241 0.934975 0.029119 0.051768
0 0.814631 0.325126 0.068182 0.077020
8 0.403764 0.442551 0.039062 0.059343
8 0.842685 0.511995 0.039062 0.059343
1 0.680398 0.734217 0.068182 0.077020
5 0.769531 0.664773 0.039062 0.059343
1 0.041193 0.482955 0.068182 0.077020
1 0.928267 0.129419 0.068182 0.077020
