0 0.433239 0.702652 0.068182 0.077020
7 0.332031 0.902146 0.039062 0.059343
6 0.099787 0.754419 0.039062 0.059343
7 0.219105 0.089015 0.039062 0.059343
8 0.352628 0.138258 0.039062 0.059343
3 0.922940 0.458965 0.039062 0.059343
5 0.394531 0.075126 0.039062 0.059343
5 0.413707 0.298611 0.039062 0.059343
1 0.924716 0.104167 0.068182 0.077020
1 0.960227 0.316288 0.068182 0.077020
4 0.197088 0.510732 0.039062 0.059343
6 0.834162 0.350379 0.039062 0.059343
8 0.057884 0.931187 0.039062 0.059343
2 0.702770 0.160985 0.029119 0.051768
7 0.800781 0.561237 0.039062 0.059343
8 0.795099 0.714015 0.039062 0.059343
8 0.035156 0.248106 0.039062 0.059343
8 0.557884 0.107955 0.039062 0.059343
0 0.047585 0.480429 0.068182 0.077020
1 0.544034 0.256944 0.068182 0.077020
1 0.919034 0.849116 0.068182 0.077020
