5 0.807884 0.256944 0.039062 0.059343
0 0.193892 0.457702 0.068182 0.077020
8 0.038707 0.100379 0.039062 0.059343
4 0.474787 0.306187 0.039062 0.059343
7 0.645241 0.269571 0.039062 0.059343
7 0.276634 0.878157 0.039062 0.059343
2 0.146662 0.749369 0.029119 0.051768
6 0.844815 0.102904 0.039062 0.059343
2 0.212003 0.048611 0.029119 0.051768
5 0.967685 0.660985 0.039062 0.059343
7 0.778764 0.447601 0.039062 0.059343
7 0.189276 0.844066 0.039062 0.059343
5 0.645241 0.852904 0.039062 0.059343
5 0.581321 0.154672 0.039062 0.059343
4 0.695668 0.756944 0.039062 0.059343
2 0.561435 0.446338 0.029119 0.051768
7 0.302202 0.133207 0.039062 0.059343
1 0.436080 0.751894 0.068182 0.077020
5 0.285156 0.474116 0.039062 0.059343
8 0.554332 0.676136 0.039062 0.059343
2 0.459872 0.030934 0.029119 0.051768
1 0.927557 0.845328 0.068182 0.077020
5 0.699219 0.523359 0.039062 0.059343
0 0.444602 0.494318 0.068182 0.077020
5 0.472656 0.951389 0.039062 0.059343
7 0.974787 0.119318 0.039062 0.059343
3 0.907315 0.529672 0.039062 0.059343
2 0.099787 0.493056 0.029119 0.051768
4 0.594105 0.284722 0.039062 0.059343
5 0.825639 0.705177 0.039062 0.059343
