5 0.351918 0.030934 0.039062 0.059343
3 0.471946 0.850379 0.039062 0.059343
6 0.538707 0.274621 0.039062 0.059343
7 0.352628 0.967803 0.039062 0.059343
0 0.159801 0.296086 0.068182 0.077020
3 0.910156 0.110480 0.039062 0.059343
2 0.647372 0.230429 0.029119 0.051768
1 0.551136 0.498106 0.068182 0.077020
7 0.220526 0.936237 0.039062 0.059343
2 0.092685 0.029672 0.029119 0.051768
1 0.938210 0.465278 0.068182 0.077020
4 0.834872 0.505682 0.039062 0.059343
5 0.227628 0.683712 0.039062 0.059343
5 0.398793 0.336490 0.039062 0.059343
3 0.167969 0.514520 0.039062 0.059343
0 0.040483 0.514520 0.068182 0.077020
1 0.810369 0.655934 0.068182 0.077020
8 0.965554 0.857955 0.039062 0.059343
7 0.333452 0.321338 0.039062 0.059343
3 0.707031 0.933712 0.039062 0.059343
0 0.162642 0.049874 0.068182 0.077020
2 0.298651 0.755682 0.029119 0.051768
3 0.283736 0.465278 0.039062 0.059343
6 0.923651 0.706439 0.039062 0.059343
7 0.650923 0.080177 0.039062 0.059343
0 0.800426 0.049874 0.068182 0.077020
3 0.429332 0.029672 0.039062 0.059343
