5 0.667969 0.248106 0.039062 0.059343
5 0.544389 0.264520 0.039062 0.059343
4 0.833452 0.760732 0.039062 0.059343
7 0.827060 0.145833 0.039062 0.059343
3 0.573509 0.902146 0.039062 0.059343
0 0.947443 0.702652 0.068182 0.077020
3 0.345526 0.308712 0.039062 0.059343
2 0.610440 0.544823 0.029119 0.051768
0 0.414062 0.743056 0.068182 0.077020
7 0.181463 0.663510 0.039062 0.059343
6 0.025213 0.092803 0.039062 0.059343
7 0.078480 0.890783 0.039062 0.059343
6 0.902344 0.065025 0.039062 0.059343
3 0.286577 0.966540 0.039062 0.059343
6 0.163707 0.320076 0.039062 0.059343
4 0.192116 0.089015 0.039062 0.059343
7 0.187855 0.482955 0.039062 0.059343
5 0.579901 0.652146 0.039062 0.059343
3 0.165838 0.859217 0.039062 0.059343
1 0.699574 0.642045 0.068182 0.077020
8 0.299361 0.457702 0.039062 0.059343
1 0.691761 0.485480 0.068182 0.077020
4 0.954901 0.255682 0.039062 0.059343
4 0.066406 0.294823 0.039062 0.059343
8 0.769531 0.293561 0.039062 0.059343
4 0.724787 0.138258 0.039062 0.059343
