5 0.194957 0.298611 0.039062 0.059343
0 0.715909 0.551136 0.068182 0.077020
1 0.580966 0.952652 0.068182 0.077020
1 0.817472 0.446338 0.068182 0.077020
0 0.536932 0.681187 0.068182 0.077020
1 0.546165 0.501894 0.068182 0.077020
0 0.324574 0.489268 0.068182 0.077020
0 0.172585 0.860480 0.068182 0.077020
0 0.550426 0.123106 0.068182 0.077020
6 0.962003 0.341540 0.039062 0.059343
1 0.340909 0.130682 0.068182 0.077020
3 0.334872 0.715278 0.039062 0.059343
8 0.829901 0.640783 0.039062 0.059343
2 0.168679 0.640783 0.029119 0.051768
7 0.317827 0.251894 0.039062 0.059343
2 0.159446 0.072601 0.029119 0.051768
5 0.290128 0.904672 0.039062 0.059343
7 0.659446 0.129419 0.039062 0.059343
8 0.564276 0.337753 0.039062 0.059343
6 0.704190 0.684975 0.039062 0.059343
4 0.894531 0.566288 0.039062 0.059343
5 0.094105 0.360480 0.039062 0.059343
