3 0.566406 0.855429 0.039062 0.059343
0 0.669034 0.880682 0.068182 0.077020
5 0.452060 0.333965 0.039062 0.059343
5 0.520241 0.272096 0.039062 0.059343
1 0.821733 0.520833 0.068182 0.077020
1 0.162642 0.118056 0.068182 0.077020
2 0.427202 0.067551 0.029119 0.051768
2 0.290838 0.158460 0.029119 0.051768
4 0.070668 0.089015 0.039062 0.059343
7 0.972656 0.676136 0.039062 0.059343
8 0.178622 0.321338 0.039062 0.059343
4 0.447798 0.524621 0.039062 0.059343
3 0.468395 0.633207 0.039062 0.059343
2 0.181463 0.712753 0.029119 0.051768
6 0.209872 0.436237 0.039062 0.059343
6 0.844815 0.105429 0.039062 0.059343
0 0.927557 0.489268 0.068182 0.077020
7 0.707741 0.261995 0.039062 0.059343
5 0.667259 0.147096 0.039062 0.059343
0 0.816761 0.952652 0.068182 0.077020
1 0.688210 0.678662 0.068182 0.077020
3 0.281605 0.359217 0.039062 0.059343
1 0.062500 0.448864 0.068182 0.077020
2 0.522372 0.511995 0.029119 0.051768
2 0.044389 0.360480 0.029119 0.051768
5 0.599787 0.100379 0.039062 0.059343
6 0.276634 0.442551 0.039062 0.059343
4 0.063565 0.760732 0.039062 0.059343
0 0.193892 0.904672 0.068182 0.077020
5 0.908736 0.054924 0.039062 0.059343
0 0.911932 0.248106 0.068182 0.077020
