0 0.284801 0.924874 0.068182 0.077020
0 0.556818 0.087753 0.068182 0.077020
8 0.270241 0.121843 0.039062 0.059343
5 0.528054 0.895833 0.039062 0.059343
5 0.224077 0.648359 0.039062 0.059343
6 0.854048 0.265783 0.039062 0.059343
4 0.929332 0.530934 0.039062 0.059343
5 0.345526 0.532197 0.039062 0.059343
5 0.599077 0.644571 0.039062 0.059343
1 0.679688 0.533460 0.068182 0.077020
0 0.428977 0.270833 0.068182 0.077020
2 0.924361 0.368056 0.029119 0.051768
7 0.285156 0.735480 0.039062 0.059343
3 0.456321 0.674874 0.039062 0.059343
3 0.104759 0.758207 0.039062 0.059343
8 0.917259 0.937500 0.039062 0.059343
3 0.091974 0.328914 0.039062 0.059343
6 0.653764 0.086490 0.039062 0.059343
5 0.699219 0.660985 0.039062 0.059343
3 0.145952 0.129419 0.039062 0.059343
1 0.541193 0.241793 0.068182 0.077020
5 0.176491 0.548611 0.039062 0.059343
7 0.426491 0.870581 0.039062 0.059343
4 0.650923 0.909722 0.039062 0.059343
7 0.085582 0.506944 0.039062 0.059343
