7 0.940696 0.287247 0.039062 0.059343
5 0.403054 0.919823 0.039062 0.059343
8 0.855469 0.096591 0.039062 0.059343
3 0.192116 0.083965 0.039062 0.059343
3 0.699219 0.268308 0.039062 0.059343
3 0.923651 0.438763 0.039062 0.059343
2 0.220526 0.726641 0.029119 0.051768
3 0.782315 0.642045 0.039062 0.059343
1 0.181108 0.450126 0.068182 0.077020
1 0.296165 0.491793 0.068182 0.077020
5 0.533026 0.567551 0.039062 0.059343
5 0.084872 0.062500 0.039062 0.059343
2 0.187145 0.230429 0.029119 0.051768
2 0.035866 0.292298 0.029119 0.051768
0 0.826705 0.345328 0.068182 0.077020
2 0.435014 0.118056 0.029119 0.051768
5 0.583452 0.067551 0.039062 0.059343
2 0.839134 0.924874 0.029119 0.051768
4 0.062855 0.442551 0.039062 0.059343
3 0.169389 0.923611 0.039062 0.059343
2 0.057884 0.750631 0.029119 0.051768
6 0.650923 0.062500 0.039062 0.059343
6 0.453480 0.503157 0.039062 0.059343
0 0.542614 0.940025 0.068182 0.077020
0 0.335938 0.705177 0.068182 0.077020
5 0.020952 0.830177 0.039062 0.059343
7 0.405185 0.711490 0.039062 0.059343
1 0.311790 0.309975 0.068182 0.077020
0 0.961648 0.671086 0.068182 0.077020
