7 0.945668 0.645833 0.039062 0.059343
6 0.336293 0.947601 0.039062 0.059343
8 0.281605 0.041035 0.039062 0.059343
5 0.056463 0.052399 0.039062 0.059343
5 0.826349 0.933712 0.039062 0.059343
1 0.541903 0.846591 0.068182 0.077020
5 0.572088 0.667298 0.039062 0.059343
6 0.972656 0.126894 0.039062 0.059343
7 0.567116 0.111742 0.039062 0.059343
6 0.854759 0.105429 0.039062 0.059343
5 0.676491 0.457702 0.039062 0.059343
8 0.060724 0.903409 0.039062 0.059343
8 0.907315 0.855429 0.039062 0.059343
1 0.692472 0.701389 0.068182 0.077020
7 0.162287 0.246843 0.039062 0.059343
0 0.416193 0.669823 0.068182 0.077020
0 0.689631 0.350379 0.068182 0.077020
7 0.340554 0.664773 0.039062 0.059343
0 0.827415 0.648359 0.068182 0.077020
5 0.783736 0.299874 0.039062 0.059343
2 0.917969 0.355429 0.029119 0.051768
