3 0.277344 0.547348 0.039062 0.059343
7 0.411577 0.466540 0.039062 0.059343
5 0.418679 0.297348 0.039062 0.059343
4 0.686435 0.289773 0.039062 0.059343
0 0.205256 0.681187 0.068182 0.077020
6 0.949219 0.744318 0.039062 0.059343
3 0.778764 0.715278 0.039062 0.059343
8 0.454901 0.630682 0.039062 0.059343
2 0.019531 0.054924 0.029119 0.051768
4 0.593395 0.111742 0.039062 0.059343
8 0.555753 0.303662 0.039062 0.059343
5 0.675071 0.740530 0.039062 0.059343
6 0.845526 0.556187 0.039062 0.059343
8 0.436435 0.143308 0.039062 0.059343
4 0.312855 0.365530 0.039062 0.059343
5 0.692116 0.476641 0.039062 0.059343
2 0.917969 0.489268 0.029119 0.051768
5 0.203480 0.926136 0.039062 0.059343
8 0.187855 0.523359 0.039062 0.059343
0 0.206676 0.042298 0.068182 0.077020
7 0.963423 0.890783 0.039062 0.059343
0 0.049716 0.755682 0.068182 0.077020
0 0.036932 0.886995 0.068182 0.077020
2 0.567116 0.648359 0.029119 0.051768
8 0.783736 0.345328 0.039062 0.059343
1 0.816051 0.066288 0.068182 0.077020
4 0.332031 0.126894 0.039062 0.059343
4 0.782315 0.960227 0.039062 0.059343
