1 0.161222 0.744318 0.068182 0.077020
6 0.401634 0.732955 0.039062 0.059343
3 0.579190 0.941288 0.039062 0.059343
5 0.696378 0.034722 0.039062 0.059343
6 0.925071 0.299874 0.039062 0.059343
8 0.812855 0.964015 0.039062 0.059343
4 0.810724 0.671086 0.039062 0.059343
6 0.819247 0.251894 0.039062 0.059343
3 0.901634 0.714015 0.039062 0.059343
8 0.555753 0.032197 0.039062 0.059343
6 0.915838 0.842803 0.039062 0.059343
8 0.697088 0.842803 0.039062 0.059343
7 0.412287 0.481692 0.039062 0.059343
1 0.588068 0.248106 0.068182 0.077020
8 0.145241 0.076389 0.039062 0.059343
4 0.281605 0.668561 0.039062 0.059343
7 0.835582 0.125631 0.039062 0.059343
0 0.584517 0.673611 0.068182 0.077020
0 0.698153 0.450126 0.068182 0.077020
3 0.076349 0.658460 0.039062 0.059343
3 0.707031 0.230429 0.039062 0.059343
0 0.197443 0.937500 0.068182 0.077020
7 0.334872 0.082702 0.039062 0.059343
