0 0.821023 0.467803 0.068182 0.077020
5 0.153764 0.346591 0.039062 0.059343
4 0.658736 0.110480 0.039062 0.059343
5 0.819247 0.143308 0.039062 0.059343
7 0.302912 0.839015 0.039062 0.059343
8 0.949929 0.229167 0.039062 0.059343
7 0.092685 0.758207 0.039062 0.059343
2 0.432173 0.364268 0.029119 0.051768
7 0.900213 0.847854 0.039062 0.059343
0 0.573153 0.684975 0.068182 0.077020
8 0.600497 0.955177 0.039062 0.059343
0 0.164773 0.129419 0.068182 0.077020
0 0.576705 0.077652 0.068182 0.077020
6 0.667259 0.652146 0.039062 0.059343
1 0.188920 0.460227 0.068182 0.077020
5 0.421520 0.158460 0.039062 0.059343
4 0.092685 0.091540 0.039062 0.059343
0 0.056818 0.321338 0.068182 0.077020
7 0.023082 0.447601 0.039062 0.059343
3 0.596946 0.304924 0.039062 0.059343
0 0.833097 0.926136 0.068182 0.077020
6 0.702770 0.337753 0.039062 0.059343
6 0.917969 0.436237 0.039062 0.059343
