2 0.201349 0.154672 0.029119 0.051768
4 0.349077 0.706439 0.039062 0.059343
0 0.461648 0.474116 0.068182 0.077020
0 0.428977 0.743056 0.068182 0.077020
4 0.057173 0.933712 0.039062 0.059343
1 0.051847 0.481692 0.068182 0.077020
0 0.792614 0.950126 0.068182 0.077020
1 0.947443 0.940025 0.068182 0.077020
2 0.390980 0.090278 0.029119 0.051768
4 0.679332 0.547348 0.039062 0.059343
1 0.298295 0.145833 0.068182 0.077020
3 0.949929 0.562500 0.039062 0.059343
4 0.922230 0.241793 0.039062 0.059343
0 0.715909 0.874369 0.068182 0.077020
6 0.180753 0.280934 0.039062 0.059343
5 0.846946 0.044823 0.039062 0.059343
5 0.776634 0.284722 0.039062 0.059343
0 0.197443 0.465278 0.068182 0.077020
6 0.774503 0.488005 0.039062 0.059343
1 0.197443 0.837753 0.068182 0.077020
4 0.727628 0.142045 0.039062 0.059343
4 0.567827 0.885732 0.039062 0.059343
2 0.342685 0.456439 0.029119 0.051768
7 0.042969 0.341540 0.039062 0.059343
1 0.550426 0.153409 0.068182 0.077020
1 0.193892 0.707702 0.068182 0.077020
0 0.558239 0.260732 0.068182 0.077020
2 0.655895 0.684975 0.029119 0.051768
1 0.688210 0.291035 0.068182 0.077020
5 0.089134 0.134470 0.039062 0.059343
0 0.446733 0.879419 0.068182 0.077020
1 0.569602 0.482955 0.068182 0.077020
5 0.935724 0.636995 0.039062 0.059343
5 0.439276 0.359217 0.039062 0.059343
1 0.083807 0.738005 0.068182 0.077020
