8 0.663707 0.927399 0.039062 0.059343
5 0.036577 0.265783 0.039062 0.059343
8 0.771662 0.895833 0.039062 0.059343
8 0.521662 0.546086 0.039062 0.059343
8 0.148082 0.158460 0.039062 0.059343
5 0.069247 0.902146 0.039062 0.059343
4 0.812855 0.754419 0.039062 0.059343
0 0.590199 0.053662 0.068182 0.077020
5 0.290838 0.962753 0.039062 0.059343
4 0.847656 0.450126 0.039062 0.059343
4 0.777344 0.355429 0.039062 0.059343
7 0.775213 0.078914 0.039062 0.059343
3 0.957741 0.466540 0.039062 0.059343
6 0.396662 0.256944 0.039062 0.059343
3 0.902344 0.150884 0.039062 0.059343
1 0.701705 0.116793 0.068182 0.077020
6 0.194247 0.307449 0.039062 0.059343
7 0.271662 0.058712 0.039062 0.059343
0 0.924006 0.715278 0.068182 0.077020
3 0.582031 0.369318 0.039062 0.059343
2 0.643821 0.725379 0.029119 0.051768
3 0.935724 0.938763 0.039062 0.059343
6 0.406605 0.157197 0.039062 0.059343
1 0.534091 0.908460 0.068182 0.077020
7 0.713423 0.513258 0.039062 0.059343
1 0.178267 0.710227 0.068182 0.077020
7 0.413707 0.846591 0.039062 0.059343
3 0.192827 0.553662 0.039062 0.059343
5 0.447798 0.563763 0.039062 0.059343
4 0.572798 0.730429 0.039062 0.059343
1 0.063210 0.068813 0.068182 0.077020
5 0.454901 0.710227 0.039062 0.059343
1 0.321023 0.541035 0.068182 0.077020
1 0.309659 0.303662 0.068182 0.077020
7 0.915838 0.234217 0.039062 0.059343
6 0.163707 0.861742 0.039062 0.059343
1 0.088778 0.758207 0.068182 0.077020
7 0.670810 0.337753 0.039062 0.059343
