2 0.022372 0.285985 0.029119 0.051768
7 0.675071 0.520833 0.039062 0.059343
5 0.824929 0.264520 0.039062 0.059343
7 0.775213 0.732955 0.039062 0.059343
4 0.429332 0.488005 0.039062 0.059343
0 0.459517 0.910985 0.068182 0.077020
2 0.646662 0.053662 0.029119 0.051768
3 0.806463 0.442551 0.039062 0.059343
8 0.530895 0.280934 0.039062 0.059343
1 0.314631 0.515783 0.068182 0.077020
1 0.452415 0.042298 0.068182 0.077020
8 0.180753 0.830177 0.039062 0.059343
1 0.923295 0.049874 0.068182 0.077020
2 0.979048 0.844066 0.029119 0.051768
6 0.807884 0.111742 0.039062 0.059343
7 0.824219 0.960227 0.039062 0.059343
5 0.939986 0.546086 0.039062 0.059343
2 0.327770 0.345328 0.029119 0.051768
1 0.568892 0.731692 0.068182 0.077020
0 0.536222 0.917298 0.068182 0.077020
1 0.060369 0.745581 0.068182 0.077020
3 0.725497 0.365530 0.039062 0.059343
3 0.314986 0.711490 0.039062 0.059343
6 0.464134 0.736742 0.039062 0.059343
6 0.205611 0.481692 0.039062 0.059343
0 0.965199 0.653409 0.068182 0.077020
7 0.448509 0.294823 0.039062 0.059343
8 0.194247 0.351641 0.039062 0.059343
7 0.039418 0.434975 0.039062 0.059343
4 0.596946 0.495581 0.039062 0.059343
2 0.522372 0.076389 0.029119 0.051768
4 0.065696 0.856692 0.039062 0.059343
