5 0.660866 0.052399 0.039062 0.059343
8 0.554332 0.095328 0.039062 0.059343
1 0.588778 0.693813 0.068182 0.077020
0 0.589489 0.559975 0.068182 0.077020
2 0.795810 0.460227 0.029119 0.051768
6 0.312145 0.120581 0.039062 0.059343
8 0.344105 0.967803 0.039062 0.059343
4 0.168679 0.106692 0.039062 0.059343
1 0.441761 0.712753 0.068182 0.077020
5 0.057173 0.869318 0.039062 0.059343
0 0.049716 0.092803 0.068182 0.077020
5 0.922230 0.246843 0.039062 0.059343
3 0.582031 0.889520 0.039062 0.059343
1 0.303977 0.508207 0.068182 0.077020
3 0.831321 0.855429 0.039062 0.059343
5 0.202770 0.349116 0.039062 0.059343
0 0.034801 0.462753 0.068182 0.077020
7 0.041548 0.306187 0.039062 0.059343
0 0.800426 0.282197 0.068182 0.077020
5 0.462713 0.278409 0.039062 0.059343
5 0.971946 0.464015 0.039062 0.059343
1 0.584517 0.275884 0.068182 0.077020
0 0.926847 0.066288 0.068182 0.077020
