6 0.672940 0.522096 0.039062 0.059343
1 0.672585 0.302399 0.068182 0.077020
1 0.085227 0.150884 0.068182 0.077020
1 0.909801 0.270833 0.068182 0.077020
7 0.829901 0.724116 0.039062 0.059343
3 0.783026 0.261995 0.039062 0.059343
1 0.429688 0.894571 0.068182 0.077020
6 0.555043 0.873106 0.039062 0.059343
1 0.073153 0.902146 0.068182 0.077020
2 0.223366 0.683712 0.029119 0.051768
4 0.322088 0.298611 0.039062 0.059343
6 0.026634 0.529672 0.039062 0.059343
2 0.530185 0.541035 0.029119 0.051768
4 0.291548 0.149621 0.039062 0.059343
4 0.946378 0.532197 0.039062 0.059343
6 0.200639 0.100379 0.039062 0.059343
3 0.283026 0.662247 0.039062 0.059343
7 0.061435 0.350379 0.039062 0.059343
4 0.439986 0.166035 0.039062 0.059343
6 0.692827 0.865530 0.039062 0.059343
0 0.538352 0.092803 0.068182 0.077020
0 0.834517 0.153409 0.068182 0.077020
7 0.168679 0.337753 0.039062 0.059343
1 0.821733 0.474116 0.068182 0.077020
0 0.419744 0.553662 0.068182 0.077020
4 0.785866 0.900884 0.039062 0.059343
