3 0.217685 0.039773 0.039062 0.059343
7 0.052912 0.714015 0.039062 0.059343
8 0.290128 0.042298 0.039062 0.059343
1 0.438920 0.866793 0.068182 0.077020
2 0.167259 0.359217 0.029119 0.051768
0 0.909091 0.543561 0.068182 0.077020
0 0.297585 0.708965 0.068182 0.077020
5 0.819247 0.486742 0.039062 0.059343
4 0.185724 0.467803 0.039062 0.059343
3 0.828480 0.063763 0.039062 0.059343
5 0.021662 0.285985 0.039062 0.059343
0 0.667614 0.866793 0.068182 0.077020
1 0.803267 0.309975 0.068182 0.077020
7 0.555043 0.691288 0.039062 0.059343
8 0.957741 0.119318 0.039062 0.059343
5 0.684304 0.687500 0.039062 0.059343
8 0.648082 0.119318 0.039062 0.059343
5 0.653054 0.350379 0.039062 0.059343
0 0.838068 0.700126 0.068182 0.077020
8 0.535156 0.365530 0.039062 0.059343
4 0.562855 0.066288 0.039062 0.059343
1 0.063920 0.543561 0.068182 0.077020
5 0.147372 0.900884 0.039062 0.059343
2 0.277344 0.903409 0.029119 0.051768
