7 0.192116 0.837753 0.039062 0.059343
1 0.455966 0.465278 0.068182 0.077020
6 0.045810 0.756944 0.039062 0.059343
0 0.444602 0.674874 0.068182 0.077020
1 0.427557 0.337753 0.068182 0.077020
1 0.934659 0.061237 0.068182 0.077020
4 0.894531 0.490530 0.039062 0.059343
0 0.294744 0.893308 0.068182 0.077020
0 0.954545 0.258207 0.068182 0.077020
0 0.043324 0.075126 0.068182 0.077020
5 0.771662 0.484217 0.039062 0.059343
5 0.656605 0.633207 0.039062 0.059343
7 0.528764 0.710227 0.039062 0.059343
5 0.349077 0.642045 0.039062 0.059343
6 0.200639 0.485480 0.039062 0.059343
0 0.309659 0.539773 0.068182 0.077020
4 0.437855 0.061237 0.039062 0.059343
6 0.799361 0.268308 0.039062 0.059343
6 0.689276 0.923611 0.039062 0.059343
7 0.596946 0.894571 0.039062 0.059343
3 0.520952 0.272096 0.039062 0.059343
6 0.408736 0.845328 0.039062 0.059343
4 0.277344 0.279672 0.039062 0.059343
3 0.832741 0.767045 0.039062 0.059343
4 0.344815 0.032197 0.039062 0.059343
5 0.191406 0.144571 0.039062 0.059343
3 0.528054 0.457702 0.039062 0.059343
0 0.188210 0.662247 0.068182 0.077020
7 0.799361 0.874369 0.039062 0.059343
0 0.083097 0.529672 0.068182 0.077020
1 0.036932 0.297348 0.068182 0.077020
7 0.938565 0.768308 0.039062 0.059343
8 0.096236 0.927399 0.039062 0.059343
2 0.549361 0.048611 0.029119 0.051768
3 0.686435 0.239268 0.039062 0.059343
8 0.668679 0.160985 0.039062 0.059343
7 0.171520 0.269571 0.039062 0.059343
8 0.694957 0.557449 0.039062 0.059343
5 0.787997 0.149621 0.039062 0.059343
