5 0.561435 0.535985 0.039062 0.059343
3 0.221236 0.668561 0.039062 0.059343
0 0.322443 0.309975 0.068182 0.077020
3 0.328480 0.707702 0.039062 0.059343
0 0.948153 0.913510 0.068182 0.077020
5 0.582741 0.086490 0.039062 0.059343
3 0.174361 0.034722 0.039062 0.059343
1 0.563920 0.683712 0.068182 0.077020
5 0.211293 0.883207 0.039062 0.059343
0 0.562500 0.302399 0.068182 0.077020
6 0.349787 0.116793 0.039062 0.059343
4 0.796520 0.727904 0.039062 0.059343
3 0.346236 0.532197 0.039062 0.059343
4 0.105469 0.530934 0.039062 0.059343
0 0.461648 0.067551 0.068182 0.077020
6 0.667969 0.754419 0.039062 0.059343
1 0.078835 0.871843 0.068182 0.077020
1 0.045455 0.710227 0.068182 0.077020
1 0.946023 0.136995 0.068182 0.077020
2 0.106889 0.152146 0.029119 0.051768
3 0.927912 0.722854 0.039062 0.059343
0 0.215199 0.350379 0.068182 0.077020
4 0.177202 0.485480 0.039062 0.059343
5 0.820668 0.360480 0.039062 0.059343
3 0.564276 0.876894 0.039062 0.059343
0 0.450284 0.702652 0.068182 0.077020
4 0.650213 0.489268 0.039062 0.059343
5 0.800781 0.941288 0.039062 0.059343
6 0.441406 0.453914 0.039062 0.059343
1 0.426136 0.897096 0.068182 0.077020
7 0.435014 0.248106 0.039062 0.059343
4 0.962003 0.361742 0.039062 0.059343
