4 0.208452 0.850379 0.039062 0.059343
6 0.415838 0.967803 0.039062 0.059343
0 0.313210 0.546086 0.068182 0.077020
1 0.953125 0.701389 0.068182 0.077020
6 0.945668 0.086490 0.039062 0.059343
2 0.965554 0.259470 0.029119 0.051768
5 0.706321 0.740530 0.039062 0.059343
2 0.404474 0.267045 0.029119 0.051768
5 0.162997 0.308712 0.039062 0.059343
4 0.307884 0.650884 0.039062 0.059343
8 0.024503 0.754419 0.039062 0.059343
1 0.951705 0.950126 0.068182 0.077020
0 0.325284 0.157197 0.068182 0.077020
6 0.533736 0.044823 0.039062 0.059343
2 0.731179 0.306187 0.029119 0.051768
5 0.324929 0.948864 0.039062 0.059343
3 0.478338 0.090278 0.039062 0.059343
0 0.076705 0.480429 0.068182 0.077020
5 0.458452 0.707702 0.039062 0.059343
0 0.713778 0.469066 0.068182 0.077020
7 0.162997 0.515783 0.039062 0.059343
3 0.216974 0.721591 0.039062 0.059343
0 0.803267 0.543561 0.068182 0.077020
5 0.726918 0.938763 0.039062 0.059343
2 0.023793 0.078914 0.029119 0.051768
7 0.454190 0.475379 0.039062 0.059343
4 0.567116 0.879419 0.039062 0.059343
2 0.809304 0.241793 0.029119 0.051768
6 0.682173 0.095328 0.039062 0.059343
2 0.824929 0.852904 0.029119 0.051768
7 0.844815 0.047348 0.039062 0.059343
3 0.204190 0.081439 0.039062 0.059343
0 0.571733 0.647096 0.068182 0.077020
5 0.547230 0.532197 0.039062 0.059343
5 0.272372 0.238005 0.039062 0.059343
3 0.779474 0.761995 0.039062 0.059343
1 0.039773 0.336490 0.068182 0.077020
