1 0.801136 0.302399 0.068182 0.077020
3 0.479048 0.337753 0.039062 0.059343
5 0.479048 0.760732 0.039062 0.059343
5 0.163707 0.865530 0.039062 0.059343
1 0.292614 0.748106 0.068182 0.077020
3 0.444247 0.940025 0.039062 0.059343
2 0.197798 0.630682 0.029119 0.051768
7 0.533736 0.450126 0.039062 0.059343
8 0.895952 0.469066 0.039062 0.059343
4 0.781605 0.831439 0.039062 0.059343
1 0.058239 0.279672 0.068182 0.077020
3 0.923651 0.120581 0.039062 0.059343
3 0.693537 0.080177 0.039062 0.059343
6 0.967685 0.229167 0.039062 0.059343
3 0.158736 0.128157 0.039062 0.059343
6 0.573509 0.876894 0.039062 0.059343
7 0.054332 0.159722 0.039062 0.059343
1 0.458807 0.547348 0.068182 0.077020
5 0.076349 0.893308 0.039062 0.059343
5 0.810014 0.446338 0.039062 0.059343
