0 0.558949 0.864268 0.068182 0.077020
8 0.295810 0.563763 0.039062 0.059343
0 0.803267 0.263258 0.068182 0.077020
5 0.574929 0.086490 0.039062 0.059343
8 0.896662 0.268308 0.039062 0.059343
3 0.430753 0.840278 0.039062 0.059343
3 0.339134 0.157197 0.039062 0.059343
3 0.327770 0.356692 0.039062 0.059343
1 0.956676 0.441288 0.068182 0.077020
7 0.804332 0.120581 0.039062 0.059343
8 0.712003 0.434975 0.039062 0.059343
2 0.688565 0.239268 0.029119 0.051768
5 0.201349 0.936237 0.039062 0.059343
3 0.650213 0.660985 0.039062 0.059343
7 0.463423 0.291035 0.039062 0.059343
6 0.841974 0.875631 0.039062 0.059343
7 0.441406 0.655934 0.039062 0.059343
5 0.346946 0.947601 0.039062 0.059343
7 0.028764 0.162247 0.039062 0.059343
4 0.536577 0.495581 0.039062 0.059343
