7 0.934304 0.919823 0.039062 0.059343
2 0.213423 0.164773 0.029119 0.051768
0 0.551136 0.136995 0.068182 0.077020
8 0.670099 0.674874 0.039062 0.059343
6 0.460582 0.702652 0.039062 0.059343
2 0.840554 0.639520 0.029119 0.051768
8 0.177202 0.556187 0.039062 0.059343
8 0.437855 0.168561 0.039062 0.059343
5 0.414418 0.957702 0.039062 0.059343
3 0.702770 0.047348 0.039062 0.059343
2 0.017401 0.894571 0.029119 0.051768
6 0.584872 0.869318 0.039062 0.059343
0 0.181818 0.259470 0.068182 0.077020
0 0.436080 0.486742 0.068182 0.077020
8 0.460582 0.361742 0.039062 0.059343
1 0.169744 0.869318 0.068182 0.077020
4 0.053622 0.153409 0.039062 0.059343
4 0.057884 0.259470 0.039062 0.059343
3 0.645952 0.515783 0.039062 0.059343
3 0.909446 0.035985 0.039062 0.059343
3 0.349787 0.638258 0.039062 0.059343
7 0.026634 0.505682 0.039062 0.059343
7 0.769531 0.080177 0.039062 0.059343
7 0.219105 0.648359 0.039062 0.059343
3 0.692827 0.873106 0.039062 0.059343
