3 0.179332 0.921086 0.039062 0.059343
8 0.565696 0.082702 0.039062 0.059343
4 0.477628 0.163510 0.039062 0.059343
5 0.575639 0.631944 0.039062 0.059343
7 0.435014 0.541035 0.039062 0.059343
6 0.327060 0.529672 0.039062 0.059343
2 0.807884 0.342803 0.029119 0.051768
7 0.936435 0.511995 0.039062 0.059343
3 0.201349 0.154672 0.039062 0.059343
0 0.670455 0.124369 0.068182 0.077020
7 0.281605 0.655934 0.039062 0.059343
8 0.949929 0.361742 0.039062 0.059343
1 0.541193 0.282197 0.068182 0.077020
1 0.160511 0.475379 0.068182 0.077020
4 0.817116 0.495581 0.039062 0.059343
5 0.083452 0.746843 0.039062 0.059343
1 0.314631 0.126894 0.068182 0.077020
5 0.420099 0.679924 0.039062 0.059343
7 0.022372 0.947601 0.039062 0.059343
3 0.192116 0.629419 0.039062 0.059343
8 0.529474 0.532197 0.039062 0.059343
5 0.827060 0.070076 0.039062 0.059343
0 0.790483 0.923611 0.068182 0.077020
1 0.833807 0.755682 0.068182 0.077020
5 0.315696 0.254419 0.039062 0.059343
6 0.025213 0.078914 0.039062 0.059343
8 0.169389 0.340278 0.039062 0.059343
