6 0.819247 0.884470 0.039062 0.059343
0 0.581676 0.091540 0.068182 0.077020
4 0.675071 0.837753 0.039062 0.059343
0 0.703125 0.086490 0.068182 0.077020
0 0.034091 0.470328 0.068182 0.077020
1 0.580966 0.529672 0.068182 0.077020
8 0.221946 0.316288 0.039062 0.059343
2 0.466974 0.743056 0.029119 0.051768
4 0.218395 0.460227 0.039062 0.059343
0 0.075994 0.907197 0.068182 0.077020
3 0.834162 0.128157 0.039062 0.059343
6 0.950639 0.852904 0.039062 0.059343
5 0.645241 0.331439 0.039062 0.059343
5 0.935014 0.335227 0.039062 0.059343
1 0.463778 0.505682 0.068182 0.077020
1 0.460938 0.292298 0.068182 0.077020
5 0.582031 0.932449 0.039062 0.059343
1 0.797585 0.551136 0.068182 0.077020
6 0.209872 0.873106 0.039062 0.059343
3 0.911577 0.729167 0.039062 0.059343
1 0.212358 0.073864 0.068182 0.077020
0 0.803267 0.697601 0.068182 0.077020
4 0.424361 0.857955 0.039062 0.059343
1 0.050426 0.636995 0.068182 0.077020
8 0.948509 0.038510 0.039062 0.059343
2 0.271662 0.455177 0.029119 0.051768
0 0.801847 0.312500 0.068182 0.077020
0 0.944602 0.467803 0.068182 0.077020
0 0.291193 0.639520 0.068182 0.077020
4 0.711293 0.691288 0.039062 0.059343
6 0.672230 0.518308 0.039062 0.059343
