8 0.408026 0.899621 0.039062 0.059343
5 0.046520 0.914773 0.039062 0.059343
2 0.645241 0.557449 0.029119 0.051768
2 0.027344 0.265783 0.029119 0.051768
7 0.301491 0.361742 0.039062 0.059343
0 0.937500 0.655934 0.068182 0.077020
4 0.465554 0.123106 0.039062 0.059343
8 0.099787 0.629419 0.039062 0.059343
6 0.555753 0.740530 0.039062 0.059343
2 0.316406 0.770833 0.029119 0.051768
4 0.568537 0.313763 0.039062 0.059343
0 0.690341 0.297348 0.068182 0.077020
6 0.711293 0.863005 0.039062 0.059343
8 0.958452 0.255682 0.039062 0.059343
5 0.567116 0.450126 0.039062 0.059343
4 0.955611 0.149621 0.039062 0.059343
0 0.205966 0.456439 0.068182 0.077020
1 0.190341 0.144571 0.068182 0.077020
8 0.720526 0.653409 0.039062 0.059343
7 0.400923 0.568813 0.039062 0.059343
3 0.027344 0.436237 0.039062 0.059343
3 0.223366 0.914773 0.039062 0.059343
8 0.769531 0.232955 0.039062 0.059343
5 0.167259 0.634470 0.039062 0.059343
1 0.835227 0.684975 0.068182 0.077020
4 0.715554 0.133207 0.039062 0.059343
5 0.346946 0.962753 0.039062 0.059343
