7 0.151634 0.046086 0.039062 0.059343
4 0.533026 0.118056 0.039062 0.059343
3 0.044389 0.458965 0.039062 0.059343
1 0.787642 0.110480 0.068182 0.077020
4 0.065696 0.302399 0.039062 0.059343
3 0.934304 0.258207 0.039062 0.059343
1 0.573153 0.486742 0.068182 0.077020
7 0.928622 0.109217 0.039062 0.059343
1 0.039773 0.133207 0.068182 0.077020
3 0.469105 0.087753 0.039062 0.059343
7 0.447088 0.541035 0.039062 0.059343
0 0.047585 0.743056 0.068182 0.077020
7 0.571378 0.307449 0.039062 0.059343
1 0.668324 0.047348 0.068182 0.077020
1 0.316051 0.499369 0.068182 0.077020
5 0.151634 0.674874 0.039062 0.059343
4 0.322798 0.865530 0.039062 0.059343
1 0.449574 0.283460 0.068182 0.077020
5 0.658736 0.666035 0.039062 0.059343
6 0.797230 0.433712 0.039062 0.059343
3 0.312855 0.268308 0.039062 0.059343
4 0.829901 0.836490 0.039062 0.059343
3 0.966974 0.664773 0.039062 0.059343
2 0.932173 0.508207 0.029119 0.051768
1 0.424006 0.693813 0.068182 0.077020
0 0.077415 0.916035 0.068182 0.077020
8 0.198509 0.471591 0.039062 0.059343
0 0.196023 0.311237 0.068182 0.077020
3 0.334872 0.687500 0.039062 0.059343
1 0.545455 0.873106 0.068182 0.077020
7 0.598366 0.650884 0.039062 0.059343
8 0.899503 0.850379 0.039062 0.059343
6 0.841974 0.729167 0.039062 0.059343
0 0.322443 0.056187 0.068182 0.077020
6 0.719105 0.243056 0.039062 0.059343
2 0.838423 0.301136 0.029119 0.051768
4 0.409446 0.831439 0.039062 0.059343
7 0.161577 0.912247 0.039062 0.059343
