5 0.157315 0.085227 0.039062 0.059343
1 0.539773 0.087753 0.068182 0.077020
3 0.662997 0.513258 0.039062 0.059343
8 0.841974 0.708965 0.039062 0.059343
2 0.545099 0.445076 0.029119 0.051768
8 0.164418 0.740530 0.039062 0.059343
3 0.082741 0.539773 0.039062 0.059343
4 0.094815 0.929924 0.039062 0.059343
2 0.678622 0.320076 0.029119 0.051768
7 0.523793 0.950126 0.039062 0.059343
4 0.694957 0.835227 0.039062 0.059343
8 0.322798 0.168561 0.039062 0.059343
5 0.405185 0.749369 0.039062 0.059343
6 0.980469 0.721591 0.039062 0.059343
3 0.351918 0.341540 0.039062 0.059343
6 0.179332 0.519571 0.039062 0.059343
3 0.811435 0.087753 0.039062 0.059343
6 0.349077 0.743056 0.039062 0.059343
3 0.957741 0.897096 0.039062 0.059343
6 0.832741 0.863005 0.039062 0.059343
0 0.415483 0.318813 0.068182 0.077020
1 0.313920 0.455177 0.068182 0.077020
6 0.778054 0.445076 0.039062 0.059343
3 0.312145 0.840278 0.039062 0.059343
2 0.096236 0.251894 0.029119 0.051768
5 0.792259 0.326389 0.039062 0.059343
1 0.036932 0.138258 0.068182 0.077020
1 0.681818 0.094066 0.068182 0.077020
3 0.595526 0.307449 0.039062 0.059343
7 0.221236 0.832702 0.039062 0.059343
1 0.948864 0.094066 0.068182 0.077020
3 0.972656 0.277146 0.039062 0.059343
5 0.447798 0.072601 0.039062 0.059343
3 0.550781 0.698864 0.039062 0.059343
3 0.718395 0.642045 0.039062 0.059343
8 0.901634 0.524621 0.039062 0.059343
1 0.458097 0.857955 0.068182 0.077020
