8 0.155185 0.881944 0.039062 0.059343
3 0.159446 0.126894 0.039062 0.059343
1 0.331676 0.698864 0.068182 0.077020
4 0.694247 0.067551 0.039062 0.059343
5 0.418679 0.851641 0.039062 0.059343
5 0.070668 0.068813 0.039062 0.059343
8 0.974077 0.303662 0.039062 0.059343
3 0.573509 0.751894 0.039062 0.059343
0 0.083807 0.467803 0.068182 0.077020
2 0.730469 0.537247 0.029119 0.051768
1 0.292614 0.111742 0.068182 0.077020
5 0.185014 0.269571 0.039062 0.059343
6 0.908026 0.482955 0.039062 0.059343
4 0.457741 0.443813 0.039062 0.059343
2 0.057173 0.706439 0.029119 0.051768
4 0.927912 0.881944 0.039062 0.059343
0 0.683239 0.306187 0.068182 0.077020
5 0.967685 0.705177 0.039062 0.059343
4 0.570668 0.849116 0.039062 0.059343
2 0.226207 0.513258 0.029119 0.051768
8 0.066406 0.327652 0.039062 0.059343
2 0.906605 0.085227 0.029119 0.051768
5 0.670810 0.905934 0.039062 0.059343
3 0.322798 0.253157 0.039062 0.059343
1 0.808949 0.532197 0.068182 0.077020
1 0.433239 0.326389 0.068182 0.077020
0 0.552557 0.352904 0.068182 0.077020
4 0.788707 0.726641 0.039062 0.059343
3 0.218395 0.724116 0.039062 0.059343
0 0.674716 0.636995 0.068182 0.077020
7 0.545810 0.086490 0.039062 0.059343
