1 0.075994 0.488005 0.068182 0.077020
5 0.724787 0.912247 0.039062 0.059343
2 0.951349 0.640783 0.029119 0.051768
8 0.778054 0.072601 0.039062 0.059343
4 0.844105 0.948864 0.039062 0.059343
2 0.644531 0.676136 0.029119 0.051768
3 0.791548 0.475379 0.039062 0.059343
2 0.518821 0.436237 0.029119 0.051768
7 0.574929 0.966540 0.039062 0.059343
6 0.771662 0.645833 0.039062 0.059343
6 0.148793 0.491793 0.039062 0.059343
3 0.697798 0.086490 0.039062 0.059343
2 0.354048 0.037247 0.029119 0.051768
6 0.465554 0.687500 0.039062 0.059343
6 0.307884 0.522096 0.039062 0.059343
8 0.598366 0.673611 0.039062 0.059343
0 0.191761 0.047348 0.068182 0.077020
3 0.474787 0.947601 0.039062 0.059343
0 0.181818 0.346591 0.068182 0.077020
4 0.941406 0.351641 0.039062 0.059343
7 0.971946 0.506944 0.039062 0.059343
5 0.452060 0.034722 0.039062 0.059343
8 0.061435 0.894571 0.039062 0.059343
4 0.433594 0.253157 0.039062 0.059343
5 0.960582 0.092803 0.039062 0.059343
0 0.311080 0.725379 0.068182 0.077020
8 0.342685 0.827652 0.039062 0.059343
8 0.449219 0.510732 0.039062 0.059343
7 0.319957 0.303662 0.039062 0.059343
6 0.154474 0.958965 0.039062 0.059343
7 0.093395 0.677399 0.039062 0.059343
