3 0.692116 0.308712 0.039062 0.059343
5 0.274503 0.677399 0.039062 0.059343
0 0.684659 0.066288 0.068182 0.077020
2 0.302202 0.231692 0.029119 0.051768
1 0.436080 0.660985 0.068182 0.077020
5 0.221946 0.033460 0.039062 0.059343
5 0.695668 0.706439 0.039062 0.059343
7 0.459162 0.135732 0.039062 0.059343
1 0.838068 0.344066 0.068182 0.077020
8 0.069957 0.515783 0.039062 0.059343
6 0.591974 0.918561 0.039062 0.059343
3 0.094105 0.767045 0.039062 0.059343
2 0.770952 0.563763 0.029119 0.051768
3 0.947798 0.519571 0.039062 0.059343
7 0.322088 0.553662 0.039062 0.059343
2 0.155185 0.296086 0.029119 0.051768
2 0.045099 0.116793 0.029119 0.051768
8 0.210582 0.885732 0.039062 0.059343
5 0.825639 0.140783 0.039062 0.059343
5 0.089134 0.320076 0.039062 0.059343
0 0.543324 0.245581 0.068182 0.077020
8 0.067827 0.922348 0.039062 0.059343
2 0.939276 0.035985 0.029119 0.051768
7 0.535866 0.076389 0.039062 0.059343
