6 0.047940 0.706439 0.039062 0.059343
6 0.214134 0.095328 0.039062 0.059343
5 0.090554 0.442551 0.039062 0.059343
7 0.407315 0.712753 0.039062 0.059343
2 0.892401 0.105429 0.029119 0.051768
1 0.295455 0.912247 0.068182 0.077020
0 0.163352 0.347854 0.068182 0.077020
8 0.569247 0.457702 0.039062 0.059343
8 0.287997 0.341540 0.039062 0.059343
4 0.581321 0.120581 0.039062 0.059343
6 0.210582 0.926136 0.039062 0.059343
0 0.911932 0.260732 0.068182 0.077020
3 0.829190 0.895833 0.039062 0.059343
5 0.074929 0.131944 0.039062 0.059343
6 0.667969 0.692551 0.039062 0.059343
2 0.334162 0.660985 0.029119 0.051768
6 0.671520 0.073864 0.039062 0.059343
6 0.223366 0.758207 0.039062 0.059343
3 0.720526 0.458965 0.039062 0.059343
6 0.334872 0.147096 0.039062 0.059343
0 0.837358 0.153409 0.068182 0.077020
2 0.577770 0.298611 0.029119 0.051768
4 0.677912 0.839015 0.039062 0.059343
0 0.208097 0.532197 0.068182 0.077020
3 0.903054 0.461490 0.039062 0.059343
6 0.930753 0.727904 0.039062 0.059343
6 0.067116 0.251894 0.039062 0.059343
1 0.561790 0.644571 0.068182 0.077020
5 0.851207 0.442551 0.039062 0.059343
0 0.939631 0.940025 0.068182 0.077020
8 0.824219 0.648359 0.039062 0.059343
1 0.458807 0.325126 0.068182 0.077020
1 0.080966 0.869318 0.068182 0.077020
8 0.416548 0.912247 0.039062 0.059343
4 0.772372 0.255682 0.039062 0.059343
2 0.414418 0.493056 0.029119 0.051768
5 0.288707 0.539773 0.039062 0.059343
0 0.453835 0.059975 0.068182 0.077020
