3 0.578480 0.448864 0.039062 0.059343
6 0.670099 0.879419 0.039062 0.059343
3 0.728338 0.458965 0.039062 0.059343
3 0.579190 0.090278 0.039062 0.059343
4 0.916548 0.527146 0.039062 0.059343
7 0.420099 0.655934 0.039062 0.059343
2 0.720526 0.260732 0.029119 0.051768
0 0.444602 0.852904 0.068182 0.077020
7 0.034446 0.121843 0.039062 0.059343
5 0.307884 0.461490 0.039062 0.059343
3 0.587003 0.243056 0.039062 0.059343
0 0.790483 0.350379 0.068182 0.077020
4 0.312145 0.893308 0.039062 0.059343
3 0.718395 0.750631 0.039062 0.059343
8 0.650213 0.097854 0.039062 0.059343
5 0.216264 0.640783 0.039062 0.059343
3 0.307173 0.356692 0.039062 0.059343
1 0.438210 0.508207 0.068182 0.077020
1 0.063920 0.525884 0.068182 0.077020
1 0.307528 0.106692 0.068182 0.077020
3 0.533736 0.837753 0.039062 0.059343
