2 0.059304 0.893308 0.029119 0.051768
7 0.353338 0.067551 0.039062 0.059343
2 0.684304 0.466540 0.029119 0.051768
4 0.925781 0.136995 0.039062 0.059343
7 0.655185 0.677399 0.039062 0.059343
1 0.299716 0.895833 0.068182 0.077020
1 0.813920 0.336490 0.068182 0.077020
6 0.403764 0.751894 0.039062 0.059343
6 0.023082 0.349116 0.039062 0.059343
6 0.591264 0.640783 0.039062 0.059343
2 0.234730 0.118056 0.029119 0.051768
4 0.182173 0.727904 0.039062 0.059343
5 0.471236 0.086490 0.039062 0.059343
5 0.667259 0.932449 0.039062 0.059343
2 0.479048 0.941288 0.029119 0.051768
2 0.932173 0.770833 0.029119 0.051768
1 0.701705 0.129419 0.068182 0.077020
2 0.285156 0.285985 0.029119 0.051768
1 0.195312 0.528409 0.068182 0.077020
3 0.572798 0.071338 0.039062 0.059343
3 0.434304 0.359217 0.039062 0.059343
0 0.064631 0.136995 0.068182 0.077020
3 0.797230 0.116793 0.039062 0.059343
5 0.180043 0.880682 0.039062 0.059343
7 0.817827 0.909722 0.039062 0.059343
6 0.662997 0.259470 0.039062 0.059343
