7 0.844105 0.667298 0.039062 0.059343
1 0.330256 0.909722 0.068182 0.077020
0 0.715909 0.456439 0.068182 0.077020
0 0.953835 0.082702 0.068182 0.077020
5 0.596946 0.285985 0.039062 0.059343
7 0.458452 0.313763 0.039062 0.059343
2 0.976207 0.749369 0.029119 0.051768
0 0.050426 0.682449 0.068182 0.077020
1 0.543324 0.907197 0.068182 0.077020
0 0.459517 0.756944 0.068182 0.077020
2 0.955611 0.825126 0.029119 0.051768
3 0.280185 0.436237 0.039062 0.059343
5 0.062855 0.035985 0.039062 0.059343
4 0.148082 0.947601 0.039062 0.059343
7 0.703480 0.677399 0.039062 0.059343
1 0.210227 0.671086 0.068182 0.077020
7 0.971946 0.236742 0.039062 0.059343
2 0.731179 0.355429 0.029119 0.051768
0 0.440341 0.855429 0.068182 0.077020
5 0.979759 0.467803 0.039062 0.059343
7 0.471236 0.038510 0.039062 0.059343
2 0.052202 0.470328 0.029119 0.051768
8 0.803622 0.049874 0.039062 0.059343
0 0.049006 0.352904 0.068182 0.077020
