2 0.530185 0.880682 0.029119 0.051768
7 0.305043 0.475379 0.039062 0.059343
0 0.789062 0.736742 0.068182 0.077020
6 0.167969 0.102904 0.039062 0.059343
1 0.323864 0.732955 0.068182 0.077020
8 0.203480 0.495581 0.039062 0.059343
6 0.311435 0.130682 0.039062 0.059343
0 0.451705 0.123106 0.068182 0.077020
4 0.837003 0.086490 0.039062 0.059343
8 0.587713 0.530934 0.039062 0.059343
7 0.562855 0.115530 0.039062 0.059343
6 0.949929 0.434975 0.039062 0.059343
1 0.034091 0.446338 0.068182 0.077020
7 0.930753 0.292298 0.039062 0.059343
6 0.468395 0.836490 0.039062 0.059343
0 0.326705 0.847854 0.068182 0.077020
8 0.336293 0.317551 0.039062 0.059343
2 0.018111 0.083965 0.029119 0.051768
8 0.533736 0.268308 0.039062 0.059343
4 0.065696 0.331439 0.039062 0.059343
8 0.917259 0.744318 0.039062 0.059343
4 0.464844 0.340278 0.039062 0.059343
8 0.415128 0.532197 0.039062 0.059343
2 0.669389 0.063763 0.029119 0.051768
8 0.966264 0.147096 0.039062 0.059343
8 0.707031 0.330177 0.039062 0.059343
7 0.723366 0.743056 0.039062 0.059343
1 0.803977 0.553662 0.068182 0.077020
4 0.797230 0.342803 0.039062 0.059343
5 0.854048 0.893308 0.039062 0.059343
6 0.154474 0.703914 0.039062 0.059343
5 0.432884 0.657197 0.039062 0.059343
5 0.222656 0.365530 0.039062 0.059343
