4 0.578480 0.253157 0.039062 0.059343
1 0.329545 0.125631 0.068182 0.077020
0 0.569602 0.681187 0.068182 0.077020
3 0.408026 0.489268 0.039062 0.059343
6 0.908026 0.921086 0.039062 0.059343
1 0.416903 0.753157 0.068182 0.077020
7 0.962713 0.489268 0.039062 0.059343
8 0.648793 0.756944 0.039062 0.059343
4 0.165838 0.854167 0.039062 0.059343
7 0.954190 0.755682 0.039062 0.059343
7 0.599077 0.953914 0.039062 0.059343
6 0.197798 0.345328 0.039062 0.059343
2 0.172940 0.049874 0.029119 0.051768
1 0.090909 0.322601 0.068182 0.077020
6 0.436435 0.350379 0.039062 0.059343
7 0.413707 0.087753 0.039062 0.059343
0 0.177557 0.457702 0.068182 0.077020
8 0.812855 0.243056 0.039062 0.059343
6 0.710582 0.510732 0.039062 0.059343
8 0.307173 0.736742 0.039062 0.059343
4 0.339844 0.333965 0.039062 0.059343
2 0.295810 0.464015 0.029119 0.051768
5 0.902344 0.344066 0.039062 0.059343
6 0.559304 0.553662 0.039062 0.059343
1 0.824574 0.884470 0.068182 0.077020
2 0.446378 0.837753 0.029119 0.051768
2 0.836293 0.438763 0.029119 0.051768
8 0.310724 0.946338 0.039062 0.059343
3 0.842685 0.693813 0.039062 0.059343
2 0.539418 0.073864 0.029119 0.051768
7 0.672940 0.288510 0.039062 0.059343
2 0.048651 0.854167 0.029119 0.051768
3 0.093395 0.124369 0.039062 0.059343
7 0.065696 0.630682 0.039062 0.059343
2 0.707741 0.831439 0.029119 0.051768
