4 0.956321 0.277146 0.039062 0.059343
6 0.810014 0.761995 0.039062 0.059343
5 0.436435 0.890783 0.039062 0.059343
1 0.286932 0.065025 0.068182 0.077020
1 0.409801 0.136995 0.068182 0.077020
3 0.286577 0.303662 0.039062 0.059343
3 0.588423 0.493056 0.039062 0.059343
5 0.716264 0.897096 0.039062 0.059343
7 0.656605 0.547348 0.039062 0.059343
3 0.602628 0.366793 0.039062 0.059343
0 0.068892 0.058712 0.068182 0.077020
6 0.302202 0.754419 0.039062 0.059343
8 0.939986 0.758207 0.039062 0.059343
0 0.795455 0.475379 0.068182 0.077020
3 0.172230 0.842803 0.039062 0.059343
4 0.586293 0.849116 0.039062 0.059343
2 0.421520 0.758207 0.029119 0.051768
3 0.785866 0.916035 0.039062 0.059343
5 0.959162 0.928662 0.039062 0.059343
4 0.082741 0.441288 0.039062 0.059343
8 0.226207 0.542298 0.039062 0.059343
7 0.541548 0.107955 0.039062 0.059343
5 0.175071 0.768308 0.039062 0.059343
2 0.057173 0.956439 0.029119 0.051768
8 0.938565 0.495581 0.039062 0.059343
7 0.163707 0.241793 0.039062 0.059343
7 0.689276 0.359217 0.039062 0.059343
3 0.418679 0.270833 0.039062 0.059343
5 0.645952 0.731692 0.039062 0.059343
8 0.840554 0.328914 0.039062 0.059343
6 0.545099 0.684975 0.039062 0.059343
0 0.075284 0.691288 0.068182 0.077020
4 0.101918 0.354167 0.039062 0.059343
8 0.821378 0.166035 0.039062 0.059343
3 0.943537 0.102904 0.039062 0.059343
