4 0.787997 0.490530 0.039062 0.059343
8 0.974787 0.629419 0.039062 0.059343
5 0.297940 0.856692 0.039062 0.059343
0 0.441051 0.274621 0.068182 0.077020
5 0.201349 0.669823 0.039062 0.059343
0 0.337358 0.643308 0.068182 0.077020
7 0.341264 0.515783 0.039062 0.059343
0 0.793324 0.759470 0.068182 0.077020
4 0.177912 0.865530 0.039062 0.059343
7 0.564986 0.517045 0.039062 0.059343
6 0.810724 0.052399 0.039062 0.059343
3 0.821378 0.967803 0.039062 0.059343
2 0.549361 0.965278 0.029119 0.051768
0 0.958097 0.155934 0.068182 0.077020
5 0.050071 0.359217 0.039062 0.059343
4 0.104759 0.554924 0.039062 0.059343
5 0.654474 0.894571 0.039062 0.059343
7 0.672230 0.085227 0.039062 0.059343
7 0.100497 0.056187 0.039062 0.059343
8 0.525923 0.113005 0.039062 0.059343
6 0.603338 0.332702 0.039062 0.059343
0 0.161222 0.458965 0.068182 0.077020
