2 0.072798 0.864268 0.029119 0.051768
1 0.924006 0.282197 0.068182 0.077020
4 0.465554 0.429924 0.039062 0.059343
5 0.966264 0.837753 0.039062 0.059343
0 0.794744 0.671086 0.068182 0.077020
4 0.274503 0.505682 0.039062 0.059343
4 0.801491 0.431187 0.039062 0.059343
7 0.551491 0.554924 0.039062 0.059343
4 0.343395 0.327652 0.039062 0.059343
7 0.795810 0.364268 0.039062 0.059343
5 0.553622 0.243056 0.039062 0.059343
7 0.220526 0.950126 0.039062 0.059343
5 0.044389 0.232955 0.039062 0.059343
4 0.574219 0.033460 0.039062 0.059343
0 0.464489 0.698864 0.068182 0.077020
8 0.672940 0.865530 0.039062 0.059343
2 0.670810 0.289773 0.029119 0.051768
8 0.036577 0.566288 0.039062 0.059343
0 0.421165 0.123106 0.068182 0.077020
6 0.922230 0.727904 0.039062 0.059343
6 0.684304 0.691288 0.039062 0.059343
8 0.036577 0.730429 0.039062 0.059343
5 0.846236 0.852904 0.039062 0.059343
