2 0.359020 0.033460 0.029119 0.051768
3 0.702060 0.634470 0.039062 0.059343
5 0.552912 0.447601 0.039062 0.059343
4 0.854048 0.057449 0.039062 0.059343
8 0.230469 0.458965 0.039062 0.059343
5 0.591974 0.863005 0.039062 0.059343
5 0.281605 0.703914 0.039062 0.059343
3 0.176491 0.313763 0.039062 0.059343
8 0.939986 0.649621 0.039062 0.059343
3 0.785156 0.885732 0.039062 0.059343
0 0.185369 0.157197 0.068182 0.077020
0 0.833097 0.241793 0.068182 0.077020
4 0.395952 0.243056 0.039062 0.059343
6 0.973366 0.330177 0.039062 0.059343
8 0.537997 0.340278 0.039062 0.059343
1 0.316051 0.837753 0.068182 0.077020
2 0.439986 0.936237 0.029119 0.051768
2 0.719105 0.364268 0.029119 0.051768
1 0.090199 0.438763 0.068182 0.077020
8 0.342685 0.269571 0.039062 0.059343
2 0.182884 0.643308 0.029119 0.051768
3 0.477628 0.650884 0.039062 0.059343
2 0.953480 0.057449 0.029119 0.051768
1 0.213068 0.950126 0.068182 0.077020
3 0.662287 0.966540 0.039062 0.059343
7 0.694247 0.145833 0.039062 0.059343
0 0.563210 0.660985 0.068182 0.077020
0 0.950284 0.910985 0.068182 0.077020
4 0.442116 0.452652 0.039062 0.059343
4 0.090554 0.168561 0.039062 0.059343
4 0.542969 0.099116 0.039062 0.059343
5 0.707031 0.460227 0.039062 0.059343
7 0.063565 0.937500 0.039062 0.059343
4 0.814986 0.476641 0.039062 0.059343
5 0.287287 0.469066 0.039062 0.059343
2 0.830611 0.763258 0.029119 0.051768
1 0.926847 0.477904 0.068182 0.077020
2 0.105469 0.250631 0.029119 0.051768
6 0.053622 0.717803 0.039062 0.059343
