8 0.586293 0.142045 0.039062 0.059343
5 0.226207 0.456439 0.039062 0.059343
2 0.197798 0.104167 0.029119 0.051768
3 0.523793 0.851641 0.039062 0.059343
3 0.150213 0.299874 0.039062 0.059343
7 0.795099 0.511995 0.039062 0.059343
7 0.170099 0.955177 0.039062 0.059343
3 0.712003 0.250631 0.039062 0.059343
2 0.514560 0.328914 0.029119 0.051768
0 0.924006 0.837753 0.068182 0.077020
2 0.792259 0.096591 0.029119 0.051768
7 0.061435 0.288510 0.039062 0.059343
8 0.329190 0.277146 0.039062 0.059343
3 0.846236 0.708965 0.039062 0.059343
6 0.301491 0.166035 0.039062 0.059343
2 0.018821 0.123106 0.029119 0.051768
3 0.030185 0.902146 0.039062 0.059343
5 0.684304 0.919823 0.039062 0.059343
6 0.437145 0.890783 0.039062 0.059343
8 0.415838 0.441288 0.039062 0.059343
5 0.409446 0.068813 0.039062 0.059343
1 0.204545 0.679924 0.068182 0.077020
4 0.448509 0.318813 0.039062 0.059343
3 0.908026 0.308712 0.039062 0.059343
5 0.355469 0.871843 0.039062 0.059343
7 0.275923 0.667298 0.039062 0.059343
7 0.543679 0.511995 0.039062 0.059343
5 0.945668 0.494318 0.039062 0.059343
8 0.469815 0.727904 0.039062 0.059343
8 0.728338 0.480429 0.039062 0.059343
