7 0.352628 0.711490 0.039062 0.059343
2 0.968395 0.458965 0.029119 0.051768
7 0.668679 0.436237 0.039062 0.059343
5 0.269531 0.947601 0.039062 0.059343
5 0.033736 0.933712 0.039062 0.059343
6 0.060014 0.277146 0.039062 0.059343
4 0.953480 0.676136 0.039062 0.059343
8 0.306463 0.298611 0.039062 0.059343
6 0.548651 0.114268 0.039062 0.059343
5 0.430753 0.836490 0.039062 0.059343
7 0.971946 0.169823 0.039062 0.059343
3 0.146662 0.650884 0.039062 0.059343
8 0.148793 0.956439 0.039062 0.059343
0 0.930398 0.354167 0.068182 0.077020
1 0.833807 0.640783 0.068182 0.077020
1 0.811790 0.152146 0.068182 0.077020
5 0.845526 0.482955 0.039062 0.059343
3 0.689276 0.062500 0.039062 0.059343
0 0.087358 0.133207 0.068182 0.077020
5 0.417969 0.039773 0.039062 0.059343
4 0.677202 0.746843 0.039062 0.059343
6 0.162287 0.249369 0.039062 0.059343
1 0.542614 0.357955 0.068182 0.077020
7 0.673651 0.967803 0.039062 0.059343
