4 0.458452 0.328914 0.039062 0.059343
1 0.203125 0.847854 0.068182 0.077020
2 0.586293 0.523359 0.029119 0.051768
2 0.072798 0.765783 0.029119 0.051768
0 0.436790 0.856692 0.068182 0.077020
8 0.540128 0.308712 0.039062 0.059343
8 0.915838 0.043561 0.039062 0.059343
4 0.335582 0.643308 0.039062 0.059343
6 0.192827 0.273359 0.039062 0.059343
0 0.090199 0.557449 0.068182 0.077020
5 0.346236 0.538510 0.039062 0.059343
4 0.345526 0.153409 0.039062 0.059343
2 0.697088 0.765783 0.029119 0.051768
1 0.799006 0.845328 0.068182 0.077020
8 0.900213 0.681187 0.039062 0.059343
2 0.695668 0.563763 0.029119 0.051768
7 0.973366 0.539773 0.039062 0.059343
6 0.545810 0.714015 0.039062 0.059343
6 0.725497 0.309975 0.039062 0.059343
1 0.416903 0.470328 0.068182 0.077020
4 0.851207 0.347854 0.039062 0.059343
4 0.402344 0.741793 0.039062 0.059343
2 0.400213 0.135732 0.029119 0.051768
7 0.680753 0.929924 0.039062 0.059343
0 0.820312 0.448864 0.068182 0.077020
3 0.920810 0.899621 0.039062 0.059343
5 0.226207 0.678662 0.039062 0.059343
3 0.091974 0.336490 0.039062 0.059343
1 0.323153 0.301136 0.068182 0.077020
7 0.145241 0.126894 0.039062 0.059343
3 0.207741 0.538510 0.039062 0.059343
6 0.562145 0.846591 0.039062 0.059343
6 0.900213 0.273359 0.039062 0.059343
