7 0.921520 0.081439 0.039062 0.059343
4 0.408026 0.673611 0.039062 0.059343
2 0.770952 0.306187 0.029119 0.051768
3 0.226918 0.548611 0.039062 0.059343
7 0.974077 0.844066 0.039062 0.059343
1 0.186080 0.291035 0.068182 0.077020
2 0.337713 0.461490 0.029119 0.051768
8 0.229759 0.037247 0.039062 0.059343
2 0.604759 0.660985 0.029119 0.051768
4 0.075639 0.259470 0.039062 0.059343
4 0.435014 0.442551 0.039062 0.059343
4 0.820668 0.692551 0.039062 0.059343
0 0.079545 0.445076 0.068182 0.077020
1 0.566051 0.942551 0.068182 0.077020
2 0.517401 0.345328 0.029119 0.051768
2 0.022372 0.692551 0.029119 0.051768
8 0.312855 0.899621 0.039062 0.059343
3 0.447798 0.350379 0.039062 0.059343
2 0.391690 0.109217 0.029119 0.051768
2 0.834872 0.557449 0.029119 0.051768
8 0.809304 0.933712 0.039062 0.059343
4 0.726918 0.157197 0.039062 0.059343
1 0.427557 0.851641 0.068182 0.077020
5 0.920810 0.668561 0.039062 0.059343
7 0.349077 0.337753 0.039062 0.059343
7 0.646662 0.634470 0.039062 0.059343
6 0.564986 0.489268 0.039062 0.059343
0 0.802557 0.097854 0.068182 0.077020
6 0.547230 0.134470 0.039062 0.059343
8 0.301491 0.164773 0.039062 0.059343
8 0.965554 0.504419 0.039062 0.059343
4 0.168679 0.898359 0.039062 0.059343
3 0.900923 0.235480 0.039062 0.059343
8 0.104048 0.119318 0.039062 0.059343
6 0.694957 0.831439 0.039062 0.059343
