4 0.476918 0.533460 0.039062 0.059343
6 0.441406 0.753157 0.039062 0.059343
0 0.920455 0.547348 0.068182 0.077020
6 0.532315 0.066288 0.039062 0.059343
3 0.840554 0.110480 0.039062 0.059343
5 0.150213 0.738005 0.039062 0.059343
1 0.676136 0.688763 0.068182 0.077020
5 0.030185 0.864268 0.039062 0.059343
7 0.773793 0.965278 0.039062 0.059343
7 0.571378 0.912247 0.039062 0.059343
1 0.316761 0.477904 0.068182 0.077020
6 0.200639 0.304924 0.039062 0.059343
6 0.449219 0.261995 0.039062 0.059343
7 0.396662 0.921086 0.039062 0.059343
0 0.286932 0.946338 0.068182 0.077020
1 0.075284 0.101641 0.068182 0.077020
6 0.398793 0.095328 0.039062 0.059343
1 0.177557 0.458965 0.068182 0.077020
2 0.795099 0.655934 0.029119 0.051768
3 0.566406 0.470328 0.039062 0.059343
7 0.679332 0.138258 0.039062 0.059343
5 0.205611 0.879419 0.039062 0.059343
7 0.942827 0.083965 0.039062 0.059343
