2 0.957031 0.091540 0.029119 0.051768
7 0.909446 0.280934 0.039062 0.059343
1 0.811080 0.119318 0.068182 0.077020
3 0.334872 0.760732 0.039062 0.059343
4 0.954190 0.919823 0.039062 0.059343
7 0.062855 0.866793 0.039062 0.059343
7 0.023793 0.091540 0.039062 0.059343
8 0.425781 0.231692 0.039062 0.059343
1 0.962358 0.485480 0.068182 0.077020
8 0.316406 0.325126 0.039062 0.059343
3 0.034446 0.751894 0.039062 0.059343
5 0.770952 0.945076 0.039062 0.059343
3 0.213423 0.943813 0.039062 0.059343
4 0.189276 0.261995 0.039062 0.059343
7 0.670810 0.054924 0.039062 0.059343
6 0.051491 0.455177 0.039062 0.059343
1 0.205256 0.542298 0.068182 0.077020
1 0.443892 0.869318 0.068182 0.077020
8 0.783026 0.511995 0.039062 0.059343
4 0.403764 0.655934 0.039062 0.059343
2 0.411577 0.527146 0.029119 0.051768
8 0.520952 0.682449 0.039062 0.059343
6 0.156605 0.167298 0.039062 0.059343
1 0.330256 0.089015 0.068182 0.077020
8 0.339844 0.436237 0.039062 0.059343
4 0.661577 0.317551 0.039062 0.059343
1 0.826705 0.636995 0.068182 0.077020
5 0.335582 0.947601 0.039062 0.059343
4 0.400213 0.139520 0.039062 0.059343
6 0.949929 0.690025 0.039062 0.059343
