0 0.934659 0.142045 0.068182 0.077020
4 0.419389 0.847854 0.039062 0.059343
5 0.667969 0.119318 0.039062 0.059343
4 0.074219 0.327652 0.039062 0.059343
6 0.520952 0.363005 0.039062 0.059343
1 0.916903 0.702652 0.068182 0.077020
0 0.453125 0.707702 0.068182 0.077020
0 0.953835 0.450126 0.068182 0.077020
7 0.577060 0.091540 0.039062 0.059343
7 0.310724 0.857955 0.039062 0.059343
5 0.849787 0.472854 0.039062 0.059343
8 0.403764 0.279672 0.039062 0.059343
6 0.676491 0.357955 0.039062 0.059343
1 0.331676 0.476641 0.068182 0.077020
5 0.278764 0.049874 0.039062 0.059343
0 0.840199 0.903409 0.068182 0.077020
3 0.541548 0.474116 0.039062 0.059343
0 0.833097 0.673611 0.068182 0.077020
5 0.668679 0.909722 0.039062 0.059343
7 0.400923 0.082702 0.039062 0.059343
5 0.190696 0.142045 0.039062 0.059343
8 0.970526 0.965278 0.039062 0.059343
3 0.816406 0.049874 0.039062 0.059343
6 0.288707 0.323864 0.039062 0.059343
3 0.699929 0.684975 0.039062 0.059343
8 0.303622 0.674874 0.039062 0.059343
1 0.573153 0.662247 0.068182 0.077020
