2 0.566406 0.970328 0.029119 0.051768
7 0.685014 0.321338 0.039062 0.059343
7 0.040128 0.460227 0.039062 0.059343
2 0.522372 0.648359 0.029119 0.051768
8 0.545810 0.557449 0.039062 0.059343
8 0.713423 0.967803 0.039062 0.059343
1 0.302557 0.327652 0.068182 0.077020
1 0.061790 0.121843 0.068182 0.077020
3 0.894531 0.544823 0.039062 0.059343
3 0.704901 0.096591 0.039062 0.059343
3 0.343395 0.561237 0.039062 0.059343
5 0.454901 0.169823 0.039062 0.059343
5 0.849787 0.881944 0.039062 0.059343
7 0.225497 0.674874 0.039062 0.059343
8 0.796520 0.049874 0.039062 0.059343
0 0.811790 0.446338 0.068182 0.077020
3 0.829190 0.330177 0.039062 0.059343
2 0.400923 0.876894 0.029119 0.051768
7 0.899503 0.244318 0.039062 0.059343
4 0.601918 0.272096 0.039062 0.059343
0 0.170455 0.530934 0.068182 0.077020
1 0.695312 0.681187 0.068182 0.077020
3 0.662997 0.436237 0.039062 0.059343
3 0.088423 0.756944 0.039062 0.059343
5 0.925071 0.684975 0.039062 0.059343
4 0.435014 0.340278 0.039062 0.059343
4 0.036577 0.365530 0.039062 0.059343
5 0.204901 0.855429 0.039062 0.059343
