8 0.042259 0.701389 0.039062 0.059343
0 0.300426 0.289773 0.068182 0.077020
0 0.803267 0.722854 0.068182 0.077020
8 0.023082 0.544823 0.039062 0.059343
7 0.468395 0.754419 0.039062 0.059343
5 0.576349 0.898359 0.039062 0.059343
2 0.213423 0.900884 0.029119 0.051768
5 0.725497 0.441288 0.039062 0.059343
6 0.298651 0.489268 0.039062 0.059343
0 0.926847 0.546086 0.068182 0.077020
1 0.703835 0.150884 0.068182 0.077020
5 0.908736 0.682449 0.039062 0.059343
8 0.954901 0.905934 0.039062 0.059343
5 0.841264 0.330177 0.039062 0.059343
3 0.302912 0.090278 0.039062 0.059343
1 0.580256 0.126894 0.068182 0.077020
1 0.925426 0.323864 0.068182 0.077020
2 0.478338 0.243056 0.029119 0.051768
3 0.183594 0.083965 0.039062 0.059343
2 0.452060 0.139520 0.029119 0.051768
4 0.594815 0.553662 0.039062 0.059343
6 0.721946 0.756944 0.039062 0.059343
8 0.670810 0.888258 0.039062 0.059343
7 0.815696 0.461490 0.039062 0.059343
7 0.854759 0.836490 0.039062 0.059343
3 0.564276 0.701389 0.039062 0.059343
1 0.920455 0.095328 0.068182 0.077020
6 0.683594 0.318813 0.039062 0.059343
5 0.159446 0.235480 0.039062 0.059343
1 0.068892 0.931187 0.068182 0.077020
2 0.472656 0.933712 0.029119 0.051768
