3 0.043679 0.282197 0.039062 0.059343
5 0.715554 0.114268 0.039062 0.059343
1 0.696023 0.945076 0.068182 0.077020
6 0.895241 0.832702 0.039062 0.059343
3 0.783026 0.255682 0.039062 0.059343
4 0.339134 0.695076 0.039062 0.059343
7 0.539418 0.711490 0.039062 0.059343
7 0.337003 0.038510 0.039062 0.059343
8 0.596946 0.307449 0.039062 0.059343
5 0.441406 0.061237 0.039062 0.059343
2 0.560724 0.461490 0.029119 0.051768
4 0.064276 0.688763 0.039062 0.059343
6 0.202770 0.087753 0.039062 0.059343
6 0.447088 0.738005 0.039062 0.059343
7 0.539418 0.905934 0.039062 0.059343
8 0.584872 0.089015 0.039062 0.059343
1 0.090909 0.154672 0.068182 0.077020
6 0.157315 0.690025 0.039062 0.059343
4 0.702060 0.428662 0.039062 0.059343
3 0.910866 0.655934 0.039062 0.059343
3 0.920099 0.327652 0.039062 0.059343
6 0.729759 0.317551 0.039062 0.059343
4 0.278054 0.535985 0.039062 0.059343
