8 0.353338 0.432449 0.039062 0.059343
3 0.599787 0.527146 0.039062 0.059343
4 0.665838 0.715278 0.039062 0.059343
1 0.186790 0.355429 0.068182 0.077020
5 0.807884 0.308712 0.039062 0.059343
0 0.059659 0.671086 0.068182 0.077020
1 0.435369 0.874369 0.068182 0.077020
0 0.568182 0.868056 0.068182 0.077020
2 0.340554 0.351641 0.029119 0.051768
8 0.907315 0.951389 0.039062 0.059343
3 0.650923 0.852904 0.039062 0.059343
1 0.830256 0.441288 0.068182 0.077020
8 0.476207 0.559975 0.039062 0.059343
0 0.319602 0.677399 0.068182 0.077020
3 0.455611 0.058712 0.039062 0.059343
0 0.666193 0.269571 0.068182 0.077020
7 0.087713 0.253157 0.039062 0.059343
3 0.182884 0.475379 0.039062 0.059343
3 0.032315 0.477904 0.039062 0.059343
2 0.213423 0.725379 0.029119 0.051768
4 0.022372 0.071338 0.039062 0.059343
3 0.169389 0.850379 0.039062 0.059343
0 0.166193 0.144571 0.068182 0.077020
6 0.050071 0.919823 0.039062 0.059343
8 0.664418 0.097854 0.039062 0.059343
0 0.539773 0.745581 0.068182 0.077020
5 0.274503 0.056187 0.039062 0.059343
0 0.684659 0.557449 0.068182 0.077020
3 0.949219 0.738005 0.039062 0.059343
6 0.550071 0.246843 0.039062 0.059343
7 0.943537 0.311237 0.039062 0.059343
