4 0.789418 0.850379 0.039062 0.059343
8 0.290128 0.126894 0.039062 0.059343
5 0.461293 0.452652 0.039062 0.059343
7 0.662997 0.719066 0.039062 0.059343
8 0.213423 0.235480 0.039062 0.059343
1 0.689631 0.943813 0.068182 0.077020
0 0.957386 0.859217 0.068182 0.077020
5 0.209872 0.851641 0.039062 0.059343
3 0.573509 0.643308 0.039062 0.059343
0 0.571733 0.106692 0.068182 0.077020
7 0.650923 0.294823 0.039062 0.059343
4 0.443537 0.285985 0.039062 0.059343
4 0.224077 0.065025 0.039062 0.059343
2 0.776634 0.166035 0.029119 0.051768
1 0.953125 0.650884 0.068182 0.077020
8 0.696378 0.075126 0.039062 0.059343
6 0.181463 0.697601 0.039062 0.059343
3 0.090554 0.155934 0.039062 0.059343
0 0.831676 0.495581 0.068182 0.077020
5 0.310014 0.734217 0.039062 0.059343
6 0.916548 0.356692 0.039062 0.059343
0 0.316051 0.441288 0.068182 0.077020
3 0.072798 0.552399 0.039062 0.059343
0 0.338068 0.264520 0.068182 0.077020
8 0.397372 0.895833 0.039062 0.059343
