4 0.435014 0.938763 0.039062 0.059343
3 0.581321 0.734217 0.039062 0.059343
1 0.090909 0.878157 0.068182 0.077020
5 0.212003 0.322601 0.039062 0.059343
7 0.665128 0.323864 0.039062 0.059343
7 0.827060 0.168561 0.039062 0.059343
2 0.479048 0.428662 0.029119 0.051768
8 0.971236 0.236742 0.039062 0.059343
7 0.909446 0.437500 0.039062 0.059343
4 0.032315 0.544823 0.039062 0.059343
4 0.775213 0.299874 0.039062 0.059343
7 0.673651 0.469066 0.039062 0.059343
3 0.074219 0.274621 0.039062 0.059343
0 0.799006 0.905934 0.068182 0.077020
6 0.709872 0.924874 0.039062 0.059343
1 0.950284 0.759470 0.068182 0.077020
2 0.449929 0.702652 0.029119 0.051768
1 0.938210 0.951389 0.068182 0.077020
5 0.101207 0.121843 0.039062 0.059343
5 0.220526 0.488005 0.039062 0.059343
0 0.325994 0.496843 0.068182 0.077020
0 0.803267 0.546086 0.068182 0.077020
3 0.778054 0.729167 0.039062 0.059343
3 0.671520 0.681187 0.039062 0.059343
0 0.549716 0.356692 0.068182 0.077020
3 0.437855 0.231692 0.039062 0.059343
8 0.174361 0.878157 0.039062 0.059343
4 0.312145 0.934975 0.039062 0.059343
6 0.564276 0.490530 0.039062 0.059343
5 0.159446 0.035985 0.039062 0.059343
2 0.574219 0.900884 0.029119 0.051768
8 0.976918 0.052399 0.039062 0.059343
4 0.665128 0.051136 0.039062 0.059343
