5 0.156605 0.159722 0.039062 0.059343
4 0.466974 0.303662 0.039062 0.059343
8 0.197798 0.530934 0.039062 0.059343
0 0.659091 0.460227 0.068182 0.077020
0 0.541903 0.520833 0.068182 0.077020
5 0.703480 0.957702 0.039062 0.059343
7 0.706321 0.273359 0.039062 0.059343
2 0.147372 0.850379 0.029119 0.051768
4 0.842685 0.903409 0.039062 0.059343
2 0.690696 0.119318 0.029119 0.051768
0 0.443892 0.551136 0.068182 0.077020
0 0.571733 0.083965 0.068182 0.077020
7 0.344105 0.073864 0.039062 0.059343
4 0.023082 0.941288 0.039062 0.059343
5 0.324929 0.767045 0.039062 0.059343
0 0.041193 0.753157 0.068182 0.077020
6 0.795099 0.258207 0.039062 0.059343
1 0.446733 0.958965 0.068182 0.077020
5 0.408026 0.759470 0.039062 0.059343
7 0.216974 0.368056 0.039062 0.059343
8 0.594815 0.241793 0.039062 0.059343
1 0.053267 0.245581 0.068182 0.077020
3 0.935724 0.273359 0.039062 0.059343
0 0.833807 0.532197 0.068182 0.077020
7 0.349077 0.267045 0.039062 0.059343
5 0.977628 0.886995 0.039062 0.059343
2 0.843395 0.659722 0.029119 0.051768
4 0.975497 0.433712 0.039062 0.059343
6 0.956321 0.076389 0.039062 0.059343
4 0.332031 0.434975 0.039062 0.059343
1 0.214489 0.758207 0.068182 0.077020
1 0.940341 0.736742 0.068182 0.077020
6 0.537287 0.753157 0.039062 0.059343
7 0.088423 0.139520 0.039062 0.059343
3 0.811435 0.057449 0.039062 0.059343
5 0.587003 0.889520 0.039062 0.059343
5 0.303622 0.860480 0.039062 0.059343
