4 0.284446 0.520833 0.039062 0.059343
8 0.948509 0.344066 0.039062 0.059343
1 0.306108 0.922348 0.068182 0.077020
5 0.787997 0.345328 0.039062 0.059343
7 0.644531 0.528409 0.039062 0.059343
6 0.573509 0.893308 0.039062 0.059343
1 0.195312 0.447601 0.068182 0.077020
2 0.827770 0.962753 0.029119 0.051768
6 0.669389 0.864268 0.039062 0.059343
1 0.567472 0.157197 0.068182 0.077020
4 0.726918 0.335227 0.039062 0.059343
0 0.931108 0.139520 0.068182 0.077020
6 0.153054 0.273359 0.039062 0.059343
2 0.389560 0.471591 0.029119 0.051768
2 0.929332 0.861742 0.029119 0.051768
2 0.482599 0.304924 0.029119 0.051768
4 0.155185 0.948864 0.039062 0.059343
2 0.794389 0.635732 0.029119 0.051768
3 0.950639 0.556187 0.039062 0.059343
2 0.435724 0.851641 0.029119 0.051768
0 0.203835 0.086490 0.068182 0.077020
2 0.065696 0.044823 0.029119 0.051768
3 0.655895 0.636995 0.039062 0.059343
1 0.789062 0.072601 0.068182 0.077020
2 0.358310 0.168561 0.029119 0.051768
1 0.579545 0.325126 0.068182 0.077020
7 0.039418 0.884470 0.039062 0.059343
7 0.292969 0.717803 0.039062 0.059343
6 0.328480 0.316288 0.039062 0.059343
4 0.519531 0.440025 0.039062 0.059343
1 0.036222 0.349116 0.068182 0.077020
8 0.672940 0.142045 0.039062 0.059343
5 0.045810 0.568813 0.039062 0.059343
4 0.824929 0.456439 0.039062 0.059343
8 0.426491 0.710227 0.039062 0.059343
3 0.043679 0.760732 0.039062 0.059343
