8 0.334162 0.264520 0.039062 0.059343
0 0.679688 0.924874 0.068182 0.077020
4 0.520241 0.902146 0.039062 0.059343
3 0.830611 0.442551 0.039062 0.059343
8 0.704190 0.664773 0.039062 0.059343
1 0.292614 0.447601 0.068182 0.077020
4 0.468395 0.961490 0.039062 0.059343
0 0.446023 0.259470 0.068182 0.077020
0 0.926136 0.479167 0.068182 0.077020
5 0.146662 0.948864 0.039062 0.059343
3 0.834872 0.861742 0.039062 0.059343
5 0.203480 0.265783 0.039062 0.059343
6 0.675781 0.044823 0.039062 0.059343
4 0.587003 0.565025 0.039062 0.059343
0 0.303267 0.041035 0.068182 0.077020
2 0.816406 0.025884 0.029119 0.051768
8 0.476207 0.715278 0.039062 0.059343
1 0.946733 0.648359 0.068182 0.077020
7 0.346236 0.635732 0.039062 0.059343
8 0.772372 0.662247 0.039062 0.059343
5 0.949219 0.120581 0.039062 0.059343
3 0.460582 0.099116 0.039062 0.059343
5 0.564276 0.712753 0.039062 0.059343
6 0.211293 0.645833 0.039062 0.059343
5 0.787997 0.307449 0.039062 0.059343
6 0.175071 0.490530 0.039062 0.059343
4 0.294389 0.840278 0.039062 0.059343
4 0.067827 0.910985 0.039062 0.059343
8 0.681463 0.518308 0.039062 0.059343
3 0.708452 0.328914 0.039062 0.059343
0 0.072443 0.676136 0.068182 0.077020
1 0.560369 0.120581 0.068182 0.077020
3 0.088423 0.130682 0.039062 0.059343
0 0.062500 0.500631 0.068182 0.077020
