1 0.944602 0.668561 0.068182 0.077020
2 0.699929 0.345328 0.029119 0.051768
1 0.289062 0.355429 0.068182 0.077020
7 0.040128 0.966540 0.039062 0.059343
2 0.660156 0.172348 0.029119 0.051768
1 0.292614 0.437500 0.068182 0.077020
4 0.793679 0.731692 0.039062 0.059343
2 0.831321 0.090278 0.029119 0.051768
4 0.468395 0.883207 0.039062 0.059343
4 0.599077 0.236742 0.039062 0.059343
8 0.978338 0.052399 0.039062 0.059343
5 0.399503 0.149621 0.039062 0.059343
3 0.680043 0.876894 0.039062 0.059343
0 0.932528 0.359217 0.068182 0.077020
0 0.191761 0.061237 0.068182 0.077020
8 0.819247 0.255682 0.039062 0.059343
1 0.191761 0.240530 0.068182 0.077020
4 0.198509 0.717803 0.039062 0.059343
6 0.155185 0.445076 0.039062 0.059343
1 0.797585 0.847854 0.068182 0.077020
8 0.959162 0.933712 0.039062 0.059343
1 0.560369 0.082702 0.068182 0.077020
1 0.335938 0.111742 0.068182 0.077020
