8 0.711293 0.515783 0.039062 0.059343
8 0.820668 0.057449 0.039062 0.059343
7 0.209162 0.721591 0.039062 0.059343
4 0.287997 0.075126 0.039062 0.059343
1 0.542614 0.908460 0.068182 0.077020
7 0.685724 0.835227 0.039062 0.059343
0 0.574574 0.102904 0.068182 0.077020
2 0.830611 0.535985 0.029119 0.051768
8 0.437145 0.054924 0.039062 0.059343
6 0.047230 0.827652 0.039062 0.059343
6 0.405185 0.923611 0.039062 0.059343
1 0.680398 0.089015 0.068182 0.077020
0 0.580256 0.477904 0.068182 0.077020
2 0.033736 0.715278 0.029119 0.051768
7 0.208452 0.486742 0.039062 0.059343
5 0.810014 0.298611 0.039062 0.059343
8 0.024503 0.528409 0.039062 0.059343
0 0.957386 0.129419 0.068182 0.077020
4 0.577770 0.676136 0.039062 0.059343
7 0.192827 0.846591 0.039062 0.059343
1 0.946733 0.695076 0.068182 0.077020
7 0.959162 0.879419 0.039062 0.059343
5 0.346236 0.758207 0.039062 0.059343
7 0.097656 0.350379 0.039062 0.059343
0 0.065341 0.043561 0.068182 0.077020
5 0.183594 0.255682 0.039062 0.059343
7 0.420810 0.246843 0.039062 0.059343
2 0.924361 0.513258 0.029119 0.051768
