3 0.310014 0.115530 0.039062 0.059343
4 0.897372 0.909722 0.039062 0.059343
4 0.807173 0.092803 0.039062 0.059343
6 0.812145 0.729167 0.039062 0.059343
4 0.704190 0.929924 0.039062 0.059343
8 0.655895 0.683712 0.039062 0.059343
3 0.307884 0.261995 0.039062 0.059343
4 0.179332 0.855429 0.039062 0.059343
6 0.947088 0.460227 0.039062 0.059343
5 0.837003 0.438763 0.039062 0.059343
1 0.584517 0.335227 0.068182 0.077020
4 0.309304 0.647096 0.039062 0.059343
3 0.565696 0.520833 0.039062 0.059343
4 0.407315 0.285985 0.039062 0.059343
1 0.565341 0.059975 0.068182 0.077020
3 0.105469 0.681187 0.039062 0.059343
4 0.156605 0.433712 0.039062 0.059343
4 0.728338 0.460227 0.039062 0.059343
3 0.225497 0.030934 0.039062 0.059343
3 0.077060 0.273359 0.039062 0.059343
5 0.178622 0.304924 0.039062 0.059343
8 0.685724 0.053662 0.039062 0.059343
2 0.437145 0.042298 0.029119 0.051768
0 0.667614 0.345328 0.068182 0.077020
8 0.596946 0.903409 0.039062 0.059343
1 0.419744 0.865530 0.068182 0.077020
6 0.055043 0.144571 0.039062 0.059343
8 0.939986 0.034722 0.039062 0.059343
1 0.294744 0.888258 0.068182 0.077020
0 0.192472 0.691288 0.068182 0.077020
7 0.430043 0.697601 0.039062 0.059343
4 0.037287 0.499369 0.039062 0.059343
2 0.082031 0.846591 0.029119 0.051768
5 0.550781 0.654672 0.039062 0.059343
8 0.815696 0.840278 0.039062 0.059343
5 0.787287 0.268308 0.039062 0.059343
3 0.309304 0.451389 0.039062 0.059343
2 0.973366 0.226641 0.029119 0.051768
