7 0.824929 0.666035 0.039062 0.059343
7 0.644531 0.875631 0.039062 0.059343
4 0.775923 0.884470 0.039062 0.059343
0 0.684659 0.136995 0.068182 0.077020
4 0.720526 0.750631 0.039062 0.059343
2 0.474077 0.154672 0.029119 0.051768
3 0.588423 0.768308 0.039062 0.059343
5 0.975497 0.743056 0.039062 0.059343
4 0.953480 0.354167 0.039062 0.059343
2 0.014560 0.080177 0.029119 0.051768
0 0.211648 0.878157 0.068182 0.077020
8 0.213423 0.230429 0.039062 0.059343
8 0.060724 0.493056 0.039062 0.059343
6 0.299361 0.527146 0.039062 0.059343
7 0.583452 0.892045 0.039062 0.059343
1 0.808239 0.495581 0.068182 0.077020
5 0.593395 0.464015 0.039062 0.059343
6 0.300071 0.125631 0.039062 0.059343
2 0.422940 0.255682 0.029119 0.051768
1 0.293324 0.340278 0.068182 0.077020
1 0.187500 0.081439 0.068182 0.077020
2 0.446378 0.960227 0.029119 0.051768
3 0.847656 0.118056 0.039062 0.059343
4 0.954190 0.453914 0.039062 0.059343
