3 0.025213 0.544823 0.039062 0.059343
5 0.431463 0.071338 0.039062 0.059343
1 0.072443 0.087753 0.068182 0.077020
3 0.301491 0.724116 0.039062 0.059343
1 0.201705 0.951389 0.068182 0.077020
1 0.676136 0.140783 0.068182 0.077020
2 0.587003 0.429924 0.029119 0.051768
3 0.839844 0.956439 0.039062 0.059343
2 0.067116 0.878157 0.029119 0.051768
3 0.305043 0.038510 0.039062 0.059343
5 0.199219 0.726641 0.039062 0.059343
3 0.680753 0.456439 0.039062 0.059343
6 0.163707 0.313763 0.039062 0.059343
7 0.837003 0.168561 0.039062 0.059343
6 0.567116 0.072601 0.039062 0.059343
3 0.094105 0.253157 0.039062 0.059343
2 0.217685 0.114268 0.029119 0.051768
6 0.655895 0.832702 0.039062 0.059343
2 0.905185 0.317551 0.029119 0.051768
7 0.433594 0.527146 0.039062 0.059343
3 0.605469 0.253157 0.039062 0.059343
8 0.645952 0.250631 0.039062 0.059343
