5 0.211293 0.755682 0.039062 0.059343
3 0.330611 0.846591 0.039062 0.059343
1 0.958807 0.721591 0.068182 0.077020
8 0.023082 0.884470 0.039062 0.059343
0 0.208097 0.143308 0.068182 0.077020
1 0.661222 0.636995 0.068182 0.077020
3 0.770241 0.719066 0.039062 0.059343
7 0.584872 0.664773 0.039062 0.059343
8 0.053622 0.563763 0.039062 0.059343
7 0.807173 0.154672 0.039062 0.059343
2 0.663707 0.370581 0.029119 0.051768
1 0.563210 0.895833 0.068182 0.077020
0 0.306818 0.464015 0.068182 0.077020
5 0.845526 0.232955 0.039062 0.059343
5 0.557173 0.095328 0.039062 0.059343
1 0.199574 0.354167 0.068182 0.077020
0 0.207386 0.543561 0.068182 0.077020
6 0.645241 0.522096 0.039062 0.059343
3 0.935014 0.919823 0.039062 0.059343
3 0.091264 0.702652 0.039062 0.059343
5 0.062855 0.058712 0.039062 0.059343
5 0.780895 0.447601 0.039062 0.059343
1 0.933239 0.149621 0.068182 0.077020
0 0.932528 0.505682 0.068182 0.077020
4 0.467685 0.316288 0.039062 0.059343
6 0.465554 0.109217 0.039062 0.059343
8 0.476918 0.754419 0.039062 0.059343
3 0.815696 0.864268 0.039062 0.059343
5 0.646662 0.902146 0.039062 0.059343
1 0.414773 0.527146 0.068182 0.077020
1 0.331676 0.138258 0.068182 0.077020
0 0.324574 0.640783 0.068182 0.077020
6 0.681463 0.159722 0.039062 0.059343
5 0.928622 0.317551 0.039062 0.059343
8 0.216974 0.874369 0.039062 0.059343
7 0.398793 0.928662 0.039062 0.059343
4 0.030185 0.296086 0.039062 0.059343
3 0.280895 0.287247 0.039062 0.059343
