3 0.223366 0.926136 0.039062 0.059343
8 0.191406 0.293561 0.039062 0.059343
4 0.686435 0.883207 0.039062 0.059343
4 0.278054 0.118056 0.039062 0.059343
5 0.452060 0.559975 0.039062 0.059343
3 0.646662 0.107955 0.039062 0.059343
5 0.954901 0.538510 0.039062 0.059343
0 0.051847 0.910985 0.068182 0.077020
3 0.711293 0.332702 0.039062 0.059343
0 0.077415 0.158460 0.068182 0.077020
5 0.300781 0.922348 0.039062 0.059343
0 0.795455 0.130682 0.068182 0.077020
1 0.294744 0.280934 0.068182 0.077020
7 0.787287 0.465278 0.039062 0.059343
0 0.290483 0.753157 0.068182 0.077020
4 0.834162 0.924874 0.039062 0.059343
1 0.667614 0.535985 0.068182 0.077020
1 0.458097 0.880682 0.068182 0.077020
3 0.846236 0.356692 0.039062 0.059343
6 0.289418 0.461490 0.039062 0.059343
4 0.171520 0.133207 0.039062 0.059343
0 0.196733 0.485480 0.068182 0.077020
7 0.947798 0.158460 0.039062 0.059343
2 0.574219 0.226641 0.029119 0.051768
7 0.523793 0.678662 0.039062 0.059343
7 0.540128 0.440025 0.039062 0.059343
8 0.467685 0.130682 0.039062 0.059343
5 0.071378 0.717803 0.039062 0.059343
1 0.561080 0.118056 0.068182 0.077020
2 0.392401 0.253157 0.029119 0.051768
8 0.802912 0.754419 0.039062 0.059343
4 0.973366 0.246843 0.039062 0.059343
4 0.052912 0.360480 0.039062 0.059343
8 0.894531 0.860480 0.039062 0.059343
3 0.652344 0.764520 0.039062 0.059343
7 0.146662 0.643308 0.039062 0.059343
7 0.416548 0.739268 0.039062 0.059343
5 0.045810 0.535985 0.039062 0.059343
8 0.927912 0.652146 0.039062 0.059343
8 0.542259 0.948864 0.039062 0.059343
