0 0.662642 0.556187 0.068182 0.077020
8 0.451349 0.254419 0.039062 0.059343
2 0.339134 0.118056 0.029119 0.051768
7 0.786577 0.719066 0.039062 0.059343
2 0.837713 0.432449 0.029119 0.051768
1 0.084517 0.908460 0.068182 0.077020
7 0.964134 0.754419 0.039062 0.059343
1 0.678977 0.159722 0.068182 0.077020
3 0.560014 0.714015 0.039062 0.059343
5 0.794389 0.032197 0.039062 0.059343
0 0.796875 0.359217 0.068182 0.077020
2 0.178622 0.631944 0.029119 0.051768
2 0.930753 0.859217 0.029119 0.051768
7 0.969815 0.356692 0.039062 0.059343
2 0.228338 0.116793 0.029119 0.051768
1 0.425426 0.157197 0.068182 0.077020
7 0.596946 0.259470 0.039062 0.059343
3 0.480469 0.493056 0.039062 0.059343
0 0.057528 0.285985 0.068182 0.077020
7 0.314276 0.498106 0.039062 0.059343
1 0.445312 0.849116 0.068182 0.077020
5 0.177912 0.927399 0.039062 0.059343
6 0.595526 0.888258 0.039062 0.059343
1 0.203835 0.460227 0.068182 0.077020
2 0.079190 0.549874 0.029119 0.051768
8 0.178622 0.356692 0.039062 0.059343
6 0.923651 0.503157 0.039062 0.059343
6 0.839844 0.844066 0.039062 0.059343
3 0.326349 0.888258 0.039062 0.059343
0 0.294034 0.687500 0.068182 0.077020
1 0.558239 0.508207 0.068182 0.077020
5 0.040838 0.653409 0.039062 0.059343
