3 0.774503 0.464015 0.039062 0.059343
6 0.694247 0.659722 0.039062 0.059343
8 0.086293 0.120581 0.039062 0.059343
7 0.442116 0.842803 0.039062 0.059343
8 0.202060 0.147096 0.039062 0.059343
5 0.602628 0.313763 0.039062 0.059343
6 0.645241 0.325126 0.039062 0.059343
5 0.699929 0.557449 0.039062 0.059343
4 0.464844 0.542298 0.039062 0.059343
2 0.915128 0.873106 0.029119 0.051768
1 0.290483 0.080177 0.068182 0.077020
7 0.199929 0.897096 0.039062 0.059343
0 0.569602 0.149621 0.068182 0.077020
7 0.851207 0.850379 0.039062 0.059343
3 0.091974 0.278409 0.039062 0.059343
6 0.429332 0.634470 0.039062 0.059343
8 0.212003 0.307449 0.039062 0.059343
8 0.270952 0.717803 0.039062 0.059343
7 0.952060 0.533460 0.039062 0.059343
7 0.147372 0.528409 0.039062 0.059343
8 0.945668 0.716540 0.039062 0.059343
8 0.825639 0.128157 0.039062 0.059343
8 0.930753 0.136995 0.039062 0.059343
6 0.708452 0.168561 0.039062 0.059343
0 0.049006 0.523359 0.068182 0.077020
3 0.096236 0.879419 0.039062 0.059343
6 0.534446 0.482955 0.039062 0.059343
1 0.417614 0.080177 0.068182 0.077020
6 0.471236 0.341540 0.039062 0.059343
7 0.577060 0.847854 0.039062 0.059343
