1 0.554688 0.119318 0.068182 0.077020
8 0.317116 0.484217 0.039062 0.059343
6 0.839134 0.654672 0.039062 0.059343
2 0.787997 0.961490 0.029119 0.051768
0 0.034091 0.046086 0.068182 0.077020
4 0.025213 0.249369 0.039062 0.059343
3 0.102628 0.542298 0.039062 0.059343
7 0.682173 0.436237 0.039062 0.059343
0 0.086648 0.739268 0.068182 0.077020
7 0.463423 0.868056 0.039062 0.059343
5 0.897372 0.107955 0.039062 0.059343
7 0.694247 0.231692 0.039062 0.059343
2 0.301491 0.888258 0.029119 0.051768
7 0.971946 0.561237 0.039062 0.059343
5 0.664418 0.924874 0.039062 0.059343
3 0.677912 0.126894 0.039062 0.059343
5 0.588423 0.437500 0.039062 0.059343
4 0.275213 0.166035 0.039062 0.059343
6 0.937855 0.352904 0.039062 0.059343
2 0.322088 0.765783 0.029119 0.051768
1 0.585227 0.892045 0.068182 0.077020
6 0.397372 0.046086 0.039062 0.059343
7 0.205611 0.883207 0.039062 0.059343
1 0.801847 0.096591 0.068182 0.077020
2 0.972656 0.765783 0.029119 0.051768
2 0.859020 0.530934 0.029119 0.051768
7 0.209872 0.732955 0.039062 0.059343
7 0.972656 0.827652 0.039062 0.059343
3 0.552912 0.261995 0.039062 0.059343
