0 0.832386 0.932449 0.068182 0.077020
6 0.684304 0.717803 0.039062 0.059343
1 0.681108 0.121843 0.068182 0.077020
4 0.809304 0.081439 0.039062 0.059343
4 0.899503 0.659722 0.039062 0.059343
3 0.153764 0.253157 0.039062 0.059343
1 0.198864 0.515783 0.068182 0.077020
7 0.673651 0.347854 0.039062 0.059343
3 0.064986 0.259470 0.039062 0.059343
5 0.401634 0.688763 0.039062 0.059343
8 0.153054 0.121843 0.039062 0.059343
5 0.468395 0.107955 0.039062 0.059343
4 0.589134 0.681187 0.039062 0.059343
5 0.309304 0.315025 0.039062 0.059343
6 0.968395 0.436237 0.039062 0.059343
0 0.534091 0.298611 0.068182 0.077020
0 0.335938 0.441288 0.068182 0.077020
1 0.071733 0.094066 0.068182 0.077020
6 0.167259 0.938763 0.039062 0.059343
2 0.950639 0.167298 0.029119 0.051768
6 0.182173 0.639520 0.039062 0.059343
1 0.696023 0.445076 0.068182 0.077020
2 0.098366 0.926136 0.029119 0.051768
8 0.325639 0.130682 0.039062 0.059343
8 0.833452 0.455177 0.039062 0.059343
2 0.780185 0.345328 0.029119 0.051768
7 0.028054 0.719066 0.039062 0.059343
2 0.530185 0.554924 0.029119 0.051768
7 0.726918 0.937500 0.039062 0.059343
7 0.469105 0.488005 0.039062 0.059343
7 0.528054 0.158460 0.039062 0.059343
3 0.021662 0.438763 0.039062 0.059343
5 0.533736 0.916035 0.039062 0.059343
4 0.904474 0.357955 0.039062 0.059343
3 0.820668 0.657197 0.039062 0.059343
2 0.466974 0.890783 0.029119 0.051768
