6 0.156605 0.655934 0.039062 0.059343
0 0.536932 0.942551 0.068182 0.077020
0 0.311790 0.495581 0.068182 0.077020
5 0.317827 0.062500 0.039062 0.059343
6 0.573509 0.677399 0.039062 0.059343
1 0.960227 0.529672 0.068182 0.077020
5 0.095526 0.488005 0.039062 0.059343
4 0.213423 0.289773 0.039062 0.059343
1 0.323864 0.940025 0.068182 0.077020
2 0.067827 0.950126 0.029119 0.051768
0 0.414773 0.053662 0.068182 0.077020
6 0.835582 0.708965 0.039062 0.059343
1 0.805398 0.270833 0.068182 0.077020
2 0.693537 0.916035 0.029119 0.051768
2 0.824219 0.840278 0.029119 0.051768
0 0.066761 0.354167 0.068182 0.077020
8 0.218395 0.910985 0.039062 0.059343
0 0.455256 0.660985 0.068182 0.077020
7 0.653764 0.311237 0.039062 0.059343
6 0.550781 0.066288 0.039062 0.059343
3 0.039418 0.727904 0.039062 0.059343
6 0.924361 0.048611 0.039062 0.059343
6 0.203480 0.434975 0.039062 0.059343
0 0.710938 0.123106 0.068182 0.077020
6 0.944957 0.864268 0.039062 0.059343
4 0.726207 0.712753 0.039062 0.059343
2 0.596946 0.494318 0.029119 0.051768
8 0.208452 0.041035 0.039062 0.059343
8 0.795810 0.501894 0.039062 0.059343
2 0.910866 0.322601 0.029119 0.051768
