5 0.444247 0.559975 0.039062 0.059343
5 0.674361 0.340278 0.039062 0.059343
0 0.590909 0.654672 0.068182 0.077020
5 0.180753 0.719066 0.039062 0.059343
8 0.480469 0.087753 0.039062 0.059343
6 0.826349 0.523359 0.039062 0.059343
8 0.724077 0.101641 0.039062 0.059343
8 0.317827 0.288510 0.039062 0.059343
4 0.042259 0.302399 0.039062 0.059343
5 0.709872 0.438763 0.039062 0.059343
6 0.658026 0.851641 0.039062 0.059343
1 0.672585 0.711490 0.068182 0.077020
0 0.159091 0.559975 0.068182 0.077020
0 0.928977 0.080177 0.068182 0.077020
5 0.405895 0.845328 0.039062 0.059343
1 0.581676 0.328914 0.068182 0.077020
0 0.419744 0.659722 0.068182 0.077020
3 0.150213 0.138258 0.039062 0.059343
0 0.462358 0.259470 0.068182 0.077020
0 0.578835 0.549874 0.068182 0.077020
6 0.946378 0.965278 0.039062 0.059343
4 0.957741 0.470328 0.039062 0.059343
7 0.314276 0.683712 0.039062 0.059343
8 0.283026 0.092803 0.039062 0.059343
5 0.229759 0.926136 0.039062 0.059343
