2 0.467685 0.682449 0.029119 0.051768
6 0.343395 0.764520 0.039062 0.059343
0 0.210227 0.120581 0.068182 0.077020
6 0.350497 0.077652 0.039062 0.059343
0 0.194602 0.519571 0.068182 0.077020
4 0.354759 0.538510 0.039062 0.059343
2 0.672230 0.913510 0.029119 0.051768
3 0.192116 0.333965 0.039062 0.059343
4 0.915838 0.722854 0.039062 0.059343
3 0.416548 0.513258 0.039062 0.059343
5 0.458452 0.033460 0.039062 0.059343
0 0.078125 0.750631 0.068182 0.077020
1 0.818182 0.854167 0.068182 0.077020
1 0.911932 0.101641 0.068182 0.077020
7 0.291548 0.922348 0.039062 0.059343
8 0.670099 0.450126 0.039062 0.059343
7 0.778764 0.166035 0.039062 0.059343
3 0.082031 0.447601 0.039062 0.059343
6 0.152344 0.741793 0.039062 0.059343
1 0.580256 0.845328 0.068182 0.077020
4 0.898793 0.440025 0.039062 0.059343
7 0.432884 0.344066 0.039062 0.059343
7 0.034446 0.153409 0.039062 0.059343
5 0.554332 0.703914 0.039062 0.059343
3 0.675071 0.229167 0.039062 0.059343
1 0.430398 0.945076 0.068182 0.077020
4 0.558594 0.539773 0.039062 0.059343
