7 0.275213 0.369318 0.039062 0.059343
7 0.331321 0.903409 0.039062 0.059343
0 0.071733 0.491793 0.068182 0.077020
5 0.408026 0.902146 0.039062 0.059343
7 0.938565 0.889520 0.039062 0.059343
3 0.687855 0.854167 0.039062 0.059343
7 0.182173 0.313763 0.039062 0.059343
5 0.712003 0.654672 0.039062 0.059343
4 0.781605 0.662247 0.039062 0.059343
2 0.561435 0.274621 0.029119 0.051768
6 0.696378 0.150884 0.039062 0.059343
2 0.514560 0.639520 0.029119 0.051768
7 0.189276 0.522096 0.039062 0.059343
0 0.956676 0.698864 0.068182 0.077020
6 0.179332 0.095328 0.039062 0.059343
8 0.270952 0.548611 0.039062 0.059343
2 0.423651 0.229167 0.029119 0.051768
7 0.053622 0.669823 0.039062 0.059343
6 0.540128 0.945076 0.039062 0.059343
7 0.028054 0.945076 0.039062 0.059343
