4 0.066406 0.158460 0.039062 0.059343
2 0.466974 0.505682 0.029119 0.051768
0 0.433239 0.869318 0.068182 0.077020
3 0.846946 0.283460 0.039062 0.059343
7 0.833452 0.440025 0.039062 0.059343
5 0.306463 0.303662 0.039062 0.059343
2 0.545099 0.331439 0.029119 0.051768
1 0.064631 0.460227 0.068182 0.077020
5 0.071378 0.934975 0.039062 0.059343
1 0.052557 0.686237 0.068182 0.077020
2 0.319957 0.457702 0.029119 0.051768
1 0.948153 0.456439 0.068182 0.077020
2 0.167259 0.030934 0.029119 0.051768
1 0.549716 0.859217 0.068182 0.077020
4 0.594105 0.511995 0.039062 0.059343
6 0.730469 0.116793 0.039062 0.059343
5 0.970526 0.325126 0.039062 0.059343
6 0.580611 0.160985 0.039062 0.059343
3 0.194957 0.654672 0.039062 0.059343
4 0.155895 0.280934 0.039062 0.059343
3 0.778764 0.101641 0.039062 0.059343
4 0.932884 0.144571 0.039062 0.059343
3 0.727628 0.668561 0.039062 0.059343
5 0.655185 0.859217 0.039062 0.059343
6 0.104048 0.355429 0.039062 0.059343
8 0.655895 0.490530 0.039062 0.059343
8 0.840554 0.900884 0.039062 0.059343
8 0.715554 0.246843 0.039062 0.059343
5 0.354048 0.758207 0.039062 0.059343
2 0.182884 0.535985 0.029119 0.051768
6 0.338423 0.947601 0.039062 0.059343
7 0.478338 0.168561 0.039062 0.059343
4 0.318537 0.104167 0.039062 0.059343
8 0.972656 0.653409 0.039062 0.059343
0 0.795455 0.703914 0.068182 0.077020
7 0.947798 0.828914 0.039062 0.059343
2 0.215554 0.844066 0.029119 0.051768
3 0.414418 0.256944 0.039062 0.059343
