2 0.354048 0.870581 0.029119 0.051768
6 0.947798 0.278409 0.039062 0.059343
4 0.942827 0.164773 0.039062 0.059343
2 0.709162 0.095328 0.029119 0.051768
3 0.084872 0.456439 0.039062 0.059343
3 0.576349 0.047348 0.039062 0.059343
1 0.804688 0.544823 0.068182 0.077020
5 0.795099 0.875631 0.039062 0.059343
4 0.449219 0.029672 0.039062 0.059343
4 0.145952 0.650884 0.039062 0.059343
5 0.202060 0.054924 0.039062 0.059343
7 0.161577 0.249369 0.039062 0.059343
8 0.577770 0.922348 0.039062 0.059343
1 0.050426 0.099116 0.068182 0.077020
4 0.774503 0.148359 0.039062 0.059343
6 0.082741 0.356692 0.039062 0.059343
8 0.050071 0.686237 0.039062 0.059343
7 0.555753 0.278409 0.039062 0.059343
8 0.330611 0.048611 0.039062 0.059343
6 0.829901 0.686237 0.039062 0.059343
3 0.645241 0.268308 0.039062 0.059343
2 0.292969 0.625631 0.029119 0.051768
2 0.665838 0.662247 0.029119 0.051768
7 0.205611 0.535985 0.039062 0.059343
5 0.281605 0.470328 0.039062 0.059343
5 0.214134 0.860480 0.039062 0.059343
8 0.279474 0.230429 0.039062 0.059343
2 0.428622 0.234217 0.029119 0.051768
