8 0.822798 0.157197 0.039062 0.059343
6 0.900213 0.095328 0.039062 0.059343
8 0.849787 0.261995 0.039062 0.059343
8 0.528764 0.431187 0.039062 0.059343
1 0.427557 0.304924 0.068182 0.077020
7 0.274503 0.514520 0.039062 0.059343
7 0.278054 0.337753 0.039062 0.059343
7 0.158026 0.568813 0.039062 0.059343
3 0.079901 0.630682 0.039062 0.059343
5 0.583452 0.729167 0.039062 0.059343
3 0.230469 0.336490 0.039062 0.059343
6 0.175781 0.042298 0.039062 0.059343
0 0.034091 0.892045 0.068182 0.077020
3 0.662287 0.158460 0.039062 0.059343
5 0.916548 0.472854 0.039062 0.059343
0 0.088778 0.315025 0.068182 0.077020
2 0.528764 0.285985 0.029119 0.051768
1 0.681108 0.481692 0.068182 0.077020
6 0.351918 0.755682 0.039062 0.059343
6 0.815696 0.719066 0.039062 0.059343
1 0.056108 0.066288 0.068182 0.077020
5 0.603338 0.962753 0.039062 0.059343
0 0.923295 0.653409 0.068182 0.077020
5 0.414418 0.658460 0.039062 0.059343
