2 0.568537 0.320076 0.029119 0.051768
0 0.909091 0.933712 0.068182 0.077020
0 0.557528 0.500631 0.068182 0.077020
1 0.086648 0.100379 0.068182 0.077020
2 0.674361 0.143308 0.029119 0.051768
4 0.531605 0.842803 0.039062 0.059343
7 0.026634 0.659722 0.039062 0.059343
5 0.275213 0.120581 0.039062 0.059343
0 0.178267 0.690025 0.068182 0.077020
1 0.083807 0.336490 0.068182 0.077020
0 0.166903 0.514520 0.068182 0.077020
2 0.274503 0.428662 0.029119 0.051768
2 0.359730 0.700126 0.029119 0.051768
0 0.796165 0.734217 0.068182 0.077020
3 0.320668 0.905934 0.039062 0.059343
8 0.073509 0.534722 0.039062 0.059343
5 0.832031 0.153409 0.039062 0.059343
7 0.168679 0.863005 0.039062 0.059343
6 0.780895 0.253157 0.039062 0.059343
6 0.535866 0.634470 0.039062 0.059343
3 0.403764 0.567551 0.039062 0.059343
1 0.785511 0.452652 0.068182 0.077020
2 0.212713 0.364268 0.029119 0.051768
3 0.327060 0.351641 0.039062 0.059343
2 0.855469 0.865530 0.029119 0.051768
