7 0.957741 0.898359 0.039062 0.059343
3 0.223366 0.346591 0.039062 0.059343
3 0.326349 0.674874 0.039062 0.059343
7 0.694247 0.852904 0.039062 0.059343
0 0.054688 0.044823 0.068182 0.077020
6 0.439986 0.511995 0.039062 0.059343
6 0.085582 0.628157 0.039062 0.059343
7 0.771662 0.937500 0.039062 0.059343
8 0.565696 0.235480 0.039062 0.059343
5 0.687145 0.130682 0.039062 0.059343
1 0.054688 0.307449 0.068182 0.077020
1 0.571023 0.547348 0.068182 0.077020
7 0.320668 0.294823 0.039062 0.059343
1 0.208097 0.044823 0.068182 0.077020
7 0.896662 0.289773 0.039062 0.059343
8 0.448509 0.149621 0.039062 0.059343
4 0.655185 0.328914 0.039062 0.059343
7 0.091264 0.561237 0.039062 0.059343
2 0.089134 0.837753 0.029119 0.051768
1 0.187500 0.466540 0.068182 0.077020
1 0.835938 0.525884 0.068182 0.077020
8 0.210582 0.842803 0.039062 0.059343
8 0.459872 0.705177 0.039062 0.059343
5 0.189986 0.676136 0.039062 0.059343
8 0.296520 0.071338 0.039062 0.059343
8 0.648082 0.655934 0.039062 0.059343
1 0.553267 0.719066 0.068182 0.077020
8 0.799361 0.359217 0.039062 0.059343
2 0.944247 0.155934 0.029119 0.051768
4 0.817116 0.110480 0.039062 0.059343
8 0.811435 0.727904 0.039062 0.059343
4 0.975497 0.631944 0.039062 0.059343
0 0.420455 0.323864 0.068182 0.077020
