0 0.926136 0.259470 0.068182 0.077020
5 0.687145 0.355429 0.039062 0.059343
7 0.211293 0.691288 0.039062 0.059343
7 0.940696 0.101641 0.039062 0.059343
7 0.780895 0.532197 0.039062 0.059343
2 0.566406 0.624369 0.029119 0.051768
6 0.077770 0.307449 0.039062 0.059343
6 0.205611 0.339015 0.039062 0.059343
1 0.421875 0.510732 0.068182 0.077020
5 0.198509 0.124369 0.039062 0.059343
1 0.088778 0.666035 0.068182 0.077020
8 0.555753 0.856692 0.039062 0.059343
1 0.073864 0.907197 0.068182 0.077020
4 0.807173 0.278409 0.039062 0.059343
8 0.537287 0.547348 0.039062 0.059343
6 0.696378 0.913510 0.039062 0.059343
2 0.337003 0.876894 0.029119 0.051768
7 0.977628 0.754419 0.039062 0.059343
1 0.664773 0.476641 0.068182 0.077020
8 0.075639 0.456439 0.039062 0.059343
8 0.023793 0.135732 0.039062 0.059343
3 0.295099 0.553662 0.039062 0.059343
8 0.413707 0.750631 0.039062 0.059343
6 0.295099 0.363005 0.039062 0.059343
0 0.830256 0.914773 0.068182 0.077020
5 0.906605 0.844066 0.039062 0.059343
5 0.291548 0.070076 0.039062 0.059343
3 0.563565 0.272096 0.039062 0.059343
2 0.352628 0.734217 0.029119 0.051768
0 0.428267 0.350379 0.068182 0.077020
4 0.834162 0.099116 0.039062 0.059343
6 0.556463 0.148359 0.039062 0.059343
2 0.162997 0.852904 0.029119 0.051768
0 0.830256 0.652146 0.068182 0.077020
5 0.400923 0.169823 0.039062 0.059343
4 0.205611 0.489268 0.039062 0.059343
3 0.465554 0.945076 0.039062 0.059343
7 0.683594 0.164773 0.039062 0.059343
2 0.727628 0.671086 0.029119 0.051768
