3 0.190696 0.475379 0.039062 0.059343
6 0.094105 0.095328 0.039062 0.059343
0 0.439631 0.866793 0.068182 0.077020
5 0.349077 0.861742 0.039062 0.059343
3 0.809304 0.695076 0.039062 0.059343
7 0.341264 0.530934 0.039062 0.059343
7 0.980469 0.903409 0.039062 0.059343
4 0.720526 0.696338 0.039062 0.059343
0 0.463068 0.508207 0.068182 0.077020
0 0.044034 0.282197 0.068182 0.077020
2 0.946378 0.658460 0.029119 0.051768
4 0.785866 0.058712 0.039062 0.059343
7 0.204901 0.914773 0.039062 0.059343
4 0.096236 0.755682 0.039062 0.059343
4 0.158026 0.159722 0.039062 0.059343
3 0.555043 0.465278 0.039062 0.059343
6 0.729759 0.251894 0.039062 0.059343
4 0.086293 0.511995 0.039062 0.059343
3 0.704901 0.946338 0.039062 0.059343
4 0.162287 0.350379 0.039062 0.059343
7 0.149503 0.758207 0.039062 0.059343
7 0.407315 0.701389 0.039062 0.059343
5 0.473366 0.081439 0.039062 0.059343
5 0.979759 0.136995 0.039062 0.059343
2 0.819957 0.436237 0.029119 0.051768
0 0.060369 0.904672 0.068182 0.077020
5 0.435014 0.325126 0.039062 0.059343
5 0.916548 0.479167 0.039062 0.059343
3 0.822798 0.907197 0.039062 0.059343
4 0.656605 0.474116 0.039062 0.059343
3 0.544389 0.629419 0.039062 0.059343
8 0.582741 0.279672 0.039062 0.059343
8 0.287997 0.162247 0.039062 0.059343
1 0.808239 0.356692 0.068182 0.077020
