6 0.067116 0.361742 0.039062 0.059343
4 0.553622 0.072601 0.039062 0.059343
2 0.734020 0.133207 0.029119 0.051768
5 0.790128 0.958965 0.039062 0.059343
4 0.647372 0.254419 0.039062 0.059343
3 0.547230 0.768308 0.039062 0.059343
0 0.827415 0.546086 0.068182 0.077020
6 0.295099 0.921086 0.039062 0.059343
2 0.161577 0.856692 0.029119 0.051768
7 0.547940 0.916035 0.039062 0.059343
3 0.166548 0.671086 0.039062 0.059343
3 0.476918 0.073864 0.039062 0.059343
6 0.041548 0.658460 0.039062 0.059343
6 0.898793 0.876894 0.039062 0.059343
5 0.800781 0.292298 0.039062 0.059343
0 0.172585 0.105429 0.068182 0.077020
8 0.650923 0.488005 0.039062 0.059343
2 0.477628 0.461490 0.029119 0.051768
4 0.905895 0.115530 0.039062 0.059343
1 0.199574 0.263258 0.068182 0.077020
1 0.187500 0.515783 0.068182 0.077020
6 0.327060 0.251894 0.039062 0.059343
8 0.314986 0.077652 0.039062 0.059343
8 0.723366 0.741793 0.039062 0.059343
3 0.796520 0.091540 0.039062 0.059343
8 0.529474 0.340278 0.039062 0.059343
8 0.324219 0.523359 0.039062 0.059343
3 0.826349 0.711490 0.039062 0.059343
0 0.463778 0.735480 0.068182 0.077020
4 0.971946 0.729167 0.039062 0.059343
7 0.031605 0.032197 0.039062 0.059343
8 0.590554 0.563763 0.039062 0.059343
7 0.064986 0.566288 0.039062 0.059343
1 0.085938 0.883207 0.068182 0.077020
0 0.435369 0.902146 0.068182 0.077020
