8 0.209162 0.710227 0.039062 0.059343
0 0.919034 0.741793 0.068182 0.077020
1 0.838778 0.677399 0.068182 0.077020
5 0.719105 0.053662 0.039062 0.059343
5 0.826349 0.104167 0.039062 0.059343
5 0.952060 0.335227 0.039062 0.059343
4 0.809304 0.248106 0.039062 0.059343
0 0.415483 0.479167 0.068182 0.077020
1 0.924716 0.061237 0.068182 0.077020
1 0.043324 0.841540 0.068182 0.077020
0 0.066761 0.720328 0.068182 0.077020
1 0.950284 0.554924 0.068182 0.077020
5 0.842685 0.855429 0.039062 0.059343
5 0.192116 0.513258 0.039062 0.059343
4 0.222656 0.119318 0.039062 0.059343
4 0.310724 0.760732 0.039062 0.059343
6 0.594815 0.168561 0.039062 0.059343
0 0.557528 0.844066 0.068182 0.077020
6 0.579901 0.674874 0.039062 0.059343
4 0.662287 0.272096 0.039062 0.059343
