5 0.348366 0.106692 0.039062 0.059343
2 0.713423 0.907197 0.029119 0.051768
4 0.791548 0.679924 0.039062 0.059343
6 0.911577 0.356692 0.039062 0.059343
3 0.662997 0.659722 0.039062 0.059343
5 0.562855 0.096591 0.039062 0.059343
1 0.943182 0.950126 0.068182 0.077020
2 0.517401 0.948864 0.029119 0.051768
0 0.051847 0.879419 0.068182 0.077020
8 0.781605 0.235480 0.039062 0.059343
3 0.647372 0.489268 0.039062 0.059343
4 0.559304 0.760732 0.039062 0.059343
5 0.604048 0.307449 0.039062 0.059343
7 0.293679 0.453914 0.039062 0.059343
7 0.462003 0.273359 0.039062 0.059343
1 0.815341 0.065025 0.068182 0.077020
6 0.087713 0.034722 0.039062 0.059343
8 0.206321 0.325126 0.039062 0.059343
6 0.168679 0.682449 0.039062 0.059343
4 0.226207 0.494318 0.039062 0.059343
2 0.456321 0.926136 0.029119 0.051768
8 0.227628 0.081439 0.039062 0.059343
6 0.081321 0.299874 0.039062 0.059343
0 0.688920 0.066288 0.068182 0.077020
4 0.822088 0.965278 0.039062 0.059343
