0 0.537642 0.666035 0.068182 0.077020
7 0.930753 0.077652 0.039062 0.059343
1 0.437500 0.250631 0.068182 0.077020
6 0.333452 0.145833 0.039062 0.059343
6 0.030185 0.721591 0.039062 0.059343
6 0.662997 0.110480 0.039062 0.059343
7 0.020952 0.327652 0.039062 0.059343
1 0.297585 0.292298 0.068182 0.077020
1 0.187500 0.727904 0.068182 0.077020
4 0.298651 0.916035 0.039062 0.059343
8 0.302912 0.522096 0.039062 0.059343
4 0.577060 0.035985 0.039062 0.059343
1 0.460227 0.455177 0.068182 0.077020
6 0.452060 0.164773 0.039062 0.059343
6 0.430753 0.903409 0.039062 0.059343
8 0.812855 0.967803 0.039062 0.059343
5 0.702770 0.745581 0.039062 0.059343
4 0.164418 0.168561 0.039062 0.059343
1 0.573864 0.491793 0.068182 0.077020
0 0.549006 0.309975 0.068182 0.077020
2 0.681463 0.936237 0.029119 0.051768
5 0.721236 0.296086 0.039062 0.059343
6 0.099787 0.456439 0.039062 0.059343
4 0.937855 0.669823 0.039062 0.059343
0 0.931108 0.471591 0.068182 0.077020
7 0.021662 0.946338 0.039062 0.059343
1 0.666903 0.474116 0.068182 0.077020
7 0.977628 0.361742 0.039062 0.059343
0 0.578835 0.875631 0.068182 0.077020
4 0.819247 0.509470 0.039062 0.059343
3 0.428622 0.751894 0.039062 0.059343
4 0.964134 0.868056 0.039062 0.059343
8 0.202770 0.481692 0.039062 0.059343
2 0.787287 0.277146 0.029119 0.051768
6 0.333452 0.751894 0.039062 0.059343
5 0.850497 0.678662 0.039062 0.059343
