7 0.315696 0.917298 0.039062 0.059343
0 0.316761 0.115530 0.068182 0.077020
4 0.837713 0.888258 0.039062 0.059343
0 0.665483 0.904672 0.068182 0.077020
5 0.954901 0.270833 0.039062 0.059343
1 0.579545 0.277146 0.068182 0.077020
5 0.181463 0.044823 0.039062 0.059343
5 0.688565 0.323864 0.039062 0.059343
5 0.711293 0.744318 0.039062 0.059343
3 0.057173 0.268308 0.039062 0.059343
5 0.648082 0.556187 0.039062 0.059343
6 0.730469 0.133207 0.039062 0.059343
1 0.205256 0.958965 0.068182 0.077020
7 0.456321 0.476641 0.039062 0.059343
0 0.285511 0.261995 0.068182 0.077020
8 0.086293 0.166035 0.039062 0.059343
6 0.475497 0.946338 0.039062 0.059343
4 0.443537 0.668561 0.039062 0.059343
7 0.905185 0.681187 0.039062 0.059343
6 0.569247 0.508207 0.039062 0.059343
3 0.090554 0.765783 0.039062 0.059343
2 0.924361 0.914773 0.029119 0.051768
8 0.812145 0.559975 0.039062 0.059343
3 0.435014 0.153409 0.039062 0.059343
1 0.294744 0.715278 0.068182 0.077020
2 0.910156 0.455177 0.029119 0.051768
