5 0.071378 0.904672 0.039062 0.059343
5 0.480469 0.715278 0.039062 0.059343
0 0.688920 0.731692 0.068182 0.077020
1 0.448864 0.110480 0.068182 0.077020
5 0.476207 0.941288 0.039062 0.059343
4 0.550781 0.885732 0.039062 0.059343
3 0.693537 0.863005 0.039062 0.059343
1 0.437500 0.537247 0.068182 0.077020
1 0.825284 0.494318 0.068182 0.077020
8 0.346236 0.145833 0.039062 0.059343
3 0.049361 0.265783 0.039062 0.059343
1 0.541193 0.129419 0.068182 0.077020
8 0.913707 0.875631 0.039062 0.059343
3 0.407315 0.278409 0.039062 0.059343
6 0.939276 0.366793 0.039062 0.059343
6 0.719815 0.317551 0.039062 0.059343
4 0.938565 0.666035 0.039062 0.059343
3 0.292969 0.955177 0.039062 0.059343
6 0.151634 0.910985 0.039062 0.059343
1 0.073864 0.135732 0.068182 0.077020
2 0.226918 0.508207 0.029119 0.051768
2 0.549361 0.243056 0.029119 0.051768
3 0.177912 0.253157 0.039062 0.059343
1 0.298295 0.302399 0.068182 0.077020
4 0.060724 0.684975 0.039062 0.059343
2 0.317827 0.634470 0.029119 0.051768
4 0.185014 0.157197 0.039062 0.059343
1 0.963778 0.441288 0.068182 0.077020
7 0.853338 0.258207 0.039062 0.059343
5 0.694957 0.153409 0.039062 0.059343
4 0.197798 0.751894 0.039062 0.059343
