1 0.431818 0.844066 0.068182 0.077020
0 0.684659 0.692551 0.068182 0.077020
1 0.161932 0.899621 0.068182 0.077020
3 0.594815 0.475379 0.039062 0.059343
3 0.914418 0.741793 0.039062 0.059343
7 0.547230 0.703914 0.039062 0.059343
0 0.561790 0.917298 0.068182 0.077020
0 0.821733 0.847854 0.068182 0.077020
1 0.068182 0.897096 0.068182 0.077020
5 0.976918 0.448864 0.039062 0.059343
6 0.300071 0.289773 0.039062 0.059343
0 0.465199 0.341540 0.068182 0.077020
4 0.033736 0.313763 0.039062 0.059343
5 0.270241 0.861742 0.039062 0.059343
4 0.711293 0.456439 0.039062 0.059343
0 0.338068 0.131944 0.068182 0.077020
8 0.046520 0.078914 0.039062 0.059343
8 0.152344 0.431187 0.039062 0.059343
5 0.831321 0.508207 0.039062 0.059343
8 0.022372 0.491793 0.039062 0.059343
8 0.699929 0.351641 0.039062 0.059343
0 0.784801 0.640783 0.068182 0.077020
