5 0.698509 0.859217 0.039062 0.059343
2 0.096236 0.025884 0.029119 0.051768
5 0.344815 0.467803 0.039062 0.059343
4 0.528054 0.922348 0.039062 0.059343
0 0.434659 0.099116 0.068182 0.077020
1 0.924006 0.643308 0.068182 0.077020
2 0.177202 0.465278 0.029119 0.051768
6 0.665838 0.049874 0.039062 0.059343
7 0.792259 0.913510 0.039062 0.059343
5 0.344105 0.311237 0.039062 0.059343
8 0.145952 0.942551 0.039062 0.059343
0 0.911222 0.102904 0.068182 0.077020
8 0.833452 0.754419 0.039062 0.059343
0 0.448153 0.671086 0.068182 0.077020
2 0.484730 0.342803 0.029119 0.051768
8 0.436435 0.907197 0.039062 0.059343
1 0.557528 0.748106 0.068182 0.077020
3 0.895241 0.272096 0.039062 0.059343
1 0.583807 0.525884 0.068182 0.077020
0 0.681108 0.645833 0.068182 0.077020
2 0.062855 0.957702 0.029119 0.051768
3 0.425071 0.525884 0.039062 0.059343
1 0.825994 0.091540 0.068182 0.077020
7 0.647372 0.539773 0.039062 0.059343
8 0.084162 0.510732 0.039062 0.059343
8 0.033026 0.746843 0.039062 0.059343
6 0.280895 0.844066 0.039062 0.059343
8 0.845526 0.313763 0.039062 0.059343
2 0.167969 0.095328 0.029119 0.051768
6 0.811435 0.490530 0.039062 0.059343
4 0.210582 0.731692 0.039062 0.059343
2 0.912287 0.833965 0.029119 0.051768
