7 0.348366 0.639520 0.039062 0.059343
3 0.573509 0.855429 0.039062 0.059343
6 0.189276 0.692551 0.039062 0.059343
1 0.431108 0.863005 0.068182 0.077020
7 0.712713 0.768308 0.039062 0.059343
2 0.359020 0.115530 0.029119 0.051768
1 0.285511 0.260732 0.068182 0.077020
5 0.908026 0.663510 0.039062 0.059343
3 0.470526 0.511995 0.039062 0.059343
1 0.182528 0.038510 0.068182 0.077020
7 0.083452 0.238005 0.039062 0.059343
7 0.578480 0.260732 0.039062 0.059343
2 0.653764 0.080177 0.029119 0.051768
8 0.033026 0.847854 0.039062 0.059343
2 0.692116 0.927399 0.029119 0.051768
1 0.795455 0.293561 0.068182 0.077020
5 0.047230 0.460227 0.039062 0.059343
4 0.576349 0.559975 0.039062 0.059343
3 0.180753 0.952652 0.039062 0.059343
4 0.279474 0.866793 0.039062 0.059343
6 0.029474 0.696338 0.039062 0.059343
2 0.650923 0.465278 0.029119 0.051768
8 0.450639 0.369318 0.039062 0.059343
5 0.598366 0.057449 0.039062 0.059343
4 0.303622 0.551136 0.039062 0.059343
1 0.799006 0.489268 0.068182 0.077020
6 0.825639 0.917298 0.039062 0.059343
2 0.775923 0.753157 0.029119 0.051768
3 0.904474 0.437500 0.039062 0.059343
7 0.672230 0.264520 0.039062 0.059343
0 0.212358 0.503157 0.068182 0.077020
