6 0.846946 0.763258 0.039062 0.059343
5 0.030895 0.957702 0.039062 0.059343
6 0.269531 0.635732 0.039062 0.059343
3 0.162287 0.855429 0.039062 0.059343
3 0.773082 0.154672 0.039062 0.059343
8 0.530185 0.863005 0.039062 0.059343
4 0.310014 0.437500 0.039062 0.059343
7 0.805753 0.892045 0.039062 0.059343
3 0.033026 0.443813 0.039062 0.059343
0 0.931818 0.278409 0.068182 0.077020
4 0.273082 0.859217 0.039062 0.059343
1 0.571733 0.080177 0.068182 0.077020
6 0.448509 0.052399 0.039062 0.059343
4 0.323509 0.346591 0.039062 0.059343
3 0.714134 0.351641 0.039062 0.059343
3 0.150923 0.278409 0.039062 0.059343
3 0.695668 0.647096 0.039062 0.059343
4 0.417259 0.645833 0.039062 0.059343
8 0.434304 0.924874 0.039062 0.059343
2 0.891690 0.652146 0.029119 0.051768
4 0.301491 0.085227 0.039062 0.059343
8 0.905185 0.451389 0.039062 0.059343
6 0.040128 0.658460 0.039062 0.059343
2 0.192827 0.051136 0.029119 0.051768
4 0.229759 0.673611 0.039062 0.059343
5 0.036577 0.315025 0.039062 0.059343
4 0.529474 0.299874 0.039062 0.059343
8 0.552912 0.673611 0.039062 0.059343
3 0.919389 0.927399 0.039062 0.059343
0 0.590909 0.511995 0.068182 0.077020
8 0.674361 0.119318 0.039062 0.059343
8 0.776634 0.461490 0.039062 0.059343
5 0.470526 0.544823 0.039062 0.059343
6 0.145952 0.552399 0.039062 0.059343
5 0.932884 0.067551 0.039062 0.059343
7 0.033026 0.095328 0.039062 0.059343
8 0.720526 0.875631 0.039062 0.059343
6 0.729759 0.472854 0.039062 0.059343
5 0.420099 0.364268 0.039062 0.059343
