1 0.679688 0.124369 0.068182 0.077020
6 0.905895 0.904672 0.039062 0.059343
8 0.020241 0.952652 0.039062 0.059343
2 0.603338 0.894571 0.029119 0.051768
7 0.047230 0.160985 0.039062 0.059343
2 0.542259 0.556187 0.029119 0.051768
5 0.850497 0.275884 0.039062 0.059343
3 0.346946 0.909722 0.039062 0.059343
7 0.209872 0.958965 0.039062 0.059343
5 0.773793 0.936237 0.039062 0.059343
5 0.352628 0.537247 0.039062 0.059343
6 0.410866 0.732955 0.039062 0.059343
8 0.318537 0.644571 0.039062 0.059343
4 0.455611 0.431187 0.039062 0.059343
0 0.207386 0.488005 0.068182 0.077020
3 0.079190 0.232955 0.039062 0.059343
8 0.155185 0.158460 0.039062 0.059343
6 0.545810 0.719066 0.039062 0.059343
0 0.830966 0.480429 0.068182 0.077020
0 0.174006 0.245581 0.068182 0.077020
0 0.662642 0.746843 0.068182 0.077020
2 0.139560 0.717803 0.029119 0.051768
7 0.655185 0.962753 0.039062 0.059343
4 0.041548 0.745581 0.039062 0.059343
5 0.935014 0.229167 0.039062 0.059343
6 0.979048 0.734217 0.039062 0.059343
2 0.952060 0.500631 0.029119 0.051768
5 0.960582 0.138258 0.039062 0.059343
8 0.527344 0.321338 0.039062 0.059343
6 0.646662 0.302399 0.039062 0.059343
5 0.690696 0.551136 0.039062 0.059343
1 0.426136 0.100379 0.068182 0.077020
6 0.818537 0.058712 0.039062 0.059343
5 0.817116 0.687500 0.039062 0.059343
3 0.585582 0.110480 0.039062 0.059343
2 0.316406 0.162247 0.029119 0.051768
