4 0.707741 0.259470 0.039062 0.059343
5 0.544389 0.280934 0.039062 0.059343
4 0.226918 0.120581 0.039062 0.059343
6 0.270241 0.668561 0.039062 0.059343
4 0.912997 0.881944 0.039062 0.059343
8 0.696378 0.115530 0.039062 0.059343
4 0.936435 0.158460 0.039062 0.059343
2 0.273082 0.448864 0.029119 0.051768
5 0.415838 0.128157 0.039062 0.059343
8 0.321378 0.147096 0.039062 0.059343
3 0.824219 0.244318 0.039062 0.059343
8 0.726918 0.961490 0.039062 0.059343
6 0.078480 0.500631 0.039062 0.059343
2 0.537287 0.715278 0.029119 0.051768
6 0.589844 0.130682 0.039062 0.059343
6 0.937855 0.692551 0.039062 0.059343
5 0.033736 0.078914 0.039062 0.059343
2 0.819957 0.635732 0.029119 0.051768
1 0.838778 0.936237 0.068182 0.077020
2 0.425071 0.883207 0.029119 0.051768
1 0.313920 0.350379 0.068182 0.077020
6 0.726918 0.719066 0.039062 0.059343
4 0.520241 0.835227 0.039062 0.059343
5 0.055753 0.671086 0.039062 0.059343
5 0.783736 0.128157 0.039062 0.059343
2 0.788707 0.529672 0.029119 0.051768
5 0.665128 0.522096 0.039062 0.059343
4 0.162997 0.455177 0.039062 0.059343
