4 0.942827 0.304924 0.039062 0.059343
8 0.152344 0.350379 0.039062 0.059343
5 0.321378 0.053662 0.039062 0.059343
4 0.597656 0.563763 0.039062 0.059343
5 0.707031 0.706439 0.039062 0.059343
1 0.058949 0.485480 0.068182 0.077020
3 0.911577 0.846591 0.039062 0.059343
8 0.449219 0.292298 0.039062 0.059343
2 0.906605 0.441288 0.029119 0.051768
4 0.041548 0.888258 0.039062 0.059343
2 0.346236 0.751894 0.029119 0.051768
3 0.403054 0.510732 0.039062 0.059343
4 0.338423 0.429924 0.039062 0.059343
8 0.221946 0.053662 0.039062 0.059343
1 0.182528 0.719066 0.068182 0.077020
4 0.096946 0.360480 0.039062 0.059343
7 0.839844 0.450126 0.039062 0.059343
1 0.585938 0.264520 0.068182 0.077020
4 0.418679 0.130682 0.039062 0.059343
1 0.534091 0.873106 0.068182 0.077020
8 0.671520 0.876894 0.039062 0.059343
7 0.052912 0.715278 0.039062 0.059343
8 0.530185 0.150884 0.039062 0.059343
3 0.476207 0.903409 0.039062 0.059343
0 0.673295 0.275884 0.068182 0.077020
0 0.937500 0.042298 0.068182 0.077020
2 0.189276 0.923611 0.029119 0.051768
1 0.793324 0.078914 0.068182 0.077020
3 0.529474 0.681187 0.039062 0.059343
7 0.160866 0.501894 0.039062 0.059343
7 0.456321 0.635732 0.039062 0.059343
0 0.074574 0.075126 0.068182 0.077020
2 0.329190 0.955177 0.029119 0.051768
8 0.302912 0.258207 0.039062 0.059343
2 0.942116 0.755682 0.029119 0.051768
2 0.692827 0.501894 0.029119 0.051768
4 0.670099 0.101641 0.039062 0.059343
0 0.791903 0.285985 0.068182 0.077020
5 0.854759 0.749369 0.039062 0.059343
