1 0.066051 0.460227 0.068182 0.077020
7 0.551491 0.717803 0.039062 0.059343
2 0.790128 0.534722 0.029119 0.051768
2 0.684304 0.465278 0.029119 0.051768
0 0.164773 0.745581 0.068182 0.077020
0 0.184659 0.090278 0.068182 0.077020
8 0.783736 0.660985 0.039062 0.059343
2 0.318537 0.857955 0.029119 0.051768
1 0.080966 0.133207 0.068182 0.077020
0 0.060369 0.643308 0.068182 0.077020
0 0.941761 0.500631 0.068182 0.077020
2 0.282315 0.053662 0.029119 0.051768
0 0.458807 0.837753 0.068182 0.077020
5 0.148793 0.529672 0.039062 0.059343
7 0.666548 0.149621 0.039062 0.059343
3 0.814986 0.313763 0.039062 0.059343
2 0.396662 0.258207 0.029119 0.051768
4 0.165838 0.937500 0.039062 0.059343
0 0.915483 0.082702 0.068182 0.077020
3 0.601207 0.086490 0.039062 0.059343
3 0.780895 0.903409 0.039062 0.059343
2 0.143821 0.344066 0.029119 0.051768
8 0.920099 0.644571 0.039062 0.059343
8 0.720526 0.676136 0.039062 0.059343
6 0.471946 0.732955 0.039062 0.059343
1 0.439631 0.524621 0.068182 0.077020
5 0.331321 0.470328 0.039062 0.059343
2 0.276634 0.659722 0.029119 0.051768
1 0.461648 0.049874 0.068182 0.077020
6 0.587003 0.428662 0.039062 0.059343
0 0.681108 0.302399 0.068182 0.077020
0 0.831676 0.154672 0.068182 0.077020
2 0.014560 0.900884 0.029119 0.051768
