7 0.918679 0.097854 0.039062 0.059343
6 0.811435 0.138258 0.039062 0.059343
7 0.337713 0.739268 0.039062 0.059343
4 0.173651 0.701389 0.039062 0.059343
1 0.039773 0.267045 0.068182 0.077020
3 0.314276 0.123106 0.039062 0.059343
1 0.432528 0.318813 0.068182 0.077020
6 0.821378 0.433712 0.039062 0.059343
3 0.818537 0.868056 0.039062 0.059343
3 0.449219 0.763258 0.039062 0.059343
0 0.163352 0.148359 0.068182 0.077020
2 0.015270 0.121843 0.029119 0.051768
5 0.655895 0.154672 0.039062 0.059343
8 0.669389 0.764520 0.039062 0.059343
8 0.818537 0.721591 0.039062 0.059343
7 0.173651 0.275884 0.039062 0.059343
3 0.564986 0.515783 0.039062 0.059343
3 0.037997 0.888258 0.039062 0.059343
8 0.821378 0.231692 0.039062 0.059343
5 0.527344 0.351641 0.039062 0.059343
1 0.715199 0.937500 0.068182 0.077020
6 0.976918 0.552399 0.039062 0.059343
2 0.447798 0.496843 0.029119 0.051768
4 0.590554 0.638258 0.039062 0.059343
8 0.473366 0.104167 0.039062 0.059343
1 0.665483 0.508207 0.068182 0.077020
2 0.591974 0.932449 0.029119 0.051768
2 0.537287 0.062500 0.029119 0.051768
1 0.297585 0.316288 0.068182 0.077020
5 0.723366 0.235480 0.039062 0.059343
4 0.957031 0.297348 0.039062 0.059343
7 0.170810 0.855429 0.039062 0.059343
7 0.045099 0.759470 0.039062 0.059343
8 0.952060 0.966540 0.039062 0.059343
2 0.939986 0.634470 0.029119 0.051768
8 0.067827 0.508207 0.039062 0.059343
1 0.287642 0.902146 0.068182 0.077020
7 0.185724 0.565025 0.039062 0.059343
8 0.467685 0.927399 0.039062 0.059343
