5 0.270241 0.291035 0.039062 0.059343
7 0.974787 0.123106 0.039062 0.059343
8 0.849787 0.369318 0.039062 0.059343
4 0.951349 0.674874 0.039062 0.059343
6 0.661577 0.033460 0.039062 0.059343
1 0.165483 0.912247 0.068182 0.077020
8 0.792259 0.029672 0.039062 0.059343
3 0.077770 0.048611 0.039062 0.059343
2 0.325639 0.932449 0.029119 0.051768
0 0.166193 0.085227 0.068182 0.077020
7 0.145241 0.495581 0.039062 0.059343
4 0.671520 0.294823 0.039062 0.059343
2 0.476918 0.836490 0.029119 0.051768
4 0.412997 0.097854 0.039062 0.059343
8 0.315696 0.436237 0.039062 0.059343
5 0.970526 0.870581 0.039062 0.059343
0 0.575284 0.698864 0.068182 0.077020
3 0.783736 0.913510 0.039062 0.059343
3 0.353338 0.643308 0.039062 0.059343
3 0.153764 0.344066 0.039062 0.059343
4 0.922230 0.537247 0.039062 0.059343
2 0.552912 0.542298 0.029119 0.051768
6 0.074219 0.937500 0.039062 0.059343
7 0.066406 0.316288 0.039062 0.059343
7 0.349077 0.145833 0.039062 0.059343
8 0.713423 0.537247 0.039062 0.059343
6 0.772372 0.724116 0.039062 0.059343
2 0.150923 0.705177 0.029119 0.051768
1 0.590909 0.322601 0.068182 0.077020
0 0.926847 0.333965 0.068182 0.077020
2 0.518111 0.836490 0.029119 0.051768
6 0.696378 0.732955 0.039062 0.059343
0 0.575284 0.057449 0.068182 0.077020
8 0.443537 0.260732 0.039062 0.059343
0 0.801847 0.520833 0.068182 0.077020
8 0.472656 0.648359 0.039062 0.059343
0 0.438920 0.508207 0.068182 0.077020
3 0.038707 0.672348 0.039062 0.059343
