2 0.334162 0.041035 0.029119 0.051768
1 0.056818 0.875631 0.068182 0.077020
8 0.601918 0.330177 0.039062 0.059343
3 0.448509 0.485480 0.039062 0.059343
2 0.197798 0.857955 0.029119 0.051768
3 0.837003 0.493056 0.039062 0.059343
0 0.538352 0.932449 0.068182 0.077020
6 0.449219 0.629419 0.039062 0.059343
1 0.715199 0.046086 0.068182 0.077020
4 0.655185 0.898359 0.039062 0.059343
1 0.534091 0.654672 0.068182 0.077020
1 0.821023 0.927399 0.068182 0.077020
6 0.927202 0.087753 0.039062 0.059343
4 0.151634 0.466540 0.039062 0.059343
3 0.908026 0.859217 0.039062 0.059343
3 0.348366 0.921086 0.039062 0.059343
2 0.805753 0.232955 0.029119 0.051768
8 0.024503 0.436237 0.039062 0.059343
8 0.175781 0.696338 0.039062 0.059343
7 0.039418 0.654672 0.039062 0.059343
8 0.411577 0.940025 0.039062 0.059343
8 0.076349 0.168561 0.039062 0.059343
