0 0.049006 0.293561 0.068182 0.077020
0 0.301136 0.855429 0.068182 0.077020
5 0.910156 0.960227 0.039062 0.059343
0 0.685369 0.323864 0.068182 0.077020
5 0.553622 0.633207 0.039062 0.059343
2 0.024503 0.150884 0.029119 0.051768
5 0.189986 0.682449 0.039062 0.059343
8 0.184304 0.304924 0.039062 0.059343
2 0.430753 0.054924 0.029119 0.051768
4 0.778054 0.282197 0.039062 0.059343
5 0.475497 0.839015 0.039062 0.059343
2 0.647372 0.144571 0.029119 0.051768
6 0.773082 0.136995 0.039062 0.059343
8 0.064276 0.830177 0.039062 0.059343
2 0.539418 0.489268 0.029119 0.051768
3 0.820668 0.532197 0.039062 0.059343
2 0.692827 0.916035 0.029119 0.051768
4 0.914418 0.248106 0.039062 0.059343
7 0.529474 0.282197 0.039062 0.059343
6 0.280185 0.029672 0.039062 0.059343
3 0.040838 0.546086 0.039062 0.059343
7 0.569957 0.888258 0.039062 0.059343
1 0.952415 0.678662 0.068182 0.077020
