3 0.433594 0.356692 0.039062 0.059343
7 0.943537 0.032197 0.039062 0.059343
7 0.071378 0.897096 0.039062 0.059343
5 0.079190 0.636995 0.039062 0.059343
3 0.580611 0.551136 0.039062 0.059343
1 0.058949 0.241793 0.068182 0.077020
8 0.792259 0.941288 0.039062 0.059343
0 0.207386 0.876894 0.068182 0.077020
1 0.294034 0.472854 0.068182 0.077020
7 0.683594 0.455177 0.039062 0.059343
8 0.719105 0.678662 0.039062 0.059343
4 0.177202 0.135732 0.039062 0.059343
1 0.926847 0.753157 0.068182 0.077020
5 0.832741 0.684975 0.039062 0.059343
6 0.338423 0.231692 0.039062 0.059343
2 0.961293 0.957702 0.029119 0.051768
3 0.320668 0.142045 0.039062 0.059343
0 0.821023 0.263258 0.068182 0.077020
7 0.812855 0.518308 0.039062 0.059343
6 0.596946 0.283460 0.039062 0.059343
1 0.958807 0.299874 0.068182 0.077020
6 0.692116 0.058712 0.039062 0.059343
2 0.015270 0.062500 0.029119 0.051768
0 0.682528 0.288510 0.068182 0.077020
3 0.302912 0.727904 0.039062 0.059343
4 0.407315 0.677399 0.039062 0.059343
3 0.399503 0.428662 0.039062 0.059343
7 0.716264 0.852904 0.039062 0.059343
8 0.546520 0.076389 0.039062 0.059343
8 0.520241 0.725379 0.039062 0.059343
0 0.161222 0.301136 0.068182 0.077020
6 0.447088 0.875631 0.039062 0.059343
2 0.567827 0.870581 0.029119 0.051768
3 0.962003 0.543561 0.039062 0.059343
8 0.327770 0.890783 0.039062 0.059343
