2 0.681463 0.261995 0.029119 0.051768
2 0.097656 0.066288 0.029119 0.051768
8 0.145241 0.432449 0.039062 0.059343
2 0.166548 0.916035 0.029119 0.051768
0 0.087358 0.275884 0.068182 0.077020
2 0.530185 0.768308 0.029119 0.051768
3 0.427202 0.669823 0.039062 0.059343
0 0.163352 0.121843 0.068182 0.077020
5 0.552912 0.140783 0.039062 0.059343
3 0.307173 0.567551 0.039062 0.059343
4 0.839134 0.311237 0.039062 0.059343
2 0.535866 0.884470 0.029119 0.051768
8 0.949929 0.476641 0.039062 0.059343
2 0.071378 0.559975 0.029119 0.051768
3 0.342685 0.875631 0.039062 0.059343
2 0.802202 0.148359 0.029119 0.051768
2 0.050071 0.711490 0.029119 0.051768
5 0.303622 0.094066 0.039062 0.059343
1 0.460227 0.892045 0.068182 0.077020
3 0.819247 0.666035 0.039062 0.059343
2 0.408736 0.125631 0.029119 0.051768
8 0.726207 0.952652 0.039062 0.059343
0 0.940341 0.246843 0.068182 0.077020
5 0.187855 0.640783 0.039062 0.059343
3 0.441406 0.484217 0.039062 0.059343
6 0.058594 0.921086 0.039062 0.059343
6 0.900923 0.936237 0.039062 0.059343
4 0.798651 0.931187 0.039062 0.059343
