3 0.283736 0.758207 0.039062 0.059343
2 0.047940 0.546086 0.029119 0.051768
3 0.569247 0.238005 0.039062 0.059343
4 0.670099 0.078914 0.039062 0.059343
0 0.332386 0.929924 0.068182 0.077020
8 0.443537 0.457702 0.039062 0.059343
3 0.210582 0.634470 0.039062 0.059343
8 0.970526 0.306187 0.039062 0.059343
7 0.828480 0.451389 0.039062 0.059343
7 0.164418 0.499369 0.039062 0.059343
1 0.424716 0.921086 0.068182 0.077020
3 0.197798 0.899621 0.039062 0.059343
1 0.579545 0.107955 0.068182 0.077020
2 0.434304 0.355429 0.029119 0.051768
6 0.898793 0.701389 0.039062 0.059343
1 0.300426 0.445076 0.068182 0.077020
6 0.826349 0.086490 0.039062 0.059343
0 0.046165 0.355429 0.068182 0.077020
4 0.937855 0.936237 0.039062 0.059343
6 0.212003 0.138258 0.039062 0.059343
8 0.097656 0.630682 0.039062 0.059343
4 0.413707 0.692551 0.039062 0.059343
0 0.665483 0.277146 0.068182 0.077020
1 0.572443 0.663510 0.068182 0.077020
4 0.297940 0.157197 0.039062 0.059343
3 0.716974 0.765783 0.039062 0.059343
1 0.053977 0.943813 0.068182 0.077020
5 0.774503 0.739268 0.039062 0.059343
4 0.589134 0.513258 0.039062 0.059343
7 0.329901 0.313763 0.039062 0.059343
2 0.394531 0.072601 0.029119 0.051768
