3 0.937855 0.548611 0.039062 0.059343
6 0.449929 0.928662 0.039062 0.059343
5 0.605469 0.966540 0.039062 0.059343
6 0.398082 0.268308 0.039062 0.059343
1 0.678267 0.307449 0.068182 0.077020
3 0.091974 0.275884 0.039062 0.059343
5 0.851207 0.523359 0.039062 0.059343
5 0.665838 0.097854 0.039062 0.059343
4 0.803622 0.716540 0.039062 0.059343
0 0.813210 0.311237 0.068182 0.077020
7 0.333452 0.481692 0.039062 0.059343
2 0.528054 0.431187 0.029119 0.051768
3 0.075639 0.717803 0.039062 0.059343
1 0.959517 0.837753 0.068182 0.077020
1 0.556818 0.047348 0.068182 0.077020
5 0.465554 0.467803 0.039062 0.059343
8 0.166548 0.558712 0.039062 0.059343
5 0.585582 0.275884 0.039062 0.059343
5 0.334872 0.299874 0.039062 0.059343
3 0.539418 0.763258 0.039062 0.059343
1 0.446733 0.644571 0.068182 0.077020
5 0.084162 0.950126 0.039062 0.059343
4 0.297230 0.086490 0.039062 0.059343
7 0.962713 0.110480 0.039062 0.059343
4 0.976918 0.705177 0.039062 0.059343
6 0.457031 0.039773 0.039062 0.059343
7 0.159446 0.744318 0.039062 0.059343
3 0.065696 0.511995 0.039062 0.059343
0 0.794744 0.922348 0.068182 0.077020
3 0.721236 0.828914 0.039062 0.059343
5 0.310724 0.639520 0.039062 0.059343
5 0.770241 0.072601 0.039062 0.059343
6 0.061435 0.075126 0.039062 0.059343
5 0.160866 0.323864 0.039062 0.059343
