1 0.686080 0.868056 0.068182 0.077020
7 0.677912 0.712753 0.039062 0.059343
7 0.905185 0.886995 0.039062 0.059343
6 0.349077 0.962753 0.039062 0.059343
3 0.567116 0.965278 0.039062 0.059343
1 0.439631 0.559975 0.068182 0.077020
1 0.931108 0.062500 0.068182 0.077020
6 0.273082 0.732955 0.039062 0.059343
5 0.686435 0.302399 0.039062 0.059343
4 0.979048 0.726641 0.039062 0.059343
3 0.594105 0.364268 0.039062 0.059343
3 0.717685 0.499369 0.039062 0.059343
3 0.945668 0.566288 0.039062 0.059343
6 0.034446 0.477904 0.039062 0.059343
1 0.423295 0.875631 0.068182 0.077020
4 0.649503 0.110480 0.039062 0.059343
2 0.577060 0.081439 0.029119 0.051768
0 0.174716 0.721591 0.068182 0.077020
7 0.217685 0.557449 0.039062 0.059343
7 0.929332 0.325126 0.039062 0.059343
4 0.060724 0.254419 0.039062 0.059343
