5 0.831321 0.927399 0.039062 0.059343
6 0.593395 0.238005 0.039062 0.059343
2 0.952060 0.037247 0.029119 0.051768
0 0.209517 0.359217 0.068182 0.077020
4 0.726207 0.749369 0.039062 0.059343
7 0.040128 0.322601 0.039062 0.059343
8 0.565696 0.085227 0.039062 0.059343
8 0.347656 0.322601 0.039062 0.059343
5 0.397372 0.499369 0.039062 0.059343
0 0.425426 0.672348 0.068182 0.077020
5 0.065696 0.732955 0.039062 0.059343
2 0.215554 0.703914 0.029119 0.051768
5 0.922230 0.350379 0.039062 0.059343
1 0.574574 0.638258 0.068182 0.077020
5 0.052202 0.860480 0.039062 0.059343
5 0.276634 0.446338 0.039062 0.059343
1 0.662642 0.918561 0.068182 0.077020
3 0.568537 0.500631 0.039062 0.059343
8 0.533026 0.842803 0.039062 0.059343
0 0.318892 0.898359 0.068182 0.077020
8 0.162997 0.869318 0.039062 0.059343
4 0.773793 0.535985 0.039062 0.059343
7 0.834162 0.248106 0.039062 0.059343
3 0.901634 0.515783 0.039062 0.059343
1 0.685369 0.303662 0.068182 0.077020
7 0.910866 0.721591 0.039062 0.059343
6 0.407315 0.342803 0.039062 0.059343
4 0.828480 0.063763 0.039062 0.059343
2 0.143111 0.514520 0.029119 0.051768
