3 0.964844 0.441288 0.039062 0.059343
8 0.297230 0.029672 0.039062 0.059343
6 0.938565 0.302399 0.039062 0.059343
3 0.037997 0.681187 0.039062 0.059343
0 0.831676 0.879419 0.068182 0.077020
8 0.979048 0.158460 0.039062 0.059343
8 0.648793 0.158460 0.039062 0.059343
6 0.542259 0.450126 0.039062 0.059343
6 0.539418 0.932449 0.039062 0.059343
3 0.817827 0.090278 0.039062 0.059343
0 0.181818 0.333965 0.068182 0.077020
1 0.543324 0.753157 0.068182 0.077020
8 0.479048 0.692551 0.039062 0.059343
6 0.901634 0.634470 0.039062 0.059343
4 0.170810 0.916035 0.039062 0.059343
6 0.668679 0.756944 0.039062 0.059343
8 0.406605 0.238005 0.039062 0.059343
3 0.547230 0.356692 0.039062 0.059343
4 0.354048 0.667298 0.039062 0.059343
5 0.722656 0.322601 0.039062 0.059343
2 0.702060 0.500631 0.029119 0.051768
6 0.541548 0.038510 0.039062 0.059343
8 0.230469 0.648359 0.039062 0.059343
1 0.075284 0.100379 0.068182 0.077020
1 0.316761 0.282197 0.068182 0.077020
8 0.434304 0.130682 0.039062 0.059343
8 0.851207 0.460227 0.039062 0.059343
3 0.725497 0.828914 0.039062 0.059343
3 0.168679 0.119318 0.039062 0.059343
4 0.019531 0.294823 0.039062 0.059343
7 0.924361 0.900884 0.039062 0.059343
6 0.408736 0.912247 0.039062 0.059343
4 0.355469 0.546086 0.039062 0.059343
0 0.048295 0.940025 0.068182 0.077020
6 0.320668 0.857955 0.039062 0.059343
1 0.051847 0.494318 0.068182 0.077020
5 0.778764 0.326389 0.039062 0.059343
8 0.843395 0.636995 0.039062 0.059343
5 0.153054 0.433712 0.039062 0.059343
