8 0.589844 0.529672 0.039062 0.059343
3 0.171520 0.275884 0.039062 0.059343
3 0.057884 0.870581 0.039062 0.059343
5 0.433594 0.674874 0.039062 0.059343
7 0.468395 0.549874 0.039062 0.059343
7 0.657315 0.318813 0.039062 0.059343
5 0.841264 0.248106 0.039062 0.059343
1 0.438210 0.138258 0.068182 0.077020
0 0.172585 0.078914 0.068182 0.077020
3 0.094815 0.053662 0.039062 0.059343
6 0.944957 0.754419 0.039062 0.059343
4 0.321378 0.308712 0.039062 0.059343
4 0.778054 0.716540 0.039062 0.059343
4 0.701349 0.067551 0.039062 0.059343
2 0.233310 0.833965 0.029119 0.051768
2 0.552202 0.072601 0.029119 0.051768
7 0.955611 0.860480 0.039062 0.059343
5 0.670810 0.940025 0.039062 0.059343
7 0.708452 0.676136 0.039062 0.059343
0 0.329545 0.857955 0.068182 0.077020
7 0.786577 0.534722 0.039062 0.059343
0 0.947443 0.556187 0.068182 0.077020
4 0.772372 0.083965 0.039062 0.059343
0 0.581676 0.947601 0.068182 0.077020
3 0.278764 0.539773 0.039062 0.059343
6 0.201349 0.724116 0.039062 0.059343
0 0.438920 0.249369 0.068182 0.077020
2 0.913707 0.101641 0.029119 0.051768
4 0.398082 0.926136 0.039062 0.059343
5 0.202770 0.515783 0.039062 0.059343
1 0.044744 0.452652 0.068182 0.077020
8 0.525213 0.243056 0.039062 0.059343
0 0.917614 0.299874 0.068182 0.077020
8 0.347656 0.057449 0.039062 0.059343
8 0.301491 0.720328 0.039062 0.059343
0 0.571733 0.700126 0.068182 0.077020
8 0.021662 0.693813 0.039062 0.059343
7 0.024503 0.366793 0.039062 0.059343
1 0.688210 0.532197 0.068182 0.077020
1 0.828835 0.914773 0.068182 0.077020
