2 0.273082 0.038510 0.029119 0.051768
4 0.146662 0.331439 0.039062 0.059343
2 0.780895 0.288510 0.029119 0.051768
3 0.930753 0.712753 0.039062 0.059343
8 0.712003 0.351641 0.039062 0.059343
3 0.709872 0.886995 0.039062 0.059343
8 0.447798 0.885732 0.039062 0.059343
5 0.547230 0.726641 0.039062 0.059343
3 0.591974 0.899621 0.039062 0.059343
8 0.352628 0.462753 0.039062 0.059343
6 0.567827 0.464015 0.039062 0.059343
2 0.851207 0.961490 0.029119 0.051768
4 0.537997 0.121843 0.039062 0.059343
3 0.212003 0.940025 0.039062 0.059343
1 0.448153 0.672348 0.068182 0.077020
0 0.409091 0.520833 0.068182 0.077020
6 0.944957 0.166035 0.039062 0.059343
0 0.669744 0.519571 0.068182 0.077020
3 0.471946 0.111742 0.039062 0.059343
6 0.432173 0.296086 0.039062 0.059343
4 0.835582 0.101641 0.039062 0.059343
7 0.923651 0.272096 0.039062 0.059343
4 0.698509 0.717803 0.039062 0.059343
7 0.088423 0.120581 0.039062 0.059343
8 0.305043 0.716540 0.039062 0.059343
8 0.665128 0.071338 0.039062 0.059343
5 0.069247 0.750631 0.039062 0.059343
0 0.943892 0.514520 0.068182 0.077020
8 0.035156 0.839015 0.039062 0.059343
4 0.354759 0.359217 0.039062 0.059343
3 0.071378 0.433712 0.039062 0.059343
