1 0.551847 0.307449 0.068182 0.077020
5 0.035156 0.063763 0.039062 0.059343
7 0.824219 0.279672 0.039062 0.059343
5 0.439276 0.071338 0.039062 0.059343
0 0.965199 0.686237 0.068182 0.077020
2 0.690696 0.241793 0.029119 0.051768
7 0.957741 0.059975 0.039062 0.059343
3 0.397372 0.292298 0.039062 0.059343
3 0.047940 0.448864 0.039062 0.059343
3 0.583452 0.130682 0.039062 0.059343
3 0.394531 0.638258 0.039062 0.059343
7 0.057884 0.879419 0.039062 0.059343
3 0.181463 0.628157 0.039062 0.059343
0 0.821023 0.948864 0.068182 0.077020
4 0.834872 0.684975 0.039062 0.059343
4 0.533736 0.671086 0.039062 0.059343
1 0.178977 0.294823 0.068182 0.077020
1 0.196733 0.496843 0.068182 0.077020
3 0.648793 0.051136 0.039062 0.059343
4 0.318537 0.683712 0.039062 0.059343
4 0.020952 0.364268 0.039062 0.059343
