5 0.530895 0.063763 0.039062 0.059343
2 0.532315 0.298611 0.029119 0.051768
1 0.181818 0.279672 0.068182 0.077020
7 0.473366 0.908460 0.039062 0.059343
0 0.797585 0.746843 0.068182 0.077020
2 0.145952 0.948864 0.029119 0.051768
7 0.726918 0.268308 0.039062 0.059343
3 0.680043 0.065025 0.039062 0.059343
6 0.589134 0.460227 0.039062 0.059343
6 0.428622 0.748106 0.039062 0.059343
3 0.270241 0.104167 0.039062 0.059343
3 0.033736 0.546086 0.039062 0.059343
4 0.644531 0.547348 0.039062 0.059343
8 0.211293 0.739268 0.039062 0.059343
5 0.329901 0.518308 0.039062 0.059343
3 0.296520 0.307449 0.039062 0.059343
6 0.475497 0.283460 0.039062 0.059343
0 0.942472 0.102904 0.068182 0.077020
4 0.547940 0.883207 0.039062 0.059343
5 0.684304 0.706439 0.039062 0.059343
8 0.837003 0.076389 0.039062 0.059343
2 0.354759 0.835227 0.029119 0.051768
3 0.423651 0.162247 0.039062 0.059343
1 0.200994 0.476641 0.068182 0.077020
8 0.776634 0.918561 0.039062 0.059343
2 0.107599 0.668561 0.029119 0.051768
