4 0.538707 0.268308 0.039062 0.059343
7 0.896662 0.544823 0.039062 0.059343
0 0.039773 0.645833 0.068182 0.077020
6 0.932173 0.866793 0.039062 0.059343
8 0.096236 0.239268 0.039062 0.059343
6 0.215554 0.732955 0.039062 0.059343
6 0.278764 0.352904 0.039062 0.059343
1 0.045455 0.926136 0.068182 0.077020
7 0.653764 0.293561 0.039062 0.059343
6 0.188565 0.894571 0.039062 0.059343
3 0.785156 0.650884 0.039062 0.059343
0 0.417614 0.870581 0.068182 0.077020
7 0.325639 0.880682 0.039062 0.059343
1 0.811790 0.090278 0.068182 0.077020
7 0.275923 0.105429 0.039062 0.059343
6 0.587003 0.629419 0.039062 0.059343
5 0.714134 0.931187 0.039062 0.059343
1 0.295455 0.515783 0.068182 0.077020
2 0.429332 0.705177 0.029119 0.051768
7 0.844815 0.328914 0.039062 0.059343
3 0.027344 0.054924 0.039062 0.059343
7 0.902344 0.697601 0.039062 0.059343
2 0.780895 0.532197 0.029119 0.051768
5 0.300781 0.711490 0.039062 0.059343
2 0.683594 0.720328 0.029119 0.051768
4 0.420099 0.490530 0.039062 0.059343
4 0.162287 0.140783 0.039062 0.059343
3 0.698509 0.456439 0.039062 0.059343
1 0.440341 0.065025 0.068182 0.077020
4 0.457031 0.287247 0.039062 0.059343
