7 0.554332 0.097854 0.039062 0.059343
3 0.935724 0.116793 0.039062 0.059343
6 0.585582 0.750631 0.039062 0.059343
1 0.678977 0.462753 0.068182 0.077020
1 0.063210 0.238005 0.068182 0.077020
3 0.351918 0.498106 0.039062 0.059343
5 0.560014 0.871843 0.039062 0.059343
7 0.519531 0.528409 0.039062 0.059343
1 0.423295 0.921086 0.068182 0.077020
2 0.805043 0.712753 0.029119 0.051768
8 0.655185 0.927399 0.039062 0.059343
5 0.425071 0.735480 0.039062 0.059343
8 0.219105 0.908460 0.039062 0.059343
1 0.036222 0.090278 0.068182 0.077020
8 0.081321 0.885732 0.039062 0.059343
0 0.420455 0.128157 0.068182 0.077020
0 0.190341 0.751894 0.068182 0.077020
3 0.903764 0.690025 0.039062 0.059343
3 0.162997 0.100379 0.039062 0.059343
8 0.303622 0.133207 0.039062 0.059343
6 0.937855 0.548611 0.039062 0.059343
6 0.443537 0.552399 0.039062 0.059343
8 0.060724 0.690025 0.039062 0.059343
4 0.807884 0.341540 0.039062 0.059343
