8 0.192827 0.346591 0.039062 0.059343
8 0.438565 0.767045 0.039062 0.059343
2 0.769531 0.921086 0.029119 0.051768
6 0.077060 0.836490 0.039062 0.059343
5 0.854048 0.104167 0.039062 0.059343
6 0.533026 0.445076 0.039062 0.059343
3 0.294389 0.123106 0.039062 0.059343
1 0.081676 0.488005 0.068182 0.077020
7 0.551491 0.244318 0.039062 0.059343
3 0.547940 0.695076 0.039062 0.059343
5 0.675781 0.113005 0.039062 0.059343
8 0.790838 0.261995 0.039062 0.059343
8 0.817116 0.659722 0.039062 0.059343
0 0.423295 0.895833 0.068182 0.077020
0 0.956676 0.495581 0.068182 0.077020
3 0.100497 0.240530 0.039062 0.059343
3 0.969815 0.751894 0.039062 0.059343
8 0.159446 0.874369 0.039062 0.059343
8 0.327060 0.732955 0.039062 0.059343
8 0.705611 0.293561 0.039062 0.059343
8 0.896662 0.921086 0.039062 0.059343
1 0.688920 0.839015 0.068182 0.077020
5 0.080611 0.673611 0.039062 0.059343
0 0.196023 0.140783 0.068182 0.077020
