5 0.966974 0.076389 0.039062 0.059343
3 0.851207 0.967803 0.039062 0.059343
4 0.662287 0.868056 0.039062 0.059343
4 0.078480 0.905934 0.039062 0.059343
8 0.837713 0.452652 0.039062 0.059343
8 0.589134 0.964015 0.039062 0.059343
5 0.180043 0.039773 0.039062 0.059343
6 0.033736 0.337753 0.039062 0.059343
1 0.828835 0.657197 0.068182 0.077020
4 0.031605 0.087753 0.039062 0.059343
2 0.403764 0.561237 0.029119 0.051768
8 0.276634 0.250631 0.039062 0.059343
5 0.940696 0.672348 0.039062 0.059343
1 0.953835 0.900884 0.068182 0.077020
2 0.556463 0.229167 0.029119 0.051768
0 0.191761 0.914773 0.068182 0.077020
5 0.530895 0.049874 0.039062 0.059343
5 0.853338 0.043561 0.039062 0.059343
1 0.421165 0.291035 0.068182 0.077020
5 0.452770 0.650884 0.039062 0.059343
1 0.325284 0.957702 0.068182 0.077020
1 0.203835 0.311237 0.068182 0.077020
