6 0.442116 0.705177 0.039062 0.059343
2 0.096946 0.908460 0.029119 0.051768
2 0.342685 0.630682 0.029119 0.051768
5 0.041548 0.058712 0.039062 0.059343
1 0.804688 0.695076 0.068182 0.077020
5 0.097656 0.330177 0.039062 0.059343
3 0.290128 0.489268 0.039062 0.059343
2 0.410156 0.551136 0.029119 0.051768
1 0.789773 0.289773 0.068182 0.077020
6 0.286577 0.077652 0.039062 0.059343
8 0.555043 0.071338 0.039062 0.059343
6 0.595526 0.461490 0.039062 0.059343
5 0.579901 0.863005 0.039062 0.059343
8 0.163707 0.537247 0.039062 0.059343
4 0.963423 0.567551 0.039062 0.059343
6 0.194957 0.140783 0.039062 0.059343
4 0.218395 0.910985 0.039062 0.059343
1 0.914773 0.905934 0.068182 0.077020
7 0.074929 0.489268 0.039062 0.059343
8 0.153764 0.705177 0.039062 0.059343
2 0.963423 0.282197 0.029119 0.051768
8 0.660866 0.083965 0.039062 0.059343
5 0.545810 0.248106 0.039062 0.059343
0 0.299006 0.869318 0.068182 0.077020
8 0.709162 0.264520 0.039062 0.059343
4 0.086293 0.640783 0.039062 0.059343
