5 0.704901 0.878157 0.039062 0.059343
8 0.183594 0.440025 0.039062 0.059343
3 0.676491 0.518308 0.039062 0.059343
6 0.403054 0.152146 0.039062 0.059343
7 0.902344 0.104167 0.039062 0.059343
7 0.558594 0.347854 0.039062 0.059343
7 0.307173 0.125631 0.039062 0.059343
4 0.553622 0.690025 0.039062 0.059343
6 0.101918 0.258207 0.039062 0.059343
0 0.437500 0.437500 0.068182 0.077020
5 0.024503 0.150884 0.039062 0.059343
2 0.604759 0.443813 0.029119 0.051768
5 0.543679 0.044823 0.039062 0.059343
8 0.351918 0.932449 0.039062 0.059343
6 0.346946 0.708965 0.039062 0.059343
7 0.912997 0.673611 0.039062 0.059343
1 0.323153 0.445076 0.068182 0.077020
0 0.799006 0.321338 0.068182 0.077020
5 0.411577 0.629419 0.039062 0.059343
6 0.966974 0.942551 0.039062 0.059343
3 0.273082 0.256944 0.039062 0.059343
4 0.207741 0.345328 0.039062 0.059343
8 0.182884 0.751894 0.039062 0.059343
0 0.680398 0.085227 0.068182 0.077020
3 0.903764 0.551136 0.039062 0.059343
6 0.054332 0.907197 0.039062 0.059343
7 0.814986 0.466540 0.039062 0.059343
3 0.927202 0.244318 0.039062 0.059343
5 0.460582 0.264520 0.039062 0.059343
4 0.457031 0.962753 0.039062 0.059343
