3 0.167259 0.277146 0.039062 0.059343
7 0.785866 0.433712 0.039062 0.059343
2 0.911577 0.075126 0.029119 0.051768
2 0.420810 0.672348 0.029119 0.051768
0 0.583097 0.720328 0.068182 0.077020
0 0.455966 0.942551 0.068182 0.077020
1 0.705256 0.070076 0.068182 0.077020
3 0.316406 0.078914 0.039062 0.059343
4 0.564986 0.527146 0.039062 0.059343
6 0.292969 0.869318 0.039062 0.059343
6 0.069247 0.888258 0.039062 0.059343
4 0.087003 0.758207 0.039062 0.059343
5 0.432173 0.241793 0.039062 0.059343
0 0.200994 0.551136 0.068182 0.077020
3 0.083452 0.331439 0.039062 0.059343
3 0.949929 0.638258 0.039062 0.059343
2 0.692827 0.563763 0.029119 0.051768
3 0.820668 0.134470 0.039062 0.059343
3 0.304332 0.347854 0.039062 0.059343
2 0.846236 0.642045 0.029119 0.051768
5 0.404474 0.116793 0.039062 0.059343
1 0.083807 0.471591 0.068182 0.077020
6 0.145952 0.037247 0.039062 0.059343
6 0.523793 0.922348 0.039062 0.059343
6 0.908026 0.964015 0.039062 0.059343
0 0.200994 0.686237 0.068182 0.077020
