1 0.075284 0.687500 0.068182 0.077020
4 0.950639 0.730429 0.039062 0.059343
4 0.433594 0.432449 0.039062 0.059343
2 0.286577 0.369318 0.029119 0.051768
7 0.675781 0.445076 0.039062 0.059343
2 0.831321 0.456439 0.029119 0.051768
6 0.707741 0.345328 0.039062 0.059343
7 0.672940 0.956439 0.039062 0.059343
0 0.330966 0.842803 0.068182 0.077020
6 0.209872 0.240530 0.039062 0.059343
5 0.078480 0.152146 0.039062 0.059343
3 0.913707 0.148359 0.039062 0.059343
1 0.310369 0.743056 0.068182 0.077020
3 0.787287 0.368056 0.039062 0.059343
0 0.943892 0.866793 0.068182 0.077020
0 0.715199 0.128157 0.068182 0.077020
3 0.072798 0.874369 0.039062 0.059343
2 0.221946 0.446338 0.029119 0.051768
5 0.074929 0.448864 0.039062 0.059343
3 0.162997 0.039773 0.039062 0.059343
6 0.417259 0.299874 0.039062 0.059343
4 0.551491 0.921086 0.039062 0.059343
5 0.339844 0.152146 0.039062 0.059343
2 0.084162 0.304924 0.029119 0.051768
4 0.562145 0.552399 0.039062 0.059343
0 0.174006 0.957702 0.068182 0.077020
0 0.422585 0.863005 0.068182 0.077020
