2 0.942116 0.485480 0.029119 0.051768
3 0.960582 0.133207 0.039062 0.059343
4 0.025213 0.126894 0.039062 0.059343
0 0.422585 0.246843 0.068182 0.077020
5 0.354759 0.465278 0.039062 0.059343
7 0.579901 0.357955 0.039062 0.059343
8 0.219815 0.278409 0.039062 0.059343
6 0.773793 0.703914 0.039062 0.059343
7 0.909446 0.676136 0.039062 0.059343
7 0.723366 0.537247 0.039062 0.059343
5 0.464134 0.666035 0.039062 0.059343
4 0.396662 0.058712 0.039062 0.059343
0 0.828835 0.333965 0.068182 0.077020
3 0.675781 0.844066 0.039062 0.059343
7 0.698509 0.131944 0.039062 0.059343
8 0.020241 0.955177 0.039062 0.059343
1 0.808239 0.864268 0.068182 0.077020
2 0.727628 0.308712 0.029119 0.051768
3 0.202770 0.714015 0.039062 0.059343
4 0.329901 0.107955 0.039062 0.059343
7 0.917969 0.952652 0.039062 0.059343
8 0.059304 0.743056 0.039062 0.059343
5 0.281605 0.691288 0.039062 0.059343
3 0.073509 0.448864 0.039062 0.059343
1 0.813920 0.532197 0.068182 0.077020
0 0.427557 0.542298 0.068182 0.077020
7 0.532315 0.056187 0.039062 0.059343
5 0.025923 0.366793 0.039062 0.059343
3 0.317827 0.258207 0.039062 0.059343
6 0.585582 0.743056 0.039062 0.059343
8 0.304332 0.903409 0.039062 0.059343
5 0.691406 0.672348 0.039062 0.059343
3 0.580611 0.908460 0.039062 0.059343
5 0.570668 0.485480 0.039062 0.059343
5 0.166548 0.827652 0.039062 0.059343
7 0.212713 0.542298 0.039062 0.059343
6 0.807884 0.149621 0.039062 0.059343
6 0.431463 0.870581 0.039062 0.059343
6 0.942827 0.352904 0.039062 0.059343
