2 0.441406 0.864268 0.029119 0.051768
1 0.792614 0.524621 0.068182 0.077020
6 0.163707 0.513258 0.039062 0.059343
4 0.944247 0.950126 0.039062 0.059343
5 0.683594 0.471591 0.039062 0.059343
3 0.230469 0.118056 0.039062 0.059343
8 0.955611 0.139520 0.039062 0.059343
4 0.083452 0.690025 0.039062 0.059343
7 0.979048 0.323864 0.039062 0.059343
1 0.306108 0.736742 0.068182 0.077020
2 0.731889 0.238005 0.029119 0.051768
1 0.090909 0.923611 0.068182 0.077020
0 0.458097 0.509470 0.068182 0.077020
8 0.344815 0.095328 0.039062 0.059343
4 0.167259 0.755682 0.039062 0.059343
5 0.083452 0.345328 0.039062 0.059343
8 0.577060 0.428662 0.039062 0.059343
3 0.294389 0.863005 0.039062 0.059343
0 0.938920 0.697601 0.068182 0.077020
7 0.339844 0.437500 0.039062 0.059343
8 0.581321 0.279672 0.039062 0.059343
4 0.729048 0.883207 0.039062 0.059343
3 0.527344 0.922348 0.039062 0.059343
3 0.060724 0.059975 0.039062 0.059343
1 0.789773 0.888258 0.068182 0.077020
1 0.831676 0.283460 0.068182 0.077020
1 0.429688 0.304924 0.068182 0.077020
0 0.083807 0.477904 0.068182 0.077020
