8 0.342685 0.331439 0.039062 0.059343
2 0.154474 0.946338 0.029119 0.051768
6 0.465554 0.664773 0.039062 0.059343
7 0.464844 0.321338 0.039062 0.059343
3 0.048651 0.654672 0.039062 0.059343
4 0.316406 0.543561 0.039062 0.059343
7 0.540128 0.892045 0.039062 0.059343
6 0.779474 0.553662 0.039062 0.059343
2 0.201349 0.232955 0.029119 0.051768
7 0.787287 0.104167 0.039062 0.059343
2 0.307884 0.671086 0.029119 0.051768
8 0.939276 0.100379 0.039062 0.059343
5 0.928622 0.450126 0.039062 0.059343
6 0.056463 0.356692 0.039062 0.059343
5 0.277344 0.162247 0.039062 0.059343
5 0.540128 0.289773 0.039062 0.059343
7 0.560014 0.061237 0.039062 0.059343
8 0.721236 0.519571 0.039062 0.059343
8 0.064986 0.556187 0.039062 0.059343
4 0.217685 0.666035 0.039062 0.059343
5 0.798651 0.304924 0.039062 0.059343
4 0.917259 0.712753 0.039062 0.059343
1 0.818182 0.909722 0.068182 0.077020
8 0.905185 0.285985 0.039062 0.059343
2 0.194247 0.467803 0.029119 0.051768
2 0.429332 0.971591 0.029119 0.051768
7 0.561435 0.509470 0.039062 0.059343
1 0.665483 0.945076 0.068182 0.077020
1 0.559659 0.658460 0.068182 0.077020
6 0.915838 0.886995 0.039062 0.059343
