4 0.228338 0.677399 0.039062 0.059343
0 0.294034 0.898359 0.068182 0.077020
2 0.775213 0.750631 0.029119 0.051768
3 0.452770 0.678662 0.039062 0.059343
2 0.317116 0.041035 0.029119 0.051768
5 0.714844 0.166035 0.039062 0.059343
5 0.459872 0.073864 0.039062 0.059343
1 0.680398 0.955177 0.068182 0.077020
7 0.934304 0.559975 0.039062 0.059343
6 0.292969 0.251894 0.039062 0.059343
4 0.196378 0.519571 0.039062 0.059343
0 0.710227 0.666035 0.068182 0.077020
2 0.598366 0.347854 0.029119 0.051768
5 0.941406 0.238005 0.039062 0.059343
7 0.195668 0.864268 0.039062 0.059343
1 0.039773 0.106692 0.068182 0.077020
3 0.415128 0.259470 0.039062 0.059343
3 0.062855 0.566288 0.039062 0.059343
5 0.527344 0.495581 0.039062 0.059343
0 0.965199 0.652146 0.068182 0.077020
7 0.840554 0.453914 0.039062 0.059343
1 0.710227 0.284722 0.068182 0.077020
7 0.910866 0.142045 0.039062 0.059343
1 0.796165 0.094066 0.068182 0.077020
6 0.161577 0.288510 0.039062 0.059343
3 0.175071 0.102904 0.039062 0.059343
1 0.073153 0.328914 0.068182 0.077020
8 0.525923 0.719066 0.039062 0.059343
6 0.572088 0.918561 0.039062 0.059343
3 0.447088 0.482955 0.039062 0.059343
