3 0.944247 0.107955 0.039062 0.059343
7 0.446378 0.147096 0.039062 0.059343
1 0.661222 0.895833 0.068182 0.077020
4 0.921520 0.524621 0.039062 0.059343
0 0.583097 0.527146 0.068182 0.077020
1 0.683239 0.438763 0.068182 0.077020
8 0.229048 0.037247 0.039062 0.059343
1 0.803267 0.898359 0.068182 0.077020
7 0.278764 0.688763 0.039062 0.059343
1 0.548295 0.913510 0.068182 0.077020
1 0.921875 0.333965 0.068182 0.077020
2 0.903764 0.655934 0.029119 0.051768
2 0.530895 0.067551 0.029119 0.051768
8 0.199219 0.234217 0.039062 0.059343
7 0.520241 0.278409 0.039062 0.059343
0 0.442472 0.317551 0.068182 0.077020
0 0.191051 0.857955 0.068182 0.077020
5 0.648793 0.351641 0.039062 0.059343
8 0.896662 0.899621 0.039062 0.059343
4 0.171520 0.658460 0.039062 0.059343
3 0.042259 0.126894 0.039062 0.059343
7 0.822798 0.552399 0.039062 0.059343
4 0.833452 0.157197 0.039062 0.059343
0 0.079545 0.926136 0.068182 0.077020
0 0.047585 0.476641 0.068182 0.077020
7 0.087003 0.745581 0.039062 0.059343
8 0.453480 0.515783 0.039062 0.059343
8 0.203480 0.488005 0.039062 0.059343
2 0.711293 0.105429 0.029119 0.051768
1 0.465909 0.660985 0.068182 0.077020
3 0.453480 0.849116 0.039062 0.059343
2 0.312855 0.267045 0.029119 0.051768
1 0.288352 0.922348 0.068182 0.077020
8 0.787287 0.346591 0.039062 0.059343
7 0.689276 0.743056 0.039062 0.059343
5 0.829190 0.717803 0.039062 0.059343
